id,fake,real
TEST_00000,0.222498819231987,0.9206878542900085
TEST_00001,0.0820382684469223,0.8931452035903931
TEST_00002,0.1300797313451767,0.937201976776123
TEST_00003,0.002339041791856289,0.9990532994270325
TEST_00004,0.0008345306850969791,0.998989999294281
TEST_00005,0.010452264919877052,0.9989742040634155
TEST_00006,0.02597678266465664,0.9956057667732239
TEST_00007,0.005503377877175808,0.9985724687576294
TEST_00008,0.0038698059506714344,0.9890316128730774
TEST_00009,0.2119951695203781,0.9103770852088928
TEST_00010,0.9965376853942871,0.9146856665611267
TEST_00011,0.0017940531251952052,0.9998353719711304
TEST_00012,0.015220972709357738,0.16955281794071198
TEST_00013,0.0012047883355990052,0.9996001124382019
TEST_00014,0.030451111495494843,0.9018136858940125
TEST_00015,0.03173748031258583,0.9981309771537781
TEST_00016,0.0037476790603250265,0.9975027441978455
TEST_00017,0.0008317133178934455,0.9997574687004089
TEST_00018,0.045687612146139145,0.9082850217819214
TEST_00019,0.04132501035928726,0.9831570982933044
TEST_00020,0.003350891638547182,0.9983318448066711
TEST_00021,0.43893885612487793,0.898558497428894
TEST_00022,0.0043353429064154625,0.995690643787384
TEST_00023,0.04411140829324722,0.9269020557403564
TEST_00024,0.8255918025970459,0.08431349694728851
TEST_00025,0.017727578058838844,0.9811046719551086
TEST_00026,1.39379676511453e-06,0.998784601688385
TEST_00027,0.0015720213996246457,0.9991969466209412
TEST_00028,0.01020480040460825,0.9963575005531311
TEST_00029,0.20087496936321259,0.5428668260574341
TEST_00030,0.0014436306664720178,0.979848325252533
TEST_00031,0.05727608501911163,0.9430552124977112
TEST_00032,0.09108148515224457,0.8895246386528015
TEST_00033,0.00787813775241375,0.9986097812652588
TEST_00034,0.9818788170814514,0.01613694429397583
TEST_00035,0.09513197839260101,0.8638167977333069
TEST_00036,0.09463208168745041,0.4230020046234131
TEST_00037,0.001103143789805472,0.9969471096992493
TEST_00038,0.0017169382190331817,0.9978420734405518
TEST_00039,0.7303944230079651,0.9192165732383728
TEST_00040,0.0028417743742465973,0.9924311637878418
TEST_00041,0.006374361924827099,0.9917980432510376
TEST_00042,0.009817819111049175,0.923041045665741
TEST_00043,0.00918207410722971,0.997649610042572
TEST_00044,0.02877930738031864,0.9544835090637207
TEST_00045,0.08236242830753326,0.95125412940979
TEST_00046,0.04774943366646767,0.8917026519775391
TEST_00047,0.013368329033255577,0.9618072509765625
TEST_00048,0.0038258612621575594,0.9941413998603821
TEST_00049,0.0031202398240566254,0.9857877492904663
TEST_00050,0.005368722137063742,0.9514340758323669
TEST_00051,0.012399803847074509,0.9977070093154907
TEST_00052,0.4284556806087494,0.5567851662635803
TEST_00053,0.042919956147670746,0.7418633103370667
TEST_00054,0.0452478788793087,0.9996415376663208
TEST_00055,0.06099231541156769,0.9598693251609802
TEST_00056,0.0008797487244009972,0.9989140033721924
TEST_00057,0.0013497015461325645,0.9981574416160583
TEST_00058,0.03215809166431427,0.9035094380378723
TEST_00059,0.042004600167274475,0.8686003684997559
TEST_00060,0.004414590075612068,0.9957159161567688
TEST_00061,0.03214418143033981,0.9873611927032471
TEST_00062,0.05549600347876549,0.6672472953796387
TEST_00063,0.048947785049676895,0.3582974076271057
TEST_00064,0.010455120354890823,0.9758650064468384
TEST_00065,0.013099344447255135,0.984373927116394
TEST_00066,0.6374693512916565,0.9115216732025146
TEST_00067,0.05292310193181038,0.9433830380439758
TEST_00068,0.020326416939496994,0.9650254249572754
TEST_00069,0.9958823919296265,0.003472138661891222
TEST_00070,0.35412007570266724,0.8134282231330872
TEST_00071,0.0043978155590593815,0.976132333278656
TEST_00072,0.0009465204202570021,0.9983375072479248
TEST_00073,0.0006425868486985564,0.9963616728782654
TEST_00074,0.04834689572453499,0.7604509592056274
TEST_00075,0.02867213264107704,0.9968395233154297
TEST_00076,0.13052502274513245,0.8650782108306885
TEST_00077,0.008343826979398727,0.9905785918235779
TEST_00078,0.012679172679781914,0.9864645004272461
TEST_00079,0.9996402263641357,1.1983964213868603e-05
TEST_00080,0.0331389382481575,0.9894185662269592
TEST_00081,0.39840617775917053,0.9934983253479004
TEST_00082,0.01417574379593134,0.9516010880470276
TEST_00083,0.0383952334523201,0.9102007150650024
TEST_00084,0.5646926760673523,0.43968436121940613
TEST_00085,0.00462346663698554,0.9975332021713257
TEST_00086,0.005776589270681143,0.9898934960365295
TEST_00087,0.08457611501216888,0.9614027142524719
TEST_00088,0.009982152841985226,0.9986973404884338
TEST_00089,0.011818214319646358,0.9597238302230835
TEST_00090,0.0018183656502515078,0.9770070314407349
TEST_00091,0.01956023834645748,0.9859386086463928
TEST_00092,0.22031046450138092,0.9728373289108276
TEST_00093,0.05349864065647125,0.9181385636329651
TEST_00094,0.03853011503815651,0.9976477026939392
TEST_00095,0.6329253911972046,0.9735082983970642
TEST_00096,0.0011999278794974089,0.9872720837593079
TEST_00097,0.005688810721039772,0.9995259046554565
TEST_00098,0.5920124650001526,0.1516205072402954
TEST_00099,0.009262091480195522,0.8542928099632263
TEST_00100,0.7595486044883728,0.7156092524528503
TEST_00101,0.013425039127469063,0.9840144515037537
TEST_00102,0.034769102931022644,0.9687680602073669
TEST_00103,0.24066324532032013,0.8915571570396423
TEST_00104,0.002503804862499237,0.9972221851348877
TEST_00105,0.006152426823973656,0.9900632500648499
TEST_00106,0.004616949241608381,0.998530387878418
TEST_00107,0.18782939016819,0.2099168449640274
TEST_00108,0.6702213883399963,0.9803613424301147
TEST_00109,0.0004101439844816923,0.999977707862854
TEST_00110,0.023773090913891792,0.9953455328941345
TEST_00111,0.038083430379629135,0.7446644306182861
TEST_00112,0.0020605146419256926,0.9870539307594299
TEST_00113,0.004068334586918354,0.9893503785133362
TEST_00114,0.0753842443227768,0.7255112528800964
TEST_00115,0.0023487077560275793,0.9910282492637634
TEST_00116,0.11083003133535385,0.4149000644683838
TEST_00117,0.12318085134029388,0.9569762945175171
TEST_00118,0.01867128536105156,0.9817943572998047
TEST_00119,0.0005400476511567831,0.9985137581825256
TEST_00120,0.023184869438409805,0.9780676960945129
TEST_00121,0.0023658324498683214,0.9986820816993713
TEST_00122,0.9998453855514526,0.0023888396099209785
TEST_00123,0.01670556515455246,0.9375799298286438
TEST_00124,0.007971826940774918,0.985577404499054
TEST_00125,0.33177995681762695,0.9023457765579224
TEST_00126,0.006993214599788189,0.9888644218444824
TEST_00127,0.026691222563385963,0.9078332781791687
TEST_00128,0.04778211936354637,0.8961735963821411
TEST_00129,0.042641475796699524,0.9925070405006409
TEST_00130,0.04872298240661621,0.8810877203941345
TEST_00131,0.013802620582282543,0.9987505674362183
TEST_00132,0.024399833753705025,0.9946998357772827
TEST_00133,0.04723477363586426,0.9913647174835205
TEST_00134,0.02375563234090805,0.997171938419342
TEST_00135,0.013094024732708931,0.9993870258331299
TEST_00136,0.009096050634980202,0.9768527746200562
TEST_00137,0.2038649022579193,0.9973108768463135
TEST_00138,0.00936172530055046,0.9948174357414246
TEST_00139,0.005106587428599596,0.9946079254150391
TEST_00140,0.9310293793678284,0.9978420734405518
TEST_00141,0.06761925667524338,0.9954820871353149
TEST_00142,0.10602234303951263,0.9532576203346252
TEST_00143,0.3152368664741516,0.8775724768638611
TEST_00144,0.0012579819886013865,0.9865830540657043
TEST_00145,0.034878212958574295,0.9779821634292603
TEST_00146,0.0541064590215683,0.11114262789487839
TEST_00147,0.0020942040719091892,0.9852868318557739
TEST_00148,0.008420080877840519,0.9990125894546509
TEST_00149,0.021732548251748085,0.9977758526802063
TEST_00150,0.0014236883725970984,0.9961211085319519
TEST_00151,0.09504114091396332,0.9090248942375183
TEST_00152,0.059742867946624756,0.9997619986534119
TEST_00153,0.005857941694557667,0.9962756633758545
TEST_00154,0.01072132121771574,0.9093673229217529
TEST_00155,0.34550952911376953,0.4990960657596588
TEST_00156,0.0019327555783092976,0.9918639659881592
TEST_00157,0.009676496498286724,0.9973871111869812
TEST_00158,0.0016767388442531228,0.9987653493881226
TEST_00159,0.002951724221929908,0.9707476496696472
TEST_00160,0.030057115480303764,0.9650564193725586
TEST_00161,0.002068440429866314,0.9997567534446716
TEST_00162,0.06150925159454346,0.7527116537094116
TEST_00163,0.06868564337491989,0.9947147965431213
TEST_00164,0.017749130725860596,0.9933091402053833
TEST_00165,0.9985954165458679,0.44708016514778137
TEST_00166,0.007871204987168312,0.9280136823654175
TEST_00167,0.004822921473532915,0.9996516704559326
TEST_00168,0.2606535851955414,0.8040952682495117
TEST_00169,0.016564786434173584,0.9714444279670715
TEST_00170,0.00012909460929222405,0.998996913433075
TEST_00171,0.8847060799598694,0.9360467791557312
TEST_00172,0.016894174739718437,0.9385090470314026
TEST_00173,0.33014723658561707,0.8982471823692322
TEST_00174,0.0872916728258133,0.5916810035705566
TEST_00175,8.307836105814204e-05,0.999591052532196
TEST_00176,0.959234893321991,0.004560146480798721
TEST_00177,0.0003666975535452366,0.9929775595664978
TEST_00178,0.044413719326257706,0.6784241795539856
TEST_00179,0.016125250607728958,0.940406858921051
TEST_00180,0.0003626166726462543,0.9994457364082336
TEST_00181,0.54930579662323,0.5812721252441406
TEST_00182,0.026386933401226997,0.9999157190322876
TEST_00183,0.0001039856142597273,0.9993284940719604
TEST_00184,0.06609850376844406,0.695501446723938
TEST_00185,0.9998791217803955,0.9865173101425171
TEST_00186,0.9204425811767578,0.4935949146747589
TEST_00187,0.034260399639606476,0.8821302652359009
TEST_00188,0.003268990432843566,0.9954881072044373
TEST_00189,0.0011954312212765217,0.9989857077598572
TEST_00190,0.034256964921951294,0.8617576956748962
TEST_00191,0.023638563230633736,0.9927050471305847
TEST_00192,0.016594843938946724,0.9599926471710205
TEST_00193,0.036380305886268616,0.9853038787841797
TEST_00194,0.01681237667798996,0.9951500296592712
TEST_00195,0.9031563401222229,0.006468517240136862
TEST_00196,0.024661539122462273,0.09877165406942368
TEST_00197,0.0027940685395151377,0.9984690546989441
TEST_00198,0.007889826782047749,0.9819827079772949
TEST_00199,0.057668089866638184,0.25802943110466003
TEST_00200,0.013612580485641956,0.9942598342895508
TEST_00201,0.016766007989645004,0.9918415546417236
TEST_00202,0.06050868332386017,0.9682273864746094
TEST_00203,0.03860365226864815,0.9566400051116943
TEST_00204,0.02659734897315502,0.9742586016654968
TEST_00205,0.0021991399116814137,0.998768150806427
TEST_00206,0.6724542379379272,0.5170827507972717
TEST_00207,0.003260896308347583,0.9951857924461365
TEST_00208,0.9194447994232178,0.9591227173805237
TEST_00209,0.0009785573929548264,0.9728028178215027
TEST_00210,0.0657881423830986,0.681033730506897
TEST_00211,0.005020023323595524,0.9991101622581482
TEST_00212,0.0034029327798634768,0.8563783764839172
TEST_00213,0.5816730856895447,0.9793004393577576
TEST_00214,0.0008006136631593108,0.9974090456962585
TEST_00215,0.0004345913475845009,0.999739944934845
TEST_00216,0.9820807576179504,0.06662501394748688
TEST_00217,0.011026251129806042,0.9996108412742615
TEST_00218,0.0298785287886858,0.988500714302063
TEST_00219,0.03526179492473602,0.9648241996765137
TEST_00220,0.2967348098754883,0.9977521300315857
TEST_00221,0.028011569753289223,0.971161425113678
TEST_00222,0.07944636791944504,0.9861186742782593
TEST_00223,0.1427520215511322,0.8836176991462708
TEST_00224,0.1088171973824501,0.9180100560188293
TEST_00225,0.0034638068173080683,0.9942018389701843
TEST_00226,0.07484109699726105,0.9628032445907593
TEST_00227,0.007862272672355175,0.9953097701072693
TEST_00228,0.0237907562404871,0.9937468767166138
TEST_00229,0.17509399354457855,0.9898290038108826
TEST_00230,0.03412206843495369,0.9987092018127441
TEST_00231,0.001746293855831027,0.9972007274627686
TEST_00232,0.011160909198224545,0.8472210764884949
TEST_00233,0.8722060918807983,0.31546780467033386
TEST_00234,0.0014508498134091496,0.9993725419044495
TEST_00235,0.0007854900904931128,0.9989109039306641
TEST_00236,0.000859659630805254,0.9992372989654541
TEST_00237,0.0458621010184288,0.926466166973114
TEST_00238,0.01556960865855217,0.9850780963897705
TEST_00239,0.009800626896321774,0.9020655751228333
TEST_00240,0.00721666170284152,0.9480677843093872
TEST_00241,0.07452848553657532,0.9566627144813538
TEST_00242,0.0033359001390635967,0.9872010946273804
TEST_00243,0.009611817076802254,0.9689396023750305
TEST_00244,0.9781227707862854,0.905503511428833
TEST_00245,0.0010486965766176581,0.9462366104125977
TEST_00246,0.613957405090332,0.9547500014305115
TEST_00247,0.0024358462542295456,0.9823508262634277
TEST_00248,0.0365239754319191,0.9934821724891663
TEST_00249,0.0017733576241880655,0.9998980760574341
TEST_00250,0.04953453317284584,0.8949784636497498
TEST_00251,0.01687399111688137,0.9708030223846436
TEST_00252,0.370734304189682,0.9530563950538635
TEST_00253,0.02253980003297329,0.9846413731575012
TEST_00254,0.25868168473243713,0.2778042256832123
TEST_00255,0.021885033696889877,0.9985093474388123
TEST_00256,0.0006526921060867608,0.9983299374580383
TEST_00257,0.03391382470726967,0.9606375694274902
TEST_00258,0.035049594938755035,0.8824264407157898
TEST_00259,0.027725936844944954,0.8873039484024048
TEST_00260,0.05916103720664978,0.9068899750709534
TEST_00261,0.0515795461833477,0.9784868359565735
TEST_00262,0.0048941271379590034,0.9772744178771973
TEST_00263,0.021031269803643227,0.9270758628845215
TEST_00264,0.00797982607036829,0.9956333041191101
TEST_00265,0.17359595000743866,0.5909497737884521
TEST_00266,0.0010398502927273512,0.9982241988182068
TEST_00267,0.1784210503101349,0.8616169691085815
TEST_00268,0.019557718187570572,0.9712055325508118
TEST_00269,0.07537239789962769,0.7689701914787292
TEST_00270,0.000931602728087455,0.9994240999221802
TEST_00271,0.016112495213747025,0.8893608450889587
TEST_00272,0.015005773864686489,0.9940862655639648
TEST_00273,0.12638090550899506,0.934084951877594
TEST_00274,0.0015397070674225688,0.9927444458007812
TEST_00275,0.9999996423721313,6.236926310521085e-06
TEST_00276,0.04591217264533043,0.9449921250343323
TEST_00277,0.006227265112102032,0.9317778944969177
TEST_00278,0.0010940107749775052,0.9992876648902893
TEST_00279,0.004042360000312328,0.994712769985199
TEST_00280,0.3739525079727173,0.6651125550270081
TEST_00281,0.0007318244897760451,0.9995631575584412
TEST_00282,0.0008125427411869168,0.9955542683601379
TEST_00283,0.004285694099962711,0.9974291920661926
TEST_00284,0.01310371607542038,0.9533645510673523
TEST_00285,0.03258492425084114,0.8769019246101379
TEST_00286,0.0648428201675415,0.8642611503601074
TEST_00287,0.013479291461408138,0.9993001222610474
TEST_00288,0.07250505685806274,0.9365457892417908
TEST_00289,0.0383172482252121,0.9036192297935486
TEST_00290,0.0119270458817482,0.9994045495986938
TEST_00291,7.085484412527876e-06,0.9980009198188782
TEST_00292,0.07866359502077103,0.8690590262413025
TEST_00293,0.999841570854187,0.002854170510545373
TEST_00294,0.9384467005729675,0.008407075889408588
TEST_00295,0.017448198050260544,0.9958741068840027
TEST_00296,0.0040414114482700825,0.9990676045417786
TEST_00297,0.002620169660076499,0.9951683282852173
TEST_00298,0.5591456890106201,0.8834378123283386
TEST_00299,0.057349007576704025,0.9644712209701538
TEST_00300,0.027109041810035706,0.947327196598053
TEST_00301,0.031195875257253647,0.8881973028182983
TEST_00302,0.9996248483657837,0.005155710503458977
TEST_00303,0.00938806589692831,0.9765658378601074
TEST_00304,0.011921091936528683,0.9971364736557007
TEST_00305,0.0008076340891420841,0.9937880635261536
TEST_00306,0.003969995304942131,0.6049282550811768
TEST_00307,0.8052036166191101,0.8998060822486877
TEST_00308,0.9999361038208008,0.0001899728231364861
TEST_00309,0.03172891214489937,0.8778414130210876
TEST_00310,0.5789626836776733,0.9442523717880249
TEST_00311,0.006304788403213024,0.9894619584083557
TEST_00312,0.0721171647310257,0.9266549348831177
TEST_00313,0.0015646286774426699,0.9980809688568115
TEST_00314,0.007419026456773281,0.998806357383728
TEST_00315,0.035610660910606384,0.9831595420837402
TEST_00316,0.01844201236963272,0.981016218662262
TEST_00317,0.0013439180329442024,0.9952982068061829
TEST_00318,0.1962096393108368,0.9984732270240784
TEST_00319,0.00023702500038780272,0.9924347400665283
TEST_00320,0.0013905538944527507,0.988446831703186
TEST_00321,0.0005764032248407602,0.9876777529716492
TEST_00322,0.0029629836790263653,0.9996042847633362
TEST_00323,0.0007967196870595217,0.9991705417633057
TEST_00324,0.011464228853583336,0.9976375102996826
TEST_00325,0.9722411036491394,0.24094732105731964
TEST_00326,0.011278477497398853,0.9983081817626953
TEST_00327,0.0004386096843518317,0.999747097492218
TEST_00328,0.0008503407589159906,0.9980810880661011
TEST_00329,0.038688499480485916,0.95682293176651
TEST_00330,0.2866528034210205,0.9217230677604675
TEST_00331,0.03917531296610832,0.9965507984161377
TEST_00332,0.2891663610935211,0.8114534616470337
TEST_00333,0.010202151723206043,0.9495704770088196
TEST_00334,0.004015738144516945,0.9914992451667786
TEST_00335,0.7483897805213928,0.97628253698349
TEST_00336,0.13057836890220642,0.7545081973075867
TEST_00337,0.016692809760570526,0.9255576133728027
TEST_00338,0.00030203466303646564,0.9993559718132019
TEST_00339,0.042103350162506104,0.8833423852920532
TEST_00340,0.11449658870697021,0.9296974539756775
TEST_00341,0.0755499005317688,0.8690738677978516
TEST_00342,0.1575404852628708,0.8455089330673218
TEST_00343,0.005090050399303436,0.9956536293029785
TEST_00344,0.5809560418128967,0.05571730062365532
TEST_00345,0.013890094123780727,0.9716094732284546
TEST_00346,0.0030965954065322876,0.9993283748626709
TEST_00347,0.0073055848479270935,0.9264609217643738
TEST_00348,0.600903332233429,0.9930645823478699
TEST_00349,0.024960217997431755,0.055183324962854385
TEST_00350,0.0004353422555141151,0.9978443384170532
TEST_00351,0.0028149087447673082,0.998529314994812
TEST_00352,0.0018190017435699701,0.9977219700813293
TEST_00353,0.030444614589214325,0.9973614811897278
TEST_00354,0.0002588917559478432,0.9999154806137085
TEST_00355,0.012543909251689911,0.9872819781303406
TEST_00356,0.0009024621685966849,0.995441198348999
TEST_00357,0.1328275054693222,0.10816118866205215
TEST_00358,0.010270550847053528,0.9860125184059143
TEST_00359,0.03994803875684738,0.928013801574707
TEST_00360,0.0187605582177639,0.9209567308425903
TEST_00361,0.002500224160030484,0.9738108515739441
TEST_00362,0.7235387563705444,0.8203930258750916
TEST_00363,0.44083958864212036,0.9029918313026428
TEST_00364,0.10156778991222382,0.9704186320304871
TEST_00365,0.9815056920051575,0.22128182649612427
TEST_00366,0.003906121477484703,0.9946475625038147
TEST_00367,0.015766533091664314,0.9962511658668518
TEST_00368,0.029253587126731873,0.9743262529373169
TEST_00369,0.0040041422471404076,0.9786550402641296
TEST_00370,0.032137393951416016,0.9989092350006104
TEST_00371,0.019130971282720566,0.9798687100410461
TEST_00372,0.010379229672253132,0.9976153373718262
TEST_00373,0.18222296237945557,0.913547933101654
TEST_00374,0.007471382152289152,0.9002653956413269
TEST_00375,0.001645778538659215,0.9968156218528748
TEST_00376,0.02914503589272499,0.9857128858566284
TEST_00377,0.8116896748542786,0.9327796697616577
TEST_00378,0.5965002179145813,0.9759585857391357
TEST_00379,0.20535506308078766,0.8465773463249207
TEST_00380,0.005669873207807541,0.9988083839416504
TEST_00381,0.020002203062176704,0.9636130332946777
TEST_00382,0.0014127721078693867,0.9974657297134399
TEST_00383,0.06465944647789001,0.880004346370697
TEST_00384,0.054223231971263885,0.8799958825111389
TEST_00385,0.003493956057354808,0.9695374965667725
TEST_00386,0.026798492297530174,0.9459200501441956
TEST_00387,0.008944609202444553,0.9804139733314514
TEST_00388,0.0009873210219666362,0.9941946864128113
TEST_00389,0.013476666994392872,0.9706066846847534
TEST_00390,0.00274034240283072,0.9969858527183533
TEST_00391,0.020339449867606163,0.9966024160385132
TEST_00392,0.026688192039728165,0.9904720783233643
TEST_00393,0.0008248475496657193,0.9997517466545105
TEST_00394,0.11103806644678116,0.9691989421844482
TEST_00395,0.0009575055446475744,0.9942016005516052
TEST_00396,0.002214924432337284,0.9995929598808289
TEST_00397,0.03345318138599396,0.9076770544052124
TEST_00398,0.058973103761672974,0.8967303037643433
TEST_00399,0.010269726626574993,0.9177743196487427
TEST_00400,0.005412174388766289,0.9831579923629761
TEST_00401,0.1577964425086975,0.759532630443573
TEST_00402,0.005108528304845095,0.9961479902267456
TEST_00403,0.9982436895370483,0.08928947150707245
TEST_00404,0.03361063450574875,0.9920198321342468
TEST_00405,0.05908463895320892,0.9115129113197327
TEST_00406,0.0026145854499191046,0.9984682202339172
TEST_00407,0.07673382759094238,0.8864074349403381
TEST_00408,0.000376824609702453,0.9998689889907837
TEST_00409,0.8300597667694092,0.6613050103187561
TEST_00410,0.0028893763665109873,0.9742575883865356
TEST_00411,0.030353359878063202,0.9986384510993958
TEST_00412,0.002938144840300083,0.8990525603294373
TEST_00413,0.014972514472901821,0.9135841131210327
TEST_00414,0.9782680869102478,0.9189333319664001
TEST_00415,0.029630202800035477,0.9916442036628723
TEST_00416,0.1247597485780716,0.9502010941505432
TEST_00417,0.04254824295639992,0.8999682068824768
TEST_00418,0.04731323942542076,0.873090386390686
TEST_00419,0.0016138870269060135,0.9797196984291077
TEST_00420,0.12821292877197266,0.9991718530654907
TEST_00421,0.0071876160800457,0.9964919686317444
TEST_00422,0.01122970413416624,0.9935178756713867
TEST_00423,0.01659574545919895,0.942493200302124
TEST_00424,0.0006466410122811794,0.9999357461929321
TEST_00425,0.01199368480592966,0.9971631169319153
TEST_00426,0.24293863773345947,0.9767831563949585
TEST_00427,0.0027644007932394743,0.9979534149169922
TEST_00428,0.010572528466582298,0.9999955892562866
TEST_00429,0.0034241063985973597,0.9900245666503906
TEST_00430,0.8579292297363281,0.3913331627845764
TEST_00431,0.10247532278299332,0.8707507252693176
TEST_00432,0.9783869981765747,0.7842780351638794
TEST_00433,0.2264135628938675,0.9952176809310913
TEST_00434,0.002886289730668068,0.9949644804000854
TEST_00435,0.007355227135121822,0.9843053817749023
TEST_00436,0.006264812313020229,0.9939762353897095
TEST_00437,0.005644565913826227,0.9864506721496582
TEST_00438,0.9322885870933533,0.9799837470054626
TEST_00439,0.00643038097769022,0.9919037222862244
TEST_00440,0.00855907890945673,0.9946611523628235
TEST_00441,0.010980576276779175,0.9901061654090881
TEST_00442,0.010626214556396008,0.9431682229042053
TEST_00443,0.0014578208792954683,0.9995918869972229
TEST_00444,0.02643262781202793,0.9979947805404663
TEST_00445,0.0013570820447057486,0.9999709129333496
TEST_00446,0.0020345470402389765,0.9991819262504578
TEST_00447,0.029846178367733955,0.9996776580810547
TEST_00448,0.34215444326400757,0.24225106835365295
TEST_00449,0.4483758807182312,0.45042282342910767
TEST_00450,0.02394329383969307,0.9988318085670471
TEST_00451,0.01640484854578972,0.7699545621871948
TEST_00452,0.018752263858914375,0.9959684610366821
TEST_00453,0.016420697793364525,0.9958975315093994
TEST_00454,0.0003747825394384563,0.9996090531349182
TEST_00455,0.0443594753742218,0.9052035212516785
TEST_00456,0.011411161161959171,0.9960830211639404
TEST_00457,0.9996621608734131,0.03171791508793831
TEST_00458,0.12896530330181122,0.9196016192436218
TEST_00459,0.9900799989700317,0.7935642600059509
TEST_00460,0.05046345666050911,0.8936038613319397
TEST_00461,0.27601397037506104,0.24324114620685577
TEST_00462,0.06707542389631271,0.9945671558380127
TEST_00463,0.012467687018215656,0.9660287499427795
TEST_00464,0.01601189561188221,0.915328860282898
TEST_00465,0.002191877691075206,0.9998372793197632
TEST_00466,0.015695182606577873,0.9906280040740967
TEST_00467,0.3172149062156677,0.3547218441963196
TEST_00468,0.12110460549592972,0.8564032912254333
TEST_00469,0.015097304247319698,0.957301139831543
TEST_00470,0.01635703817009926,0.9668886661529541
TEST_00471,0.03097059763967991,0.9873450398445129
TEST_00472,0.031764473766088486,0.9320269823074341
TEST_00473,0.021600110456347466,0.9503565430641174
TEST_00474,0.0009466300252825022,0.9996291399002075
TEST_00475,0.0032790862023830414,0.9558342695236206
TEST_00476,0.01001912634819746,0.997259259223938
TEST_00477,0.018771708011627197,0.9917004704475403
TEST_00478,0.01567247323691845,0.9983637928962708
TEST_00479,0.0011007619323208928,0.9999688863754272
TEST_00480,0.09572817385196686,0.6494637727737427
TEST_00481,0.7596158385276794,0.8330263495445251
TEST_00482,0.18037834763526917,0.1724540740251541
TEST_00483,0.0036226336378604174,0.9621897339820862
TEST_00484,0.9979552030563354,0.13322509825229645
TEST_00485,0.2819215953350067,0.45359739661216736
TEST_00486,0.01366051658987999,0.9989174604415894
TEST_00487,0.003015640191733837,0.9976008534431458
TEST_00488,0.06264544278383255,0.872763454914093
TEST_00489,0.10752204805612564,0.9774380326271057
TEST_00490,0.05892939493060112,0.8988131880760193
TEST_00491,0.0035856261383742094,0.9994662404060364
TEST_00492,0.4347023665904999,0.9977661371231079
TEST_00493,0.034034647047519684,0.9904503226280212
TEST_00494,0.004933521151542664,0.9933872818946838
TEST_00495,0.0007341700838878751,0.9943411350250244
TEST_00496,0.0157629381865263,0.9620254635810852
TEST_00497,0.003093211678788066,0.977989137172699
TEST_00498,0.008577022701501846,0.9892430305480957
TEST_00499,0.0007035938324406743,0.9945268034934998
TEST_00500,0.042485933750867844,0.9938931465148926
TEST_00501,0.01976344734430313,0.9710733294487
TEST_00502,0.09359844774007797,0.9883684515953064
TEST_00503,0.00012047615746269003,0.999985933303833
TEST_00504,0.03927600011229515,0.9881383776664734
TEST_00505,0.015587394125759602,0.9966325163841248
TEST_00506,0.002045100089162588,0.9981673955917358
TEST_00507,0.0016829954693093896,0.9980983138084412
TEST_00508,0.12830644845962524,0.9889798164367676
TEST_00509,0.001543164369650185,0.9997610449790955
TEST_00510,0.005233407020568848,0.9812017679214478
TEST_00511,0.3363986611366272,0.9673175811767578
TEST_00512,0.10610443353652954,0.6321938633918762
TEST_00513,0.008826401084661484,0.9996688365936279
TEST_00514,0.007549305912107229,0.9967477321624756
TEST_00515,0.01013677753508091,0.9793685674667358
TEST_00516,0.002227341290563345,0.9494951367378235
TEST_00517,0.041789934039115906,0.949737012386322
TEST_00518,0.035537172108888626,0.9071400761604309
TEST_00519,0.0049072192050516605,0.9985852241516113
TEST_00520,0.022306008264422417,0.999951958656311
TEST_00521,0.1656399518251419,0.2521936893463135
TEST_00522,0.0031651861499994993,0.985081136226654
TEST_00523,0.009655678644776344,0.9619987607002258
TEST_00524,0.018590891733765602,0.9897670149803162
TEST_00525,0.034376151859760284,0.9950628876686096
TEST_00526,0.00975747313350439,0.9984448552131653
TEST_00527,0.0015727931167930365,0.9997510313987732
TEST_00528,0.013470879755914211,0.9959204196929932
TEST_00529,0.004732300061732531,0.9916719794273376
TEST_00530,0.028856389224529266,0.8184770345687866
TEST_00531,1.269052177121921e-06,0.9999974966049194
TEST_00532,0.0593329556286335,0.9740983843803406
TEST_00533,0.00047526389244012535,0.9993293285369873
TEST_00534,0.08318854868412018,0.8374460339546204
TEST_00535,0.9988582134246826,0.05061192810535431
TEST_00536,0.021544232964515686,0.8180971741676331
TEST_00537,0.010198608972132206,0.970355212688446
TEST_00538,0.0005135811516083777,0.992815375328064
TEST_00539,0.012212243862450123,0.914126992225647
TEST_00540,0.011524227447807789,0.9975345134735107
TEST_00541,0.08054111152887344,0.9919334053993225
TEST_00542,0.021133126690983772,0.9691172242164612
TEST_00543,0.015749583020806313,0.5684421062469482
TEST_00544,0.0438653938472271,0.9289963841438293
TEST_00545,0.025505302473902702,0.931425929069519
TEST_00546,0.029038064181804657,0.9970272183418274
TEST_00547,0.009725282900035381,0.9102035760879517
TEST_00548,0.026695016771554947,0.954007089138031
TEST_00549,0.07845301181077957,0.7657001614570618
TEST_00550,0.1304205358028412,0.9935664534568787
TEST_00551,0.004528081510215998,0.9954898953437805
TEST_00552,0.014212147332727909,0.9638118743896484
TEST_00553,0.03594028204679489,0.9649022221565247
TEST_00554,0.019730985164642334,0.9418957233428955
TEST_00555,0.06563720107078552,0.9397650957107544
TEST_00556,0.08519526571035385,0.7610769867897034
TEST_00557,0.019604941830039024,0.9203470349311829
TEST_00558,0.008146640844643116,0.9058787226676941
TEST_00559,0.004343726206570864,0.9929567575454712
TEST_00560,0.0064687952399253845,0.9958747029304504
TEST_00561,0.00354395667091012,0.987840473651886
TEST_00562,0.0056906649842858315,0.9777997732162476
TEST_00563,0.0020050720777362585,0.9999651908874512
TEST_00564,0.004270518664270639,0.9867744445800781
TEST_00565,0.002931911265477538,0.9993176460266113
TEST_00566,0.0360514260828495,0.885292649269104
TEST_00567,0.0044730594381690025,0.9976311922073364
TEST_00568,0.9919330477714539,0.027452019974589348
TEST_00569,0.023832527920603752,0.9057201743125916
TEST_00570,0.00456911651417613,0.9564634561538696
TEST_00571,0.8901030421257019,0.8726004362106323
TEST_00572,0.9785479307174683,0.09119195491075516
TEST_00573,0.05731973052024841,0.8854584097862244
TEST_00574,0.042638130486011505,0.9460039734840393
TEST_00575,0.03073260188102722,0.7517025470733643
TEST_00576,0.001668832148425281,0.9969397783279419
TEST_00577,0.12092798948287964,0.9739692211151123
TEST_00578,0.00391741655766964,0.8171730041503906
TEST_00579,0.04186804220080376,0.9860062599182129
TEST_00580,0.015337483026087284,0.9992895126342773
TEST_00581,0.016744514927268028,0.99413001537323
TEST_00582,0.0041941264644265175,0.5955256819725037
TEST_00583,0.04356081038713455,0.9989112615585327
TEST_00584,0.001402773428708315,0.5576208233833313
TEST_00585,0.9723408222198486,0.9370695352554321
TEST_00586,0.11954403668642044,0.8328136801719666
TEST_00587,0.009266735054552555,0.9858945608139038
TEST_00588,0.9998894929885864,0.0009527983493171632
TEST_00589,0.003447274910286069,0.9998351335525513
TEST_00590,0.0005974840023554862,0.9734194874763489
TEST_00591,0.03300300985574722,0.9636011719703674
TEST_00592,0.07298094779253006,0.8372611999511719
TEST_00593,0.0004977948847226799,0.9992352724075317
TEST_00594,0.0020249690860509872,0.9944382905960083
TEST_00595,0.01752106286585331,0.9952507019042969
TEST_00596,0.009003560990095139,0.9861606359481812
TEST_00597,0.02654949761927128,0.9905557036399841
TEST_00598,0.8684550523757935,0.9338202476501465
TEST_00599,0.002135816728696227,0.9966506361961365
TEST_00600,0.04000721499323845,0.8919870853424072
TEST_00601,0.6654257774353027,0.9835276007652283
TEST_00602,0.03971622884273529,0.82804274559021
TEST_00603,0.010081740096211433,0.9999823570251465
TEST_00604,0.0017033701296895742,0.9969297051429749
TEST_00605,0.002833557315170765,0.9980499744415283
TEST_00606,0.0644383579492569,0.9608162641525269
TEST_00607,0.4040083587169647,0.9716638326644897
TEST_00608,0.0036118889693170786,0.9908092021942139
TEST_00609,0.021679218858480453,0.9054619669914246
TEST_00610,0.0038425566162914038,0.9982512593269348
TEST_00611,0.022738272324204445,0.9958776235580444
TEST_00612,0.0016581410309299827,0.9999938011169434
TEST_00613,0.032942019402980804,0.8839995861053467
TEST_00614,0.057694997638463974,0.9872101545333862
TEST_00615,0.2515435218811035,0.9951351284980774
TEST_00616,1.332391796893262e-08,0.9999779462814331
TEST_00617,0.04887121170759201,0.90656977891922
TEST_00618,0.038180138915777206,0.9706902503967285
TEST_00619,0.02521585486829281,0.987544059753418
TEST_00620,0.011855343356728554,0.9698709845542908
TEST_00621,0.9137995839118958,0.16877257823944092
TEST_00622,0.019534463062882423,0.9877727627754211
TEST_00623,0.062084320932626724,0.8622647523880005
TEST_00624,0.3122851848602295,0.16512982547283173
TEST_00625,0.026574160903692245,0.9058443903923035
TEST_00626,0.9523730874061584,0.5110672116279602
TEST_00627,0.9204630851745605,0.21088993549346924
TEST_00628,0.010700403712689877,0.706890881061554
TEST_00629,0.30794697999954224,0.9378001093864441
TEST_00630,0.026987267658114433,0.8305678367614746
TEST_00631,0.05297282710671425,0.8400121927261353
TEST_00632,0.03321751207113266,0.9922897219657898
TEST_00633,0.001725894515402615,0.9989350438117981
TEST_00634,0.017350681126117706,0.9312147498130798
TEST_00635,0.017731139436364174,0.9582364559173584
TEST_00636,0.026554208248853683,0.9829182624816895
TEST_00637,0.0037999844644218683,0.9914407730102539
TEST_00638,0.08318167179822922,0.8378687500953674
TEST_00639,0.026157625019550323,0.9800936579704285
TEST_00640,0.00549367256462574,0.9925546050071716
TEST_00641,0.004167805425822735,0.9992295503616333
TEST_00642,0.009062382392585278,0.9999202489852905
TEST_00643,0.011323049664497375,0.8965207934379578
TEST_00644,0.0070077297277748585,0.8995622992515564
TEST_00645,0.2648862302303314,0.513637900352478
TEST_00646,0.0025473807472735643,0.9997381567955017
TEST_00647,0.003467581467702985,0.9522819519042969
TEST_00648,0.01353428140282631,0.9786388278007507
TEST_00649,0.019032934680581093,0.9967026114463806
TEST_00650,0.998665452003479,0.7460865378379822
TEST_00651,0.9424853920936584,0.5228943824768066
TEST_00652,0.00031218575895763934,0.9996287822723389
TEST_00653,0.8648242354393005,0.6738438606262207
TEST_00654,0.2952937185764313,0.799686849117279
TEST_00655,0.0006681147497147322,0.993274450302124
TEST_00656,0.006065721157938242,0.9999291896820068
TEST_00657,0.07496858388185501,0.8676663041114807
TEST_00658,0.0013388353399932384,0.9922481775283813
TEST_00659,0.33985966444015503,0.983627200126648
TEST_00660,0.046435508877038956,0.9994138479232788
TEST_00661,0.9932045936584473,0.9523792862892151
TEST_00662,0.0036685382947325706,0.99169921875
TEST_00663,0.0025014884304255247,0.9990144968032837
TEST_00664,0.10834726691246033,0.8757131099700928
TEST_00665,0.0069900695234537125,0.8534191250801086
TEST_00666,0.034029193222522736,0.9681392312049866
TEST_00667,0.022390209138393402,0.9859362840652466
TEST_00668,0.004166730679571629,0.9995524287223816
TEST_00669,0.7778932452201843,0.5588900446891785
TEST_00670,0.0002167524944525212,0.9957975149154663
TEST_00671,0.0006536866421811283,0.9991211295127869
TEST_00672,0.028494305908679962,0.9326415657997131
TEST_00673,0.0038727668579667807,0.9999499320983887
TEST_00674,0.10419084876775742,0.9932494163513184
TEST_00675,0.992394208908081,0.8558587431907654
TEST_00676,0.0064238314516842365,0.9768182039260864
TEST_00677,0.12180507183074951,0.9511550068855286
TEST_00678,0.08780709654092789,0.8798286318778992
TEST_00679,0.0007574213668704033,0.9985153079032898
TEST_00680,0.025049451738595963,0.9983103275299072
TEST_00681,0.012898028828203678,0.9888486862182617
TEST_00682,0.04736687242984772,0.8912723660469055
TEST_00683,0.0059053641743958,0.9870530962944031
TEST_00684,0.003223448060452938,0.9975263476371765
TEST_00685,0.0610990896821022,0.8573032021522522
TEST_00686,0.002836744301021099,0.9532933831214905
TEST_00687,9.667741323937662e-06,0.9998750686645508
TEST_00688,0.9987757802009583,0.0001222244609380141
TEST_00689,0.019164517521858215,0.99574214220047
TEST_00690,0.011310366913676262,0.95784991979599
TEST_00691,0.004951497074216604,0.973189115524292
TEST_00692,0.0012184074148535728,0.9661539196968079
TEST_00693,0.05350671336054802,0.9791958332061768
TEST_00694,0.013320885598659515,0.9988699555397034
TEST_00695,0.10492005199193954,0.893445611000061
TEST_00696,0.020063871517777443,0.90777587890625
TEST_00697,0.03781498596072197,0.9960380792617798
TEST_00698,0.0019184676930308342,0.9985345602035522
TEST_00699,0.0005714265280403197,0.9717234969139099
TEST_00700,0.002793482504785061,0.9984297156333923
TEST_00701,0.037472665309906006,0.994880199432373
TEST_00702,0.018806740641593933,0.9913771152496338
TEST_00703,0.01831028237938881,0.9963891506195068
TEST_00704,0.0793231651186943,0.9870409965515137
TEST_00705,0.021813910454511642,0.9892613887786865
TEST_00706,0.7399990558624268,0.8694233894348145
TEST_00707,0.002128677209839225,0.9987607002258301
TEST_00708,0.0004521468945313245,0.9982450008392334
TEST_00709,0.22549815475940704,0.9535428285598755
TEST_00710,0.001011509564705193,0.9994691014289856
TEST_00711,0.028551550582051277,0.9026291370391846
TEST_00712,0.00034739598049782217,0.997648298740387
TEST_00713,0.0007902265642769635,0.9996060729026794
TEST_00714,0.07705526053905487,0.9268993735313416
TEST_00715,0.0003055880079045892,0.999447762966156
TEST_00716,0.964659571647644,0.5557998418807983
TEST_00717,0.027622846886515617,0.9704890847206116
TEST_00718,0.00034459144808351994,0.9996256828308105
TEST_00719,0.02548750676214695,0.9986305236816406
TEST_00720,0.9760240912437439,0.9369537830352783
TEST_00721,0.0057008154690265656,0.9987416863441467
TEST_00722,0.027860121801495552,0.9146773815155029
TEST_00723,0.0005741669447161257,0.999903678894043
TEST_00724,0.013524269685149193,0.8939366936683655
TEST_00725,0.8146315217018127,0.780083417892456
TEST_00726,0.04671945795416832,0.8934714794158936
TEST_00727,0.14821724593639374,0.9958030581474304
TEST_00728,0.5740727186203003,0.9399887323379517
TEST_00729,0.03805135563015938,0.9619060158729553
TEST_00730,0.17195577919483185,0.5077317357063293
TEST_00731,0.025892803445458412,0.9140529036521912
TEST_00732,0.0014014409389346838,0.9760703444480896
TEST_00733,0.006521121598780155,0.9664236903190613
TEST_00734,0.07667949795722961,0.932217538356781
TEST_00735,0.0014275270514190197,0.9992055296897888
TEST_00736,0.02539231814444065,0.9541967511177063
TEST_00737,0.9999390840530396,0.0001695311366347596
TEST_00738,0.007490330841392279,0.9791930913925171
TEST_00739,0.0312543623149395,0.9921338558197021
TEST_00740,0.9709575176239014,0.00015690199506934732
TEST_00741,0.0034300736151635647,0.9900652766227722
TEST_00742,0.03128601238131523,0.9826179146766663
TEST_00743,5.5829688790254295e-05,0.9895458817481995
TEST_00744,0.0115249278023839,0.8487967252731323
TEST_00745,0.0027034005615860224,0.9983997941017151
TEST_00746,0.17645268142223358,0.9382094740867615
TEST_00747,0.001805739477276802,0.9951069355010986
TEST_00748,0.29341867566108704,0.5391650199890137
TEST_00749,0.008970778435468674,0.9918521046638489
TEST_00750,6.229352948139422e-06,0.9999943971633911
TEST_00751,0.0134196225553751,0.9817196726799011
TEST_00752,0.36790671944618225,0.9104593396186829
TEST_00753,0.06586291640996933,0.8989046812057495
TEST_00754,0.03140171244740486,0.9004526734352112
TEST_00755,0.0006647478439845145,0.9999517202377319
TEST_00756,0.0014400382060557604,0.9675828814506531
TEST_00757,0.05154984071850777,0.990715503692627
TEST_00758,0.05600661411881447,0.9989499449729919
TEST_00759,0.010292171500623226,0.9847540855407715
TEST_00760,0.2735026776790619,0.009002955630421638
TEST_00761,0.7204250693321228,0.9676246643066406
TEST_00762,0.01424955390393734,0.9943291544914246
TEST_00763,0.030834687873721123,0.9798479676246643
TEST_00764,0.0012453171657398343,0.9999982118606567
TEST_00765,0.00810954812914133,0.9976966977119446
TEST_00766,0.01521834172308445,0.9999061822891235
TEST_00767,0.0827956348657608,0.9207413196563721
TEST_00768,0.004485962446779013,0.9973164200782776
TEST_00769,0.020127933472394943,0.9952842593193054
TEST_00770,0.025110090151429176,0.9475483894348145
TEST_00771,0.021191220730543137,0.9971067309379578
TEST_00772,0.07634750008583069,0.9895179867744446
TEST_00773,0.08610472828149796,0.8640716671943665
TEST_00774,0.012495752424001694,0.9863523244857788
TEST_00775,0.1093357652425766,0.8884106874465942
TEST_00776,0.027724377810955048,0.8726219534873962
TEST_00777,0.8697812557220459,0.8954801559448242
TEST_00778,0.007552281953394413,0.9943225383758545
TEST_00779,0.1984071284532547,0.9848301410675049
TEST_00780,0.3258029818534851,0.9302613735198975
TEST_00781,0.10188103467226028,0.9836686253547668
TEST_00782,0.007521992549300194,0.9937337040901184
TEST_00783,0.03530918061733246,0.9205780029296875
TEST_00784,0.002234351821243763,0.9997496008872986
TEST_00785,0.008970065973699093,0.953594982624054
TEST_00786,0.07113346457481384,0.9948829412460327
TEST_00787,0.003195525612682104,0.9994617104530334
TEST_00788,0.1512715071439743,0.8652324080467224
TEST_00789,0.0043777283281087875,0.9652578234672546
TEST_00790,0.02034826949238777,0.8601963520050049
TEST_00791,0.0020590443164110184,0.9153457880020142
TEST_00792,0.03583789989352226,0.930830717086792
TEST_00793,0.009663885459303856,0.9614243507385254
TEST_00794,0.00047517259372398257,0.9902908205986023
TEST_00795,0.013248992152512074,0.9991669654846191
TEST_00796,0.019675740972161293,0.9113726019859314
TEST_00797,0.018313948065042496,0.726750910282135
TEST_00798,0.045373789966106415,0.982147216796875
TEST_00799,0.8528618812561035,0.7699207067489624
TEST_00800,0.8983418941497803,0.9464699625968933
TEST_00801,0.7296062707901001,0.8581759333610535
TEST_00802,0.19578923285007477,0.8909024000167847
TEST_00803,0.7579817175865173,0.9379713535308838
TEST_00804,0.0007255884120240808,0.9998250603675842
TEST_00805,0.004976394586265087,0.9957541227340698
TEST_00806,0.9806371927261353,0.004627876915037632
TEST_00807,0.0005929235485382378,0.9995260238647461
TEST_00808,0.02270945906639099,0.9805917143821716
TEST_00809,0.0038241599686443806,0.9986914992332458
TEST_00810,0.0009066525381058455,0.9998058676719666
TEST_00811,0.0016441098414361477,0.9486996531486511
TEST_00812,0.009742607362568378,0.996000349521637
TEST_00813,0.03719770163297653,0.9469098448753357
TEST_00814,0.9247918128967285,0.8754407167434692
TEST_00815,0.4421434998512268,0.9524704217910767
TEST_00816,0.34662654995918274,0.44137030839920044
TEST_00817,0.0082705058157444,0.9972079396247864
TEST_00818,0.012571131810545921,0.9780154824256897
TEST_00819,0.6171619296073914,0.9879648685455322
TEST_00820,0.0015102459583431482,0.9985462427139282
TEST_00821,0.13363200426101685,0.9949652552604675
TEST_00822,0.006149190943688154,0.9929720759391785
TEST_00823,0.022974565625190735,0.968578577041626
TEST_00824,0.8851653933525085,0.5685479044914246
TEST_00825,0.015103403478860855,0.9505444765090942
TEST_00826,0.036419328302145004,0.9790382385253906
TEST_00827,0.09731472283601761,0.6967163681983948
TEST_00828,0.03863988071680069,0.9840116500854492
TEST_00829,0.09074709564447403,0.3626834452152252
TEST_00830,0.0058729699812829494,0.9964680671691895
TEST_00831,0.02545374445617199,0.9724670648574829
TEST_00832,0.9764446020126343,0.39658233523368835
TEST_00833,0.9837049841880798,0.658842921257019
TEST_00834,0.00013589127047453076,0.9998643398284912
TEST_00835,0.004852987360209227,0.998767614364624
TEST_00836,0.024110013619065285,0.9518214464187622
TEST_00837,0.03024934232234955,0.9997773766517639
TEST_00838,0.06734362244606018,0.8954386711120605
TEST_00839,0.025748582556843758,0.9949803948402405
TEST_00840,0.11612672358751297,0.8423361778259277
TEST_00841,0.0010804670164361596,0.9999653100967407
TEST_00842,0.08565529435873032,0.9596583843231201
TEST_00843,0.003647170029580593,0.9123366475105286
TEST_00844,0.020068610087037086,0.9691175818443298
TEST_00845,0.28213196992874146,0.04882302135229111
TEST_00846,0.02934509702026844,0.8236211538314819
TEST_00847,0.03019394353032112,0.864612877368927
TEST_00848,0.4970158636569977,0.9897202849388123
TEST_00849,0.9981695413589478,0.9019594192504883
TEST_00850,0.006136841140687466,0.9683806300163269
TEST_00851,0.1632690578699112,0.8916922211647034
TEST_00852,0.005894769448786974,0.9907798767089844
TEST_00853,0.024999668821692467,0.9850499033927917
TEST_00854,0.00283449818380177,0.9875997304916382
TEST_00855,0.39394256472587585,0.9709479808807373
TEST_00856,0.027490558102726936,0.9956029653549194
TEST_00857,0.7747617959976196,0.20644108951091766
TEST_00858,0.019092978909611702,0.9992539286613464
TEST_00859,0.9688274264335632,0.6754579544067383
TEST_00860,0.11877840757369995,0.9941399097442627
TEST_00861,0.002489951439201832,0.9976280331611633
TEST_00862,0.035123445093631744,0.9452822804450989
TEST_00863,0.7698288559913635,0.6560280323028564
TEST_00864,0.07792559266090393,0.9423431754112244
TEST_00865,0.0034623979590833187,0.984307050704956
TEST_00866,0.006889908108860254,0.8271998167037964
TEST_00867,0.001549623324535787,0.9998797178268433
TEST_00868,0.053717486560344696,0.8704235553741455
TEST_00869,0.9999444484710693,2.259223401779309e-05
TEST_00870,0.006535269785672426,0.9950714111328125
TEST_00871,0.19636575877666473,0.9729207158088684
TEST_00872,0.0011328236432746053,0.9987756609916687
TEST_00873,0.005669241305440664,0.9918279647827148
TEST_00874,0.9982773065567017,0.0522741973400116
TEST_00875,0.0006364213768392801,0.9956242442131042
TEST_00876,0.49204665422439575,0.9255605340003967
TEST_00877,0.0013699958799406886,0.9950976967811584
TEST_00878,0.0012352467747405171,0.9994619488716125
TEST_00879,0.005980837158858776,0.9933120608329773
TEST_00880,0.0035718968138098717,0.9838393926620483
TEST_00881,0.0017272309632971883,0.9996064305305481
TEST_00882,0.24321578443050385,0.9116615056991577
TEST_00883,0.003489104798063636,0.9854499101638794
TEST_00884,0.7597062587738037,0.19342921674251556
TEST_00885,0.06327538937330246,0.9620708227157593
TEST_00886,0.014595425687730312,0.9786455631256104
TEST_00887,0.3774247467517853,0.9717534184455872
TEST_00888,0.004298695828765631,0.9907466173171997
TEST_00889,0.7908148169517517,0.4552643895149231
TEST_00890,0.0451173335313797,0.8962187767028809
TEST_00891,0.00019210601749364287,0.9994944334030151
TEST_00892,0.14910922944545746,0.9951672554016113
TEST_00893,0.002725068014115095,0.9979315996170044
TEST_00894,0.005437415558844805,0.9386579990386963
TEST_00895,0.04193422943353653,0.9143075346946716
TEST_00896,0.001077572931535542,0.99974125623703
TEST_00897,0.020609339699149132,0.7806488275527954
TEST_00898,0.0033298274502158165,0.9930693507194519
TEST_00899,0.012499419040977955,0.9851890802383423
TEST_00900,0.07347265630960464,0.9956119060516357
TEST_00901,0.0015897274715825915,0.9994602799415588
TEST_00902,0.004142821300774813,0.9965506792068481
TEST_00903,0.009582746773958206,0.9746280312538147
TEST_00904,0.014663089998066425,0.9969425797462463
TEST_00905,0.1093529462814331,0.8366313576698303
TEST_00906,0.45178332924842834,0.9113202095031738
TEST_00907,0.006032247561961412,0.9979177117347717
TEST_00908,0.04495372623205185,0.9939398765563965
TEST_00909,0.004342556931078434,0.9947080612182617
TEST_00910,0.004103497602045536,0.9997369647026062
TEST_00911,0.03913799673318863,0.9987201690673828
TEST_00912,0.002798928879201412,0.9974270462989807
TEST_00913,0.007408236153423786,0.9998455047607422
TEST_00914,0.059466876089572906,0.99394291639328
TEST_00915,0.008230393752455711,0.9497908353805542
TEST_00916,0.0033543920144438744,0.9741379618644714
TEST_00917,0.0822293609380722,0.6071865558624268
TEST_00918,0.021286681294441223,0.9982732534408569
TEST_00919,0.0007485845126211643,0.9846768975257874
TEST_00920,0.0024088271893560886,0.9996542930603027
TEST_00921,0.22029060125350952,0.6921754479408264
TEST_00922,0.3104221522808075,0.9835343956947327
TEST_00923,0.002244700910523534,0.9998787641525269
TEST_00924,0.04050799831748009,0.9883352518081665
TEST_00925,0.003955751191824675,0.9991920590400696
TEST_00926,0.003986160270869732,0.9999837875366211
TEST_00927,0.20833641290664673,0.6094164848327637
TEST_00928,0.5436087250709534,0.4714542031288147
TEST_00929,0.024253446608781815,0.9774041175842285
TEST_00930,0.06789681315422058,0.8760209083557129
TEST_00931,0.8861785531044006,0.5296393632888794
TEST_00932,1.0892486898228526e-05,0.9994649291038513
TEST_00933,0.034134335815906525,0.9734741449356079
TEST_00934,0.026131071150302887,0.9098519086837769
TEST_00935,0.010288849472999573,0.9954558610916138
TEST_00936,0.013887730427086353,0.9626529812812805
TEST_00937,0.1685495376586914,0.9939443469047546
TEST_00938,0.0024245716631412506,0.9938263297080994
TEST_00939,0.16414836049079895,0.9116120934486389
TEST_00940,0.042256973683834076,0.7866516709327698
TEST_00941,0.012039386667311192,0.9981654286384583
TEST_00942,0.0161680206656456,0.8981769680976868
TEST_00943,0.0005081143463030457,0.8744377493858337
TEST_00944,0.005908404476940632,0.9681642651557922
TEST_00945,0.0019115939503535628,0.9886401891708374
TEST_00946,0.005816916935145855,0.8078922629356384
TEST_00947,0.011916346848011017,0.9978721141815186
TEST_00948,0.1150553971529007,0.8958396911621094
TEST_00949,0.002453632652759552,0.9999914169311523
TEST_00950,0.0012878959532827139,0.9997484087944031
TEST_00951,0.007353577297180891,0.9383732080459595
TEST_00952,0.9102045297622681,0.030386777594685555
TEST_00953,0.030864769592881203,0.9793136715888977
TEST_00954,0.007631339598447084,0.9895347952842712
TEST_00955,0.007166360504925251,0.9002752304077148
TEST_00956,0.7156417965888977,0.45690715312957764
TEST_00957,0.0018948799697682261,0.9935691356658936
TEST_00958,0.06338194012641907,0.9885388016700745
TEST_00959,0.01886098086833954,0.980767011642456
TEST_00960,0.003683309070765972,0.9982170462608337
TEST_00961,0.16682012379169464,0.8577026128768921
TEST_00962,0.006733419373631477,0.9673832654953003
TEST_00963,0.013406338170170784,0.9773722290992737
TEST_00964,0.0016811122186481953,0.9985873699188232
TEST_00965,0.011648277752101421,0.9967570900917053
TEST_00966,0.02807498164474964,0.9360749125480652
TEST_00967,0.02594628743827343,0.8921289443969727
TEST_00968,0.0023955716751515865,0.9950966238975525
TEST_00969,0.009212786331772804,0.9402761459350586
TEST_00970,0.9984258413314819,0.0008927210001274943
TEST_00971,6.964367912587477e-06,0.9997398257255554
TEST_00972,0.006479382980614901,0.9935253858566284
TEST_00973,0.6085798740386963,0.5955064296722412
TEST_00974,0.01756204292178154,0.9999569654464722
TEST_00975,0.026292668655514717,0.8571633696556091
TEST_00976,0.033003512769937515,0.9873799085617065
TEST_00977,0.0047338251024484634,0.9340721964836121
TEST_00978,0.0153128020465374,0.9976814985275269
TEST_00979,0.007384742610156536,0.9949814677238464
TEST_00980,0.11202463507652283,0.6360154151916504
TEST_00981,0.01070181280374527,0.9873815178871155
TEST_00982,0.5713992118835449,0.8899492025375366
TEST_00983,0.021317768841981888,0.9870520830154419
TEST_00984,0.12444785982370377,0.9497283101081848
TEST_00985,0.1787436455488205,0.9783464074134827
TEST_00986,0.0007620233227498829,0.980040431022644
TEST_00987,0.04086611792445183,0.9367671012878418
TEST_00988,3.7436668208101764e-05,0.9999752044677734
TEST_00989,0.00752392178401351,0.9149129390716553
TEST_00990,0.0026685604825615883,0.9962813258171082
TEST_00991,0.013340465724468231,0.9765918850898743
TEST_00992,0.19418713450431824,0.8850710391998291
TEST_00993,0.02203724905848503,0.9315897822380066
TEST_00994,0.1100124642252922,0.8531903028488159
TEST_00995,0.10522785782814026,0.9978055357933044
TEST_00996,0.00012639127089641988,0.9992026686668396
TEST_00997,0.4017096161842346,0.07968035340309143
TEST_00998,0.02131553925573826,0.8685605525970459
TEST_00999,0.0012424025917425752,0.9864205121994019
TEST_01000,0.0004521863302215934,0.9999465942382812
TEST_01001,0.004719968419522047,0.9991651773452759
TEST_01002,0.019192151725292206,0.9701213240623474
TEST_01003,0.02708054892718792,0.9929798245429993
TEST_01004,0.09521176666021347,0.7802919149398804
TEST_01005,0.001239053439348936,0.9932795166969299
TEST_01006,0.010513478890061378,0.9954847097396851
TEST_01007,0.564177930355072,0.7756941914558411
TEST_01008,0.01865004375576973,0.9515377879142761
TEST_01009,0.0038817450404167175,0.9991779923439026
TEST_01010,0.030302196741104126,0.9382982850074768
TEST_01011,0.028115542605519295,0.9882534742355347
TEST_01012,0.007730334531515837,0.998206377029419
TEST_01013,0.058437176048755646,0.9437509775161743
TEST_01014,0.05222240835428238,0.9827702045440674
TEST_01015,0.024350527673959732,0.9392933249473572
TEST_01016,0.018629128113389015,0.9154688715934753
TEST_01017,0.0014067146694287658,0.9667931795120239
TEST_01018,0.017421584576368332,0.986160397529602
TEST_01019,0.009340289048850536,0.9595288634300232
TEST_01020,0.09591972082853317,0.9338528513908386
TEST_01021,0.1566188484430313,0.9676382541656494
TEST_01022,0.3345044255256653,0.9639542102813721
TEST_01023,0.04321001097559929,0.9750040173530579
TEST_01024,0.010237864218652248,0.9967017769813538
TEST_01025,0.14961934089660645,0.9826906323432922
TEST_01026,0.023444468155503273,0.9970868229866028
TEST_01027,0.003698834916576743,0.9910029172897339
TEST_01028,0.9519866108894348,0.7385191321372986
TEST_01029,0.011878480203449726,0.9569904804229736
TEST_01030,0.0030626554507762194,0.9970341920852661
TEST_01031,0.18553373217582703,0.8596144914627075
TEST_01032,0.993669331073761,0.6865720748901367
TEST_01033,0.0017836620099842548,0.9976129531860352
TEST_01034,0.0015534200938418508,0.993301510810852
TEST_01035,0.07731926441192627,0.9926022887229919
TEST_01036,0.267866849899292,0.4681243300437927
TEST_01037,0.09514343738555908,0.9917562007904053
TEST_01038,0.0005869047017768025,0.9971854090690613
TEST_01039,0.0005555280949920416,0.9996471405029297
TEST_01040,0.9999966621398926,5.548960871237796e-06
TEST_01041,0.0007854178547859192,0.9852142930030823
TEST_01042,0.14459393918514252,0.8588072657585144
TEST_01043,0.9426575899124146,0.7211839556694031
TEST_01044,0.9552517533302307,0.7590843439102173
TEST_01045,0.03233268857002258,0.7641715407371521
TEST_01046,0.007538527250289917,0.9753069281578064
TEST_01047,0.0033596090506762266,0.9754628539085388
TEST_01048,0.026768574491143227,0.980773389339447
TEST_01049,0.22219985723495483,0.8890478014945984
TEST_01050,0.005905226804316044,0.9884662628173828
TEST_01051,0.004938725847750902,0.9614352583885193
TEST_01052,0.05566977709531784,0.9612743854522705
TEST_01053,0.009616493247449398,0.9940510392189026
TEST_01054,0.0015015375101938844,0.9938791990280151
TEST_01055,0.09835407137870789,0.8681191205978394
TEST_01056,0.0036180790048092604,0.9999372959136963
TEST_01057,0.0036619314923882484,0.9691697359085083
TEST_01058,0.004021406639367342,0.9963473677635193
TEST_01059,0.00024481682339683175,0.9982036352157593
TEST_01060,0.005891803186386824,0.9601141810417175
TEST_01061,0.0008937831735238433,0.9917576909065247
TEST_01062,0.0033742350060492754,0.9944520592689514
TEST_01063,0.021004775539040565,0.9813345670700073
TEST_01064,0.00476556271314621,0.9928861260414124
TEST_01065,0.006011508405208588,0.9951016306877136
TEST_01066,0.18298545479774475,0.9706116318702698
TEST_01067,0.26929858326911926,0.8980901837348938
TEST_01068,0.18779906630516052,0.9010247588157654
TEST_01069,0.9072961807250977,0.8523572087287903
TEST_01070,0.039284225553274155,0.9990146160125732
TEST_01071,0.06785134971141815,0.8503563404083252
TEST_01072,0.007369267288595438,0.9998273849487305
TEST_01073,0.0069589470513165,0.9999275207519531
TEST_01074,0.062478989362716675,0.909061849117279
TEST_01075,0.007830485701560974,0.9930539727210999
TEST_01076,0.012168181128799915,0.992616593837738
TEST_01077,0.9674897193908691,0.8153571486473083
TEST_01078,0.07434331625699997,0.974675714969635
TEST_01079,0.9384025931358337,0.7193033695220947
TEST_01080,3.851559813483618e-05,0.9989836812019348
TEST_01081,0.00281341141089797,0.9601046442985535
TEST_01082,0.016004694625735283,0.9937132000923157
TEST_01083,0.01758577860891819,0.9731971621513367
TEST_01084,0.00823922548443079,0.9774523973464966
TEST_01085,0.0008968935580924153,0.9998354911804199
TEST_01086,0.8383716940879822,0.8974590301513672
TEST_01087,0.02206958644092083,0.17233838140964508
TEST_01088,0.0029325373470783234,0.9999583959579468
TEST_01089,0.011213806457817554,0.9978166818618774
TEST_01090,0.08437761664390564,0.8949432373046875
TEST_01091,0.02311057411134243,0.997806966304779
TEST_01092,0.15865400433540344,0.9104676246643066
TEST_01093,0.020465509966015816,0.9615616202354431
TEST_01094,0.021761702373623848,0.9650231003761292
TEST_01095,0.06871171295642853,0.9163704514503479
TEST_01096,0.0010080712381750345,0.9984874725341797
TEST_01097,0.721211314201355,0.501899778842926
TEST_01098,0.019123924896121025,0.9923692941665649
TEST_01099,0.6650545001029968,0.881018340587616
TEST_01100,0.32274094223976135,0.9889640808105469
TEST_01101,0.08415435999631882,0.7918721437454224
TEST_01102,0.02135646529495716,0.9026665091514587
TEST_01103,0.012209638953208923,0.9683883786201477
TEST_01104,0.008974429219961166,0.8783705234527588
TEST_01105,0.03184138983488083,0.9394315481185913
TEST_01106,0.1382291465997696,0.9904717206954956
TEST_01107,0.1315927505493164,0.95896977186203
TEST_01108,0.008395640179514885,0.9712423086166382
TEST_01109,0.002130829496309161,0.9688006043434143
TEST_01110,0.15485934913158417,0.8030587434768677
TEST_01111,0.09794910252094269,0.1846991777420044
TEST_01112,0.03109372779726982,0.9834169149398804
TEST_01113,0.008661230094730854,0.9928427934646606
TEST_01114,0.05718511343002319,0.9979039430618286
TEST_01115,0.02076777257025242,0.9559252262115479
TEST_01116,0.006398795638233423,0.9951748847961426
TEST_01117,0.057619061321020126,0.8681100606918335
TEST_01118,0.007896899245679379,0.9952810406684875
TEST_01119,0.0009599329787306488,0.970487117767334
TEST_01120,0.0028021405450999737,0.9642314314842224
TEST_01121,0.0009840932907536626,0.9997164607048035
TEST_01122,0.004373223055154085,0.9999960660934448
TEST_01123,0.2731078565120697,0.9629395008087158
TEST_01124,0.14370515942573547,0.9544047713279724
TEST_01125,0.021430669352412224,0.9422117471694946
TEST_01126,0.044057171791791916,0.8922080397605896
TEST_01127,0.0033846404403448105,0.9533286690711975
TEST_01128,0.23408789932727814,0.9515365362167358
TEST_01129,0.9998805522918701,0.0016139592044055462
TEST_01130,0.02699774131178856,0.9908133149147034
TEST_01131,0.004384598694741726,0.9979366064071655
TEST_01132,0.007145427167415619,0.9998038411140442
TEST_01133,0.983829915523529,0.0011359163327142596
TEST_01134,0.002343318425118923,0.9943080544471741
TEST_01135,0.0010821435134857893,0.998479425907135
TEST_01136,0.0005597717245109379,0.9965189695358276
TEST_01137,0.0792585164308548,0.9907447695732117
TEST_01138,0.009388815611600876,0.9753801822662354
TEST_01139,0.0006776086520403624,0.9998379945755005
TEST_01140,0.9417263269424438,0.2625011205673218
TEST_01141,0.015066230669617653,0.9984581470489502
TEST_01142,0.02012963406741619,0.997723400592804
TEST_01143,0.0548478364944458,0.8768001794815063
TEST_01144,0.011647498235106468,0.9991016387939453
TEST_01145,0.049926698207855225,0.9552905559539795
TEST_01146,0.003066760953515768,0.9957689046859741
TEST_01147,0.6255030632019043,0.7444371581077576
TEST_01148,0.040333788841962814,0.9991270899772644
TEST_01149,0.012664931826293468,0.9959220886230469
TEST_01150,0.005932744592428207,0.9991270899772644
TEST_01151,0.004192615393549204,0.9980949759483337
TEST_01152,0.09937791526317596,0.9958730340003967
TEST_01153,0.0015605771914124489,0.9728979468345642
TEST_01154,0.09157684445381165,0.9077662229537964
TEST_01155,0.7031904458999634,0.840162456035614
TEST_01156,0.022744758054614067,0.9827107787132263
TEST_01157,0.0009322931291535497,0.9998431205749512
TEST_01158,0.03035786561667919,0.9958480596542358
TEST_01159,0.0021858830004930496,0.9981252551078796
TEST_01160,0.0021857935935258865,0.9998350143432617
TEST_01161,0.004058358259499073,0.9985184073448181
TEST_01162,0.0001941531663760543,0.9982684850692749
TEST_01163,0.012959524989128113,0.9489928483963013
TEST_01164,0.11044781655073166,0.9416676759719849
TEST_01165,0.507725715637207,0.4330843389034271
TEST_01166,0.002839119406417012,0.9999852180480957
TEST_01167,0.02509726956486702,0.9921810626983643
TEST_01168,0.0019200113601982594,0.9950153231620789
TEST_01169,0.9577965140342712,0.8968684673309326
TEST_01170,0.04234278202056885,0.9867940545082092
TEST_01171,0.17784106731414795,0.9662930369377136
TEST_01172,0.05526241287589073,0.8801183104515076
TEST_01173,0.03419998660683632,0.9958505630493164
TEST_01174,0.016689851880073547,0.8959770798683167
TEST_01175,0.0040526785887777805,0.9985804557800293
TEST_01176,0.0053941779769957066,0.9976693987846375
TEST_01177,0.0349922850728035,0.9984990358352661
TEST_01178,0.0003153884899802506,0.9992944002151489
TEST_01179,0.05283840373158455,0.8540619015693665
TEST_01180,0.013903149403631687,0.9995899796485901
TEST_01181,0.04091896116733551,0.9946886301040649
TEST_01182,0.009885581210255623,0.9686715006828308
TEST_01183,0.01074212696403265,0.8445801138877869
TEST_01184,0.9984006285667419,0.9065859317779541
TEST_01185,0.016961894929409027,0.9746285080909729
TEST_01186,0.006249596364796162,0.9634721279144287
TEST_01187,0.043244872242212296,0.9489447474479675
TEST_01188,0.0019015996949747205,0.9997418522834778
TEST_01189,0.027074676007032394,0.9004062414169312
TEST_01190,0.002411213703453541,0.9860202670097351
TEST_01191,0.0015107521321624517,0.9989984631538391
TEST_01192,0.00186056864913553,0.9985396862030029
TEST_01193,0.21427585184574127,0.966363251209259
TEST_01194,0.0018763195257633924,0.9966963529586792
TEST_01195,0.08299776911735535,0.9693191647529602
TEST_01196,0.001365549978800118,0.9941385984420776
TEST_01197,0.11378157883882523,0.9905537962913513
TEST_01198,0.9999291896820068,0.0006367252790369093
TEST_01199,0.45813122391700745,0.9946179986000061
TEST_01200,0.0027020599227398634,0.9977370500564575
TEST_01201,0.026498615741729736,0.9903329014778137
TEST_01202,0.055179398506879807,0.9836683869361877
TEST_01203,0.006736726500093937,0.9904431700706482
TEST_01204,0.04806210473179817,0.8586100935935974
TEST_01205,0.01864350214600563,0.9711164832115173
TEST_01206,0.3553803563117981,0.8649923205375671
TEST_01207,0.04503273218870163,0.8813446760177612
TEST_01208,0.024906428530812263,0.9952840209007263
TEST_01209,0.010075937025249004,0.9999959468841553
TEST_01210,0.13935457170009613,0.9092441201210022
TEST_01211,0.6316496729850769,0.8270118832588196
TEST_01212,0.004616357386112213,0.999864935874939
TEST_01213,0.060158997774124146,0.8743073344230652
TEST_01214,0.4213496446609497,0.06921300292015076
TEST_01215,0.006836586631834507,0.996179461479187
TEST_01216,0.0005975079257041216,0.9961097836494446
TEST_01217,0.5961134433746338,0.9854118227958679
TEST_01218,0.018222268670797348,0.9960415363311768
TEST_01219,0.015891581773757935,0.9999980926513672
TEST_01220,0.004363003186881542,0.9992190599441528
TEST_01221,0.0005993667291477323,0.9989508390426636
TEST_01222,0.018502704799175262,0.997523844242096
TEST_01223,0.004980664700269699,0.983070433139801
TEST_01224,0.29414603114128113,0.9995866417884827
TEST_01225,0.005960311274975538,0.9994660019874573
TEST_01226,0.008497057482600212,0.9811930656433105
TEST_01227,0.36874452233314514,0.675718367099762
TEST_01228,0.0034273378551006317,0.9987607002258301
TEST_01229,0.07067817449569702,0.9560122489929199
TEST_01230,0.018262919038534164,0.9970353841781616
TEST_01231,0.009263898245990276,0.932895839214325
TEST_01232,0.007028022315353155,0.8329170942306519
TEST_01233,0.2367384135723114,0.8037239909172058
TEST_01234,0.0013358008582144976,0.9992246627807617
TEST_01235,0.0037747626192867756,0.997776210308075
TEST_01236,0.000114437636511866,0.9999942779541016
TEST_01237,0.02576488070189953,0.8970451354980469
TEST_01238,0.0018651240970939398,0.9984887838363647
TEST_01239,0.2809050679206848,0.16460511088371277
TEST_01240,0.004553214646875858,0.9938072562217712
TEST_01241,0.023074405267834663,0.9303919076919556
TEST_01242,0.4715469479560852,0.9901031255722046
TEST_01243,0.0006571812555193901,0.9997780919075012
TEST_01244,0.005154527258127928,0.9814474582672119
TEST_01245,0.016974953934550285,0.7558843493461609
TEST_01246,0.035643916577100754,0.020817087963223457
TEST_01247,0.011156247928738594,0.934777557849884
TEST_01248,0.04243166372179985,0.984993577003479
TEST_01249,0.0012431808281689882,0.9979422688484192
TEST_01250,0.013565185479819775,0.6671745777130127
TEST_01251,0.11633067578077316,0.9815239310264587
TEST_01252,0.009884064085781574,0.9988532066345215
TEST_01253,0.009666390717029572,0.9961796998977661
TEST_01254,0.9276424050331116,0.9784178137779236
TEST_01255,0.06951496750116348,0.9845014214515686
TEST_01256,0.044569920748472214,0.9783998131752014
TEST_01257,0.0012825557496398687,0.9854904413223267
TEST_01258,0.0042041996493935585,0.989540159702301
TEST_01259,0.001025046338327229,0.9931445121765137
TEST_01260,0.016362261027097702,0.9461877346038818
TEST_01261,0.003221484599635005,0.9987859129905701
TEST_01262,0.0021749050356447697,0.9178685545921326
TEST_01263,0.007278386037796736,0.9994847774505615
TEST_01264,0.00408190069720149,0.9990993738174438
TEST_01265,0.0025302518624812365,0.9980798959732056
TEST_01266,0.05736209452152252,0.9400367736816406
TEST_01267,0.02956894040107727,0.9640432596206665
TEST_01268,0.5895500183105469,0.9055222868919373
TEST_01269,0.005969884805381298,0.9973917007446289
TEST_01270,0.0014698586892336607,0.9905362725257874
TEST_01271,0.007972336374223232,0.9986487030982971
TEST_01272,0.0372021421790123,0.9510272145271301
TEST_01273,0.0038483906537294388,0.8771259188652039
TEST_01274,0.019392218440771103,0.9678648710250854
TEST_01275,0.0024899595882743597,0.9990004897117615
TEST_01276,0.0014425155241042376,0.9940077066421509
TEST_01277,0.02191908285021782,0.9881260395050049
TEST_01278,0.0025041645858436823,0.9980970025062561
TEST_01279,0.003071531420573592,0.9985969662666321
TEST_01280,0.012060942128300667,0.9694223999977112
TEST_01281,0.10046073794364929,0.9389216899871826
TEST_01282,0.001307231723330915,0.9986265897750854
TEST_01283,0.03871886059641838,0.9892669916152954
TEST_01284,0.00482682790607214,0.9897791743278503
TEST_01285,0.0019532903097569942,0.9909703731536865
TEST_01286,0.0032679089345037937,0.9912932515144348
TEST_01287,0.8422297239303589,0.3157784938812256
TEST_01288,0.2327336072921753,0.4549879729747772
TEST_01289,0.0038353046402335167,0.998181939125061
TEST_01290,0.2972954213619232,0.9600645303726196
TEST_01291,0.033616263419389725,0.9936229586601257
TEST_01292,0.054841119796037674,0.23908168077468872
TEST_01293,0.001298866351135075,0.9997640252113342
TEST_01294,0.2767866849899292,0.9692041277885437
TEST_01295,0.011333853006362915,0.9893614649772644
TEST_01296,0.0014102779095992446,0.979160726070404
TEST_01297,0.027035221457481384,0.9998552799224854
TEST_01298,0.0590488500893116,0.9947307109832764
TEST_01299,0.041414495557546616,0.9017401337623596
TEST_01300,0.0034265967551618814,0.9853417873382568
TEST_01301,0.07774946093559265,0.9298319220542908
TEST_01302,0.6887152194976807,0.6141541600227356
TEST_01303,0.005591841880232096,0.9982759952545166
TEST_01304,0.0013165076961740851,0.9937064051628113
TEST_01305,0.0021644383668899536,0.9980417490005493
TEST_01306,0.021729091182351112,0.9977350234985352
TEST_01307,0.022521037608385086,0.989513635635376
TEST_01308,0.02084222249686718,0.9991205334663391
TEST_01309,0.003509588073939085,0.9959388971328735
TEST_01310,0.11383185535669327,0.03951309248805046
TEST_01311,0.00103171041700989,0.9951245188713074
TEST_01312,0.0002832442696671933,0.9992853999137878
TEST_01313,0.4285110533237457,0.005070285405963659
TEST_01314,0.03040466085076332,0.9983760118484497
TEST_01315,0.010282083414494991,0.9460004568099976
TEST_01316,0.514126718044281,0.857582151889801
TEST_01317,0.24297396838665009,0.9439606070518494
TEST_01318,0.7152912616729736,0.14014111459255219
TEST_01319,0.11046529561281204,0.9107455611228943
TEST_01320,0.03800946846604347,0.9771649241447449
TEST_01321,0.7227306365966797,0.6677065491676331
TEST_01322,0.0020727314986288548,0.9383591413497925
TEST_01323,0.01667669601738453,0.9262050986289978
TEST_01324,0.0026870383881032467,0.9972278475761414
TEST_01325,0.1002139151096344,0.9456768035888672
TEST_01326,0.6669105887413025,0.985305905342102
TEST_01327,0.015970567241311073,0.6225071549415588
TEST_01328,0.005171137396246195,0.9867830276489258
TEST_01329,0.06794384121894836,0.7443705797195435
TEST_01330,0.024258596822619438,0.9480785727500916
TEST_01331,0.008265482261776924,0.971994161605835
TEST_01332,0.06343693286180496,0.89836585521698
TEST_01333,0.035089749842882156,0.899670422077179
TEST_01334,0.0018894047243520617,0.9945479035377502
TEST_01335,0.006285719107836485,0.9373127818107605
TEST_01336,0.0016654139617457986,0.9522355794906616
TEST_01337,0.15768277645111084,0.8985217213630676
TEST_01338,0.012477167882025242,0.9700324535369873
TEST_01339,0.0025488229002803564,0.9915270209312439
TEST_01340,0.002507139230147004,0.9989039897918701
TEST_01341,0.18241308629512787,0.9889225959777832
TEST_01342,0.5904788374900818,0.9886205792427063
TEST_01343,0.9995549321174622,9.317613148596138e-05
TEST_01344,0.019279882311820984,0.7922073006629944
TEST_01345,0.006099568214267492,0.848533034324646
TEST_01346,0.46322059631347656,0.6897675395011902
TEST_01347,0.03820157051086426,0.9855734705924988
TEST_01348,0.09052657335996628,0.8532508611679077
TEST_01349,0.015396717935800552,0.9948252439498901
TEST_01350,0.07639224082231522,0.7956020832061768
TEST_01351,0.002896689809858799,0.9865868091583252
TEST_01352,0.0009805139852687716,0.9998512268066406
TEST_01353,0.004696466028690338,0.9101263284683228
TEST_01354,0.1292441189289093,0.9952332377433777
TEST_01355,0.01612403430044651,0.9943307638168335
TEST_01356,0.0028895025607198477,0.9940349459648132
TEST_01357,0.0021353065967559814,0.9967504739761353
TEST_01358,0.019005514681339264,0.9814266562461853
TEST_01359,0.028850026428699493,0.43883001804351807
TEST_01360,0.008922357112169266,0.9888861179351807
TEST_01361,0.0008838939829729497,0.9994487166404724
TEST_01362,0.2264416217803955,0.8726571798324585
TEST_01363,0.006367141380906105,0.9879273772239685
TEST_01364,0.06967048346996307,0.9532581567764282
TEST_01365,0.016612369567155838,0.9707104563713074
TEST_01366,0.0025123655796051025,0.7993131875991821
TEST_01367,0.0017346281092613935,0.9988957643508911
TEST_01368,0.002697478048503399,0.41135573387145996
TEST_01369,0.0019079498015344143,0.9980552196502686
TEST_01370,0.01256188377737999,0.9896829128265381
TEST_01371,0.8324995636940002,0.9706678986549377
TEST_01372,0.07019216567277908,0.8660785555839539
TEST_01373,0.007105071563273668,0.9240948557853699
TEST_01374,0.00030961856828071177,0.9993559718132019
TEST_01375,0.014644850976765156,0.9827319979667664
TEST_01376,0.0016352805541828275,0.9989984631538391
TEST_01377,0.01656985841691494,0.9813281297683716
TEST_01378,0.0013743992894887924,0.995071530342102
TEST_01379,0.02640833705663681,0.9747256636619568
TEST_01380,0.002281362423673272,0.8160282373428345
TEST_01381,0.0942251980304718,0.9734734892845154
TEST_01382,0.00481185270473361,0.9998146891593933
TEST_01383,0.005497772712260485,0.9944595098495483
TEST_01384,0.8909856081008911,0.10819750279188156
TEST_01385,0.0008636580896563828,0.9997844099998474
TEST_01386,0.004105863627046347,0.9821813106536865
TEST_01387,0.5731310844421387,0.633743405342102
TEST_01388,0.6636492013931274,0.9563276767730713
TEST_01389,0.021655241027474403,0.9502537250518799
TEST_01390,0.029649773612618446,0.9862149357795715
TEST_01391,0.0856923907995224,0.9602742195129395
TEST_01392,0.00367285986430943,0.9990682005882263
TEST_01393,0.1426847130060196,0.9327253103256226
TEST_01394,0.012021257542073727,0.9997422099113464
TEST_01395,0.9128180742263794,0.7413547039031982
TEST_01396,4.490267747314647e-05,0.9998801946640015
TEST_01397,0.9994513392448425,0.07324440032243729
TEST_01398,0.11225089430809021,0.9942718744277954
TEST_01399,0.5914801955223083,0.809301495552063
TEST_01400,0.0388367623090744,0.9504699110984802
TEST_01401,0.051284585148096085,0.9098110795021057
TEST_01402,0.03690195828676224,0.892227828502655
TEST_01403,0.0007381492177955806,0.9995893836021423
TEST_01404,0.018128322437405586,0.9918472766876221
TEST_01405,0.004516742657870054,0.9729233980178833
TEST_01406,0.8633789420127869,0.9138064384460449
TEST_01407,0.0013706829631701112,0.9999806880950928
TEST_01408,0.3168512284755707,0.9859403371810913
TEST_01409,0.04599003121256828,0.4371584951877594
TEST_01410,0.020593121647834778,0.9794273376464844
TEST_01411,0.029964156448841095,0.9506484866142273
TEST_01412,0.012728345580399036,0.9566117525100708
TEST_01413,0.005063975229859352,0.9998977184295654
TEST_01414,0.004460784140974283,0.9529991149902344
TEST_01415,0.036055658012628555,0.7489064931869507
TEST_01416,0.2941887676715851,0.8094284534454346
TEST_01417,0.0045093754306435585,0.9990215301513672
TEST_01418,0.05145985633134842,0.981752872467041
TEST_01419,0.05103859677910805,0.9998080134391785
TEST_01420,0.08438218384981155,0.9496436715126038
TEST_01421,0.018481111153960228,0.9795743823051453
TEST_01422,0.08551999926567078,0.9681697487831116
TEST_01423,0.02251427061855793,0.9957477450370789
TEST_01424,0.004950879141688347,0.9999620914459229
TEST_01425,0.017958564683794975,0.9964022636413574
TEST_01426,0.13072796165943146,0.9474741220474243
TEST_01427,0.47956031560897827,0.3628622591495514
TEST_01428,0.014776671305298805,0.9849311113357544
TEST_01429,0.0014273857232183218,0.9998643398284912
TEST_01430,0.0033554297406226397,0.9957906603813171
TEST_01431,0.045471541583538055,0.9868729710578918
TEST_01432,0.03716079890727997,0.9513814449310303
TEST_01433,0.019314497709274292,0.9904909133911133
TEST_01434,0.0027079309802502394,0.9988542795181274
TEST_01435,0.03057524934411049,0.9928938746452332
TEST_01436,0.0004246491298545152,0.9994175434112549
TEST_01437,0.0479765422642231,0.9881517291069031
TEST_01438,0.00853692926466465,0.9993371367454529
TEST_01439,0.009793869219720364,0.8949185609817505
TEST_01440,0.10311450809240341,0.8536226749420166
TEST_01441,0.9978197813034058,0.02664322592318058
TEST_01442,0.003603524062782526,0.9971835017204285
TEST_01443,0.10024922341108322,0.8956644535064697
TEST_01444,0.004934466909617186,0.9955950379371643
TEST_01445,0.06971942633390427,0.8792678117752075
TEST_01446,0.030636481940746307,0.9184445738792419
TEST_01447,0.04250311106443405,0.897798478603363
TEST_01448,0.000953151669818908,0.9980747699737549
TEST_01449,0.0052893380634486675,0.8369619846343994
TEST_01450,0.0008348568226210773,0.9977922439575195
TEST_01451,0.2190638780593872,0.9575173258781433
TEST_01452,0.012703831307590008,0.9956062436103821
TEST_01453,0.008643977344036102,0.9998363256454468
TEST_01454,0.0006962363258935511,0.9985380172729492
TEST_01455,0.004556695464998484,0.9950065612792969
TEST_01456,0.9419307112693787,0.5710248351097107
TEST_01457,0.5891014933586121,0.39740267395973206
TEST_01458,0.03606417775154114,0.934812068939209
TEST_01459,0.04722903296351433,0.8736057877540588
TEST_01460,0.004500438459217548,0.9482419490814209
TEST_01461,0.08228760957717896,0.9877660274505615
TEST_01462,0.008373810909688473,0.9948819875717163
TEST_01463,0.010944473557174206,0.9794425368309021
TEST_01464,0.005657238885760307,0.9913653135299683
TEST_01465,0.6068782210350037,0.9906538128852844
TEST_01466,0.0005393590545281768,0.9982025623321533
TEST_01467,0.0014291430125012994,0.9976440072059631
TEST_01468,0.0017882040701806545,0.9959914088249207
TEST_01469,0.005203662905842066,0.9988287091255188
TEST_01470,0.1386079341173172,0.9906774759292603
TEST_01471,0.0017853776225820184,0.9918071627616882
TEST_01472,0.00748057384043932,0.990712583065033
TEST_01473,0.9174144864082336,0.5906622409820557
TEST_01474,0.05463280901312828,0.9215742945671082
TEST_01475,0.05411189794540405,0.7819552421569824
TEST_01476,0.437827467918396,0.9620042443275452
TEST_01477,0.0838560163974762,0.9735045433044434
TEST_01478,0.014753912575542927,0.9966541528701782
TEST_01479,0.0027429680339992046,0.9995201826095581
TEST_01480,0.10093814879655838,0.942371666431427
TEST_01481,0.03233871981501579,0.9892066717147827
TEST_01482,0.002402864396572113,0.9850741624832153
TEST_01483,0.000782700430136174,0.9915483593940735
TEST_01484,0.023715777322649956,0.9063320755958557
TEST_01485,0.19728124141693115,0.8439345359802246
TEST_01486,0.00937366858124733,0.9687604308128357
TEST_01487,0.0014074689242988825,0.9979175925254822
TEST_01488,0.0010971700539812446,0.9997071623802185
TEST_01489,0.006713178940117359,0.8657900094985962
TEST_01490,0.004117659293115139,0.997631311416626
TEST_01491,0.015310436487197876,0.9308644533157349
TEST_01492,0.0266717541962862,0.9005380272865295
TEST_01493,0.012577123008668423,0.9957963228225708
TEST_01494,0.016931850463151932,0.9897593259811401
TEST_01495,0.01509831752628088,0.9620893597602844
TEST_01496,0.043360576033592224,0.4266505539417267
TEST_01497,0.0002319372579222545,0.9972079396247864
TEST_01498,0.9980975985527039,0.5024027228355408
TEST_01499,0.42164576053619385,0.9521209001541138
TEST_01500,0.002749719889834523,0.9572374820709229
TEST_01501,0.20674468576908112,0.9332700371742249
TEST_01502,0.02765337936580181,0.9750369191169739
TEST_01503,0.07127808779478073,0.9397339224815369
TEST_01504,0.006754884030669928,0.9560985565185547
TEST_01505,0.7790204882621765,0.5339369773864746
TEST_01506,0.0021087012719362974,0.9647523760795593
TEST_01507,0.025507718324661255,0.965099573135376
TEST_01508,0.0009343262645415962,0.996607780456543
TEST_01509,0.00018225050007458776,0.9995415210723877
TEST_01510,0.9385900497436523,0.8880774974822998
TEST_01511,0.001470917952246964,0.9978456497192383
TEST_01512,0.48866379261016846,0.9932911396026611
TEST_01513,0.00436791917309165,0.994130551815033
TEST_01514,0.0829617828130722,0.9952669143676758
TEST_01515,0.020093737170100212,0.9802623987197876
TEST_01516,0.008952491916716099,0.9022705554962158
TEST_01517,0.020116103813052177,0.9941887855529785
TEST_01518,0.028723834082484245,0.9850913882255554
TEST_01519,0.010497701354324818,0.9663434624671936
TEST_01520,0.04248664900660515,0.8732413649559021
TEST_01521,0.04088800027966499,0.8470785021781921
TEST_01522,0.004670700989663601,0.9993983507156372
TEST_01523,0.15843290090560913,0.9062948226928711
TEST_01524,0.0008193779503926635,0.983320415019989
TEST_01525,0.00277360319159925,0.9993065595626831
TEST_01526,0.7847930788993835,0.4454617500305176
TEST_01527,0.0005745025118812919,0.9976896047592163
TEST_01528,0.006193732377141714,0.9864227175712585
TEST_01529,0.00018710036238189787,0.9997857213020325
TEST_01530,0.0036166009958833456,0.8820102214813232
TEST_01531,0.004400254692882299,0.9994853734970093
TEST_01532,0.016251590102910995,0.9840041995048523
TEST_01533,0.01477615162730217,0.9971889853477478
TEST_01534,0.012281174771487713,0.9773604869842529
TEST_01535,0.012278757058084011,0.9687642455101013
TEST_01536,0.9466171860694885,0.9249334335327148
TEST_01537,0.7849361300468445,0.9977841973304749
TEST_01538,0.001117632957175374,0.9975461363792419
TEST_01539,0.0028511048294603825,0.9826861619949341
TEST_01540,0.08436939865350723,0.9843394756317139
TEST_01541,0.0006275271298363805,0.9734578132629395
TEST_01542,0.003952967934310436,0.9905793070793152
TEST_01543,0.13919726014137268,0.8870230317115784
TEST_01544,0.11500842869281769,0.853825032711029
TEST_01545,0.029148664325475693,0.9864985942840576
TEST_01546,0.45351308584213257,0.4831553101539612
TEST_01547,0.0035616473760455847,0.9555749297142029
TEST_01548,0.027358517050743103,0.9073291420936584
TEST_01549,0.9982341527938843,0.706636369228363
TEST_01550,0.04336130991578102,0.8925691843032837
TEST_01551,0.003095341380685568,0.9961438179016113
TEST_01552,0.0003544167848303914,0.9986271858215332
TEST_01553,0.004569604527205229,0.993994414806366
TEST_01554,0.01574782282114029,0.9966968297958374
TEST_01555,0.287415087223053,0.918941080570221
TEST_01556,0.0504901148378849,0.936834990978241
TEST_01557,0.0009129442041739821,0.9944921731948853
TEST_01558,0.00498547637835145,0.9997168183326721
TEST_01559,0.039853718131780624,0.9842900633811951
TEST_01560,0.0009758236119523644,0.9963316321372986
TEST_01561,0.08508430421352386,0.8210469484329224
TEST_01562,0.05216580629348755,0.9954193830490112
TEST_01563,0.001125892042182386,0.9760309457778931
TEST_01564,0.7468938231468201,0.3161754608154297
TEST_01565,0.9975054860115051,0.0011397640919312835
TEST_01566,0.026734570041298866,0.9961632490158081
TEST_01567,0.026058046147227287,0.9936203360557556
TEST_01568,0.00838466640561819,0.9972949624061584
TEST_01569,0.005280299112200737,0.9998730421066284
TEST_01570,0.024553995579481125,0.9857715368270874
TEST_01571,0.001136789913289249,0.999833345413208
TEST_01572,0.991917073726654,0.15614834427833557
TEST_01573,0.40224939584732056,0.9855007529258728
TEST_01574,0.003092094324529171,0.9980583786964417
TEST_01575,0.9940966367721558,0.964651882648468
TEST_01576,0.003336156951263547,0.9512180089950562
TEST_01577,0.052629634737968445,0.9380979537963867
TEST_01578,0.004034636542201042,0.9974138736724854
TEST_01579,0.016761017963290215,0.9599024653434753
TEST_01580,0.0049017686396837234,0.9991300702095032
TEST_01581,0.006389062386006117,0.9939821362495422
TEST_01582,0.028641635552048683,0.9351829886436462
TEST_01583,0.003021857002750039,0.9947859644889832
TEST_01584,0.0027303656097501516,0.9987531900405884
TEST_01585,0.8354774713516235,0.10774669796228409
TEST_01586,0.04183093085885048,0.9933903217315674
TEST_01587,0.016629843041300774,0.9133476614952087
TEST_01588,0.9990707039833069,0.0776289701461792
TEST_01589,0.018908357247710228,0.9992984533309937
TEST_01590,0.007567232940346003,0.34668707847595215
TEST_01591,0.03524075821042061,0.9665074348449707
TEST_01592,0.004542123526334763,0.9976116418838501
TEST_01593,0.02198370359838009,0.9461226463317871
TEST_01594,0.610015869140625,0.19997280836105347
TEST_01595,0.17574383318424225,0.945716142654419
TEST_01596,0.032093506306409836,0.2706987261772156
TEST_01597,0.10367057472467422,0.9158126711845398
TEST_01598,0.018609723076224327,0.9901884198188782
TEST_01599,0.000995426787994802,0.9875178933143616
TEST_01600,0.0004637152887880802,0.9990395903587341
TEST_01601,0.006157186813652515,0.9995324611663818
TEST_01602,0.04431255906820297,0.9871839880943298
TEST_01603,0.016365377232432365,0.886178731918335
TEST_01604,0.008451382629573345,0.9925104379653931
TEST_01605,0.0016078937333077192,0.9979187846183777
TEST_01606,0.640770673751831,0.7651028037071228
TEST_01607,0.0006168810068629682,0.9994533658027649
TEST_01608,0.0005376844201236963,0.9969958066940308
TEST_01609,0.011513949371874332,0.8654792904853821
TEST_01610,0.005169420037418604,0.9602680802345276
TEST_01611,0.3015158772468567,0.9223425984382629
TEST_01612,0.01857725903391838,0.9986063838005066
TEST_01613,0.0035440202336758375,0.9999964237213135
TEST_01614,0.0033478306140750647,0.8952627778053284
TEST_01615,0.007143502589315176,0.9781529903411865
TEST_01616,0.06605301797389984,0.9968234300613403
TEST_01617,0.003762626089155674,0.9964104294776917
TEST_01618,0.0020454884506762028,0.9236553907394409
TEST_01619,0.0016483166255056858,0.9694119095802307
TEST_01620,0.9920132756233215,0.9147437214851379
TEST_01621,0.04250222072005272,0.9732136130332947
TEST_01622,0.01963682845234871,0.9901897311210632
TEST_01623,0.006428304128348827,0.9769944548606873
TEST_01624,0.2574132978916168,0.8487830758094788
TEST_01625,0.006284947507083416,0.998557984828949
TEST_01626,0.057123225182294846,0.9174335598945618
TEST_01627,0.0009487306815572083,0.9839121699333191
TEST_01628,0.010607247240841389,0.9944804906845093
TEST_01629,0.17843250930309296,0.6864568591117859
TEST_01630,0.002227551070973277,0.9997015595436096
TEST_01631,0.005191591568291187,0.8904646635055542
TEST_01632,0.06366470456123352,0.9446517825126648
TEST_01633,0.47941088676452637,0.8343655467033386
TEST_01634,0.027268925681710243,0.9709214568138123
TEST_01635,0.05542326346039772,0.9290825128555298
TEST_01636,0.005152957513928413,0.9990391731262207
TEST_01637,0.025150995701551437,0.9968666434288025
TEST_01638,0.001037035253830254,0.9991726279258728
TEST_01639,0.00015482520393561572,0.9991605281829834
TEST_01640,0.02726140059530735,0.9116846919059753
TEST_01641,0.0009712012251839042,0.9895904660224915
TEST_01642,0.003740687156096101,0.9737133979797363
TEST_01643,0.028529755771160126,0.9653639197349548
TEST_01644,0.26247459650039673,0.7030141353607178
TEST_01645,0.0012876586988568306,0.9782568216323853
TEST_01646,0.018763467669487,0.9614965319633484
TEST_01647,0.8374329805374146,0.9346383213996887
TEST_01648,0.03909618407487869,0.9321470856666565
TEST_01649,0.02761189267039299,0.9822292327880859
TEST_01650,0.006019737105816603,0.564148485660553
TEST_01651,0.2978743314743042,0.902690589427948
TEST_01652,0.00338264019228518,0.9996516704559326
TEST_01653,0.0020707114599645138,0.9985862970352173
TEST_01654,0.0260044913738966,0.9995630383491516
TEST_01655,0.001637642621062696,0.9990923404693604
TEST_01656,0.04035027697682381,0.9959679841995239
TEST_01657,0.45283249020576477,0.9847431182861328
TEST_01658,0.00032335813739337027,0.9998705387115479
TEST_01659,0.017220627516508102,0.9496463537216187
TEST_01660,0.008175631985068321,0.9982605576515198
TEST_01661,0.002856763545423746,0.9989726543426514
TEST_01662,0.06381633877754211,0.9694436192512512
TEST_01663,0.15816408395767212,0.576606035232544
TEST_01664,0.023917945101857185,0.9589287638664246
TEST_01665,0.00474487105384469,0.9980745315551758
TEST_01666,0.3124210238456726,0.8953791260719299
TEST_01667,0.4975073039531708,0.9884952306747437
TEST_01668,0.0020004191901534796,0.9958834052085876
TEST_01669,0.0009112513507716358,0.9976593255996704
TEST_01670,0.0032556464429944754,0.9884507656097412
TEST_01671,0.004396324977278709,0.9829086065292358
TEST_01672,0.004383595194667578,0.9002574682235718
TEST_01673,0.005784560926258564,0.9977777600288391
TEST_01674,0.14724744856357574,0.8409377336502075
TEST_01675,0.0011152956867590547,0.9998762607574463
TEST_01676,0.014781039208173752,0.8348101377487183
TEST_01677,0.0021467243786901236,0.9995951056480408
TEST_01678,0.024967847391963005,0.6164104342460632
TEST_01679,0.0007899352931417525,0.995502769947052
TEST_01680,0.27820223569869995,0.9306403398513794
TEST_01681,0.0007456667954102159,0.9985699653625488
TEST_01682,0.04894496127963066,0.9831470847129822
TEST_01683,0.40775206685066223,0.8545930981636047
TEST_01684,0.13775129616260529,0.9213454723358154
TEST_01685,0.0003608519327826798,0.9996942281723022
TEST_01686,0.007273942232131958,0.9881181120872498
TEST_01687,0.30341559648513794,0.9202125668525696
TEST_01688,0.060067690908908844,0.9381832480430603
TEST_01689,0.10491957515478134,0.9859929084777832
TEST_01690,0.9398958683013916,0.04952649399638176
TEST_01691,0.0017526810988783836,0.9377221465110779
TEST_01692,0.9999544620513916,1.3432087143883109e-05
TEST_01693,0.010440222918987274,0.9773272275924683
TEST_01694,0.030265389010310173,0.9901090860366821
TEST_01695,0.06640488654375076,0.8018447756767273
TEST_01696,0.2725506126880646,0.7115271687507629
TEST_01697,0.013432404957711697,0.9810177087783813
TEST_01698,0.00018589579849503934,0.9990033507347107
TEST_01699,0.01949678361415863,0.9427787661552429
TEST_01700,0.8009623289108276,0.8799753785133362
TEST_01701,0.06631459295749664,0.986303985118866
TEST_01702,0.0018579865572974086,0.9996083378791809
TEST_01703,0.5161342620849609,0.8951330780982971
TEST_01704,0.012703760527074337,0.980103611946106
TEST_01705,0.017681868746876717,0.9751423001289368
TEST_01706,0.007830468006432056,0.9950506091117859
TEST_01707,0.0023869744036346674,0.984597384929657
TEST_01708,0.03274340555071831,0.9798440933227539
TEST_01709,0.0016951954457908869,0.9996140599250793
TEST_01710,0.00987957138568163,0.9959293007850647
TEST_01711,0.009630722925066948,0.9928081035614014
TEST_01712,0.0017519020475447178,0.9956314563751221
TEST_01713,0.011465271934866905,0.932130753993988
TEST_01714,0.0006703469553031027,0.999796450138092
TEST_01715,0.0305564533919096,0.9754956364631653
TEST_01716,0.001211634837090969,0.9985613226890564
TEST_01717,0.0009584306390024722,0.9999998807907104
TEST_01718,0.024920953437685966,0.9982433319091797
TEST_01719,0.012083109468221664,0.9949758052825928
TEST_01720,0.001873495988547802,0.9999221563339233
TEST_01721,0.012119695544242859,0.9351505637168884
TEST_01722,0.0027668944094330072,0.9909842014312744
TEST_01723,0.0006083309999667108,0.9997720122337341
TEST_01724,0.0004104064137209207,0.9987137317657471
TEST_01725,0.02106192149221897,0.9490964412689209
TEST_01726,0.0003283756959717721,0.9986053109169006
TEST_01727,0.00593350687995553,0.9665997624397278
TEST_01728,0.0012507037026807666,0.9947262406349182
TEST_01729,0.00552045414224267,0.8442014455795288
TEST_01730,0.0025254099164158106,0.936410129070282
TEST_01731,0.061462726444005966,0.9988116025924683
TEST_01732,0.002969536930322647,0.9457807540893555
TEST_01733,0.0012805905425921082,0.9971628785133362
TEST_01734,0.01649697683751583,0.941794753074646
TEST_01735,0.012901518493890762,0.9994692206382751
TEST_01736,0.012835917994379997,0.9862913489341736
TEST_01737,0.0012568010715767741,0.9995954632759094
TEST_01738,0.0004720804572571069,0.9997311234474182
TEST_01739,0.25691094994544983,0.991737425327301
TEST_01740,0.04826660826802254,0.9137879610061646
TEST_01741,0.15065136551856995,0.9780223369598389
TEST_01742,0.009320233948528767,0.9802637696266174
TEST_01743,0.03750339522957802,0.9713841080665588
TEST_01744,0.0008964287699200213,0.9952892065048218
TEST_01745,0.023169923573732376,0.8865429162979126
TEST_01746,0.0037148217670619488,0.9987223744392395
TEST_01747,0.002983600366860628,0.9975392818450928
TEST_01748,0.005166973453015089,0.8407435417175293
TEST_01749,0.003157181665301323,0.9988180994987488
TEST_01750,0.008096241392195225,0.9987249970436096
TEST_01751,0.1460329294204712,0.8697493672370911
TEST_01752,0.8355757594108582,0.5700299143791199
TEST_01753,0.0008124483283609152,0.9718459844589233
TEST_01754,0.5886496305465698,0.956641674041748
TEST_01755,0.5097616314888,0.07951439917087555
TEST_01756,0.09777944535017014,0.9658502340316772
TEST_01757,0.025177564471960068,0.9034823775291443
TEST_01758,0.037715084850788116,0.9660887122154236
TEST_01759,0.005461237393319607,0.8888261914253235
TEST_01760,0.01557691115885973,0.8823248147964478
TEST_01761,0.43430134654045105,0.7906058430671692
TEST_01762,0.9568712711334229,0.7311007976531982
TEST_01763,0.007066016085445881,0.9207862615585327
TEST_01764,0.09455948323011398,0.8833773732185364
TEST_01765,0.0779879242181778,0.9498029351234436
TEST_01766,0.02393910475075245,0.9903994202613831
TEST_01767,0.017310678958892822,0.9897921085357666
TEST_01768,0.13704995810985565,0.9844584465026855
TEST_01769,0.0005130561185069382,0.9983218312263489
TEST_01770,0.006806232500821352,0.8791194558143616
TEST_01771,0.01867852918803692,0.9346674680709839
TEST_01772,0.017993085086345673,0.923322856426239
TEST_01773,0.5166880488395691,0.79432612657547
TEST_01774,0.010767391882836819,0.7082605361938477
TEST_01775,0.04403296113014221,0.9872655868530273
TEST_01776,0.015940599143505096,0.8902673125267029
TEST_01777,0.11939163506031036,0.9582167863845825
TEST_01778,0.2275032252073288,0.9818614721298218
TEST_01779,0.987657904624939,0.16454224288463593
TEST_01780,0.0035197539255023003,0.9955617189407349
TEST_01781,0.0052144285291433334,0.9989891648292542
TEST_01782,0.0015684771351516247,0.9922949075698853
TEST_01783,0.0035780766047537327,0.9623849391937256
TEST_01784,0.003933893516659737,0.9906339645385742
TEST_01785,0.006794232875108719,0.9786403775215149
TEST_01786,0.004508600104600191,0.982499361038208
TEST_01787,0.543132483959198,0.8933537602424622
TEST_01788,0.5271144509315491,0.8606970310211182
TEST_01789,0.0014313387218862772,0.9997883439064026
TEST_01790,0.013400916010141373,0.9722699522972107
TEST_01791,0.012293714098632336,0.7267625331878662
TEST_01792,0.028391322121024132,0.885099470615387
TEST_01793,0.6140037775039673,0.4325401186943054
TEST_01794,0.7510855197906494,0.9459360241889954
TEST_01795,0.010232599452137947,0.959136426448822
TEST_01796,0.1034073606133461,0.9885585308074951
TEST_01797,0.05164177343249321,0.9388850331306458
TEST_01798,0.008960495702922344,0.9957375526428223
TEST_01799,0.26718083024024963,0.766721785068512
TEST_01800,0.08725239336490631,0.4367353916168213
TEST_01801,0.033348627388477325,0.9965901374816895
TEST_01802,0.015094694681465626,0.9975558519363403
TEST_01803,0.8337417244911194,0.7156071662902832
TEST_01804,0.023922622203826904,0.9822832942008972
TEST_01805,0.014099553227424622,0.9908418655395508
TEST_01806,0.05940575525164604,0.9796546101570129
TEST_01807,0.048630133271217346,0.9800255298614502
TEST_01808,0.03137141466140747,0.9346988201141357
TEST_01809,0.030991988256573677,0.9017757177352905
TEST_01810,0.012200849130749702,0.9938637018203735
TEST_01811,0.00821821577847004,0.9848105311393738
TEST_01812,0.0024260205682367086,0.9995018243789673
TEST_01813,0.0011735795997083187,0.9734145402908325
TEST_01814,0.8600963354110718,0.9981902241706848
TEST_01815,0.0520087368786335,0.6605823040008545
TEST_01816,0.033331431448459625,0.9152539372444153
TEST_01817,0.08245658129453659,0.7320844531059265
TEST_01818,0.028827589005231857,0.9894049167633057
TEST_01819,0.99998939037323,0.00017992022912949324
TEST_01820,0.011633398942649364,0.9847365021705627
TEST_01821,0.014984657987952232,0.8819199204444885
TEST_01822,0.00274968845769763,0.9984196424484253
TEST_01823,0.028388483449816704,0.984174907207489
TEST_01824,0.01591815985739231,0.9984739422798157
TEST_01825,0.00035669797216542065,0.9994537234306335
TEST_01826,0.02630946971476078,0.9998335838317871
TEST_01827,0.06720281392335892,0.9430948495864868
TEST_01828,0.004313292913138866,0.9972219467163086
TEST_01829,0.006737126037478447,0.9999125003814697
TEST_01830,0.0018695935141295195,0.9999054670333862
TEST_01831,0.00295200920663774,0.9250025749206543
TEST_01832,0.46344056725502014,0.054046452045440674
TEST_01833,0.3859727382659912,0.9601675868034363
TEST_01834,0.0009589192341081798,0.9986544847488403
TEST_01835,0.0051852441392838955,0.9329786896705627
TEST_01836,0.030845435336232185,0.9800249934196472
TEST_01837,0.04469041898846626,0.22749315202236176
TEST_01838,0.00032266497146338224,0.9997592568397522
TEST_01839,0.005748305469751358,0.999321460723877
TEST_01840,0.0341942273080349,0.9890555143356323
TEST_01841,0.0007612372864969075,0.9985281229019165
TEST_01842,0.014834617264568806,0.9996165037155151
TEST_01843,0.015612861141562462,0.9985830783843994
TEST_01844,0.0007482674554921687,0.9995784163475037
TEST_01845,0.08423884958028793,0.9815404415130615
TEST_01846,0.01748102530837059,0.858379065990448
TEST_01847,0.023092759773135185,0.9346590638160706
TEST_01848,0.05971907824277878,0.6800588965415955
TEST_01849,0.3219546675682068,0.8840827941894531
TEST_01850,0.005410231649875641,0.9811201691627502
TEST_01851,0.010985077358782291,0.9779425263404846
TEST_01852,0.0020468183793127537,0.9742466807365417
TEST_01853,0.012533767148852348,0.9985425472259521
TEST_01854,0.015749959275126457,0.9795682430267334
TEST_01855,0.09446898102760315,0.8619462251663208
TEST_01856,0.0005016448558308184,0.9916054010391235
TEST_01857,0.006344516295939684,0.9936807155609131
TEST_01858,0.0313354954123497,0.8992723822593689
TEST_01859,0.014810886234045029,0.988813579082489
TEST_01860,0.024174856022000313,0.9855859875679016
TEST_01861,0.006313110701739788,0.9911373853683472
TEST_01862,0.014688092283904552,0.9937235713005066
TEST_01863,0.006371547468006611,0.9860391616821289
TEST_01864,0.020809231325984,0.988763689994812
TEST_01865,0.004947728011757135,0.9974774718284607
TEST_01866,0.031106485053896904,0.9751513600349426
TEST_01867,0.10374968498945236,0.9976949095726013
TEST_01868,0.028239183127880096,0.9957025647163391
TEST_01869,0.014213243499398232,0.9974935054779053
TEST_01870,0.013585926033556461,0.9909374713897705
TEST_01871,0.00911985244601965,0.9765310883522034
TEST_01872,0.0020969384349882603,0.9821076989173889
TEST_01873,0.030088435858488083,0.9758808016777039
TEST_01874,0.0016681181732565165,0.9599077701568604
TEST_01875,0.02168845385313034,0.9804187417030334
TEST_01876,0.000649554596748203,0.9979760050773621
TEST_01877,0.002834917278960347,0.9834110140800476
TEST_01878,0.05796445906162262,0.9996505975723267
TEST_01879,0.021984344348311424,0.9886770248413086
TEST_01880,0.03265753760933876,0.8853034377098083
TEST_01881,0.05098572000861168,0.7206814885139465
TEST_01882,0.00170380889903754,0.9911275506019592
TEST_01883,0.12469986826181412,0.9841915369033813
TEST_01884,0.00024563842453062534,0.9985939860343933
TEST_01885,0.0013409167295321822,0.9999873638153076
TEST_01886,0.22509147226810455,0.5627862215042114
TEST_01887,0.06782586872577667,0.8753921389579773
TEST_01888,0.011625764891505241,0.9861416220664978
TEST_01889,0.14248378574848175,0.9118672609329224
TEST_01890,0.00788173545151949,0.9980521202087402
TEST_01891,0.026457924395799637,0.9712414741516113
TEST_01892,0.39008456468582153,0.9765824675559998
TEST_01893,0.002595027908682823,0.9997778534889221
TEST_01894,0.2609393298625946,0.6398186087608337
TEST_01895,0.04497377574443817,0.8595059514045715
TEST_01896,0.024505767971277237,0.9969521760940552
TEST_01897,0.0031201003585010767,0.9992893934249878
TEST_01898,0.1529332995414734,0.8993593454360962
TEST_01899,0.010032174177467823,0.999546229839325
TEST_01900,0.018194807693362236,0.9257521033287048
TEST_01901,0.02169830910861492,0.7621862292289734
TEST_01902,0.0242757648229599,0.9846316576004028
TEST_01903,0.05902612581849098,0.9992650151252747
TEST_01904,0.006058492697775364,0.994780957698822
TEST_01905,0.0019140081712976098,0.9930858612060547
TEST_01906,0.04724941402673721,0.9956232905387878
TEST_01907,0.016149895265698433,0.9878867864608765
TEST_01908,0.0045588198117911816,0.9997062087059021
TEST_01909,0.20764240622520447,0.9109388589859009
TEST_01910,0.04358936473727226,0.9906207323074341
TEST_01911,0.006144923157989979,0.9926687479019165
TEST_01912,0.013648019172251225,0.9795629978179932
TEST_01913,0.04926262050867081,0.9317370057106018
TEST_01914,0.6452958583831787,0.9716918468475342
TEST_01915,0.016742991283535957,0.9956509470939636
TEST_01916,0.004462916869670153,0.9770968556404114
TEST_01917,0.07981938868761063,0.9951935410499573
TEST_01918,0.0026731688994914293,0.999997615814209
TEST_01919,0.009212467819452286,0.9265789985656738
TEST_01920,0.0006019386346451938,0.9973611235618591
TEST_01921,0.9327607154846191,0.8699365258216858
TEST_01922,0.0059255389496684074,0.9969293475151062
TEST_01923,0.002070655347779393,0.9999600648880005
TEST_01924,0.009432443417608738,0.9961884617805481
TEST_01925,0.05780066177248955,0.9365773797035217
TEST_01926,0.01981126330792904,0.9999552965164185
TEST_01927,0.0031303209252655506,0.9969708919525146
TEST_01928,0.032845452427864075,0.9975147247314453
TEST_01929,0.010513542219996452,0.9690782427787781
TEST_01930,0.08911816775798798,0.9598677754402161
TEST_01931,0.15058259665966034,0.978299617767334
TEST_01932,0.0009263018728233874,0.9993175268173218
TEST_01933,0.013834193348884583,0.2839268445968628
TEST_01934,0.04205922409892082,0.9090179800987244
TEST_01935,0.44042539596557617,0.926295280456543
TEST_01936,0.03656214475631714,0.974428117275238
TEST_01937,0.0012394605437293649,0.9963369369506836
TEST_01938,0.02864638902246952,0.9973596930503845
TEST_01939,0.02038527838885784,0.9966186285018921
TEST_01940,0.00328313116915524,0.9797213077545166
TEST_01941,0.011425068601965904,0.9786542057991028
TEST_01942,0.03188753500580788,0.9792253971099854
TEST_01943,0.04778381064534187,0.9921687245368958
TEST_01944,0.0016607336001470685,0.9995062351226807
TEST_01945,0.06731253862380981,0.959738552570343
TEST_01946,0.010453206486999989,0.9896788597106934
TEST_01947,0.003108493983745575,0.9942479133605957
TEST_01948,0.03681707754731178,0.9685732126235962
TEST_01949,0.0007233107462525368,0.9996410608291626
TEST_01950,0.043063174933195114,0.992708146572113
TEST_01951,0.0005995855899527669,0.999338686466217
TEST_01952,0.05227520316839218,0.9933614730834961
TEST_01953,0.023405062034726143,0.9589293003082275
TEST_01954,0.026012426242232323,0.9386886358261108
TEST_01955,0.851923942565918,0.2784029543399811
TEST_01956,0.03652298450469971,0.9674976468086243
TEST_01957,0.12861891090869904,0.8779054880142212
TEST_01958,0.0036631617695093155,0.9576012492179871
TEST_01959,0.005587275139987469,0.9679388403892517
TEST_01960,0.12290406972169876,0.9843670725822449
TEST_01961,0.007625575177371502,0.9712023735046387
TEST_01962,0.0033093681558966637,0.7572740912437439
TEST_01963,0.2987236976623535,0.877816379070282
TEST_01964,0.06869936734437943,0.9862014651298523
TEST_01965,0.17944486439228058,0.9953703284263611
TEST_01966,0.019131096079945564,0.9904435276985168
TEST_01967,0.007951813749969006,0.966821551322937
TEST_01968,0.029383448883891106,0.9870523810386658
TEST_01969,0.0036090021021664143,0.9914024472236633
TEST_01970,0.007636313792318106,0.9983755350112915
TEST_01971,0.003920089453458786,0.9935396313667297
TEST_01972,0.35737258195877075,0.9444860816001892
TEST_01973,0.9995819926261902,0.00019033091666642576
TEST_01974,0.9605211615562439,0.9661238789558411
TEST_01975,0.9998600482940674,0.007098643109202385
TEST_01976,0.08934179693460464,0.997262716293335
TEST_01977,0.01281046960502863,0.9967987537384033
TEST_01978,0.003011090448126197,0.9998399019241333
TEST_01979,0.12352649122476578,0.7147555351257324
TEST_01980,0.0003685183182824403,0.9997158646583557
TEST_01981,0.005371090490370989,0.9986294507980347
TEST_01982,0.017430223524570465,0.9662467241287231
TEST_01983,0.012065572664141655,0.8980675339698792
TEST_01984,0.014368674717843533,0.9508002400398254
TEST_01985,0.05113894119858742,0.985236406326294
TEST_01986,0.003037086920812726,0.9920545816421509
TEST_01987,0.012983187101781368,0.974951446056366
TEST_01988,0.017400210723280907,0.9979694485664368
TEST_01989,0.0029171211645007133,0.9999704360961914
TEST_01990,0.0046270908787846565,0.9613043665885925
TEST_01991,0.005181039683520794,0.9990491271018982
TEST_01992,0.06723830848932266,0.9838252067565918
TEST_01993,2.4590122848167084e-05,0.999901533126831
TEST_01994,0.0016555096954107285,0.9659258127212524
TEST_01995,0.0002498363610357046,0.998305082321167
TEST_01996,0.007039808668196201,0.9944682121276855
TEST_01997,0.7288748621940613,0.784152090549469
TEST_01998,0.10575694590806961,0.9604556560516357
TEST_01999,0.007090353406965733,0.9943079352378845
TEST_02000,0.006145179737359285,0.9995608925819397
TEST_02001,0.06525950878858566,0.8744434118270874
TEST_02002,0.032307326793670654,0.9031779170036316
TEST_02003,0.006925898138433695,0.937773585319519
TEST_02004,0.8876062035560608,0.9984273910522461
TEST_02005,0.02334105595946312,0.9728681445121765
TEST_02006,0.7621409893035889,0.30353111028671265
TEST_02007,0.03890206292271614,0.9572851061820984
TEST_02008,0.10232538729906082,0.8710173964500427
TEST_02009,0.03867596015334129,0.9838429689407349
TEST_02010,0.17219002544879913,0.9169637560844421
TEST_02011,0.45096880197525024,0.9493626356124878
TEST_02012,0.008365151472389698,0.9976165294647217
TEST_02013,0.031473949551582336,0.9978304505348206
TEST_02014,0.0004647826717700809,0.9867375493049622
TEST_02015,0.48895910382270813,0.970527708530426
TEST_02016,0.5437717437744141,0.7521782517433167
TEST_02017,0.009908430278301239,0.9992308616638184
TEST_02018,0.007204015273600817,0.9840272665023804
TEST_02019,0.06653705984354019,0.8841211795806885
TEST_02020,0.036139894276857376,0.9568626284599304
TEST_02021,0.07010560482740402,0.96485435962677
TEST_02022,0.00041448319097980857,0.9999994039535522
TEST_02023,0.20240060985088348,0.9965240359306335
TEST_02024,0.012312564067542553,0.9283165335655212
TEST_02025,0.012120665982365608,0.9007585644721985
TEST_02026,0.045638732612133026,0.8007680773735046
TEST_02027,0.029943125322461128,0.9552932977676392
TEST_02028,0.004579262342303991,0.974561333656311
TEST_02029,0.02695181779563427,0.9515774250030518
TEST_02030,0.011695577763020992,0.9948967099189758
TEST_02031,0.014514957554638386,0.9782840609550476
TEST_02032,0.01228963304311037,0.9794852137565613
TEST_02033,0.009695621207356453,0.99922776222229
TEST_02034,0.008810434490442276,0.9031950235366821
TEST_02035,0.01388090755790472,0.982947051525116
TEST_02036,0.0015540281310677528,0.9994364380836487
TEST_02037,0.047564126551151276,0.8523346185684204
TEST_02038,0.011030270718038082,0.992142915725708
TEST_02039,0.0014825502876192331,0.9983547329902649
TEST_02040,0.0010279342532157898,0.9986550807952881
TEST_02041,0.012722666375339031,0.9846251010894775
TEST_02042,0.0028286371380090714,0.9989726543426514
TEST_02043,0.00017459310765843838,0.9990811347961426
TEST_02044,0.034787990152835846,0.9975850582122803
TEST_02045,0.016666563227772713,0.9943180680274963
TEST_02046,0.8306502103805542,0.5664382576942444
TEST_02047,0.005692566744983196,0.4627387821674347
TEST_02048,0.014630489982664585,0.9573975205421448
TEST_02049,0.2400592714548111,0.6730087399482727
TEST_02050,0.5682232975959778,0.7641008496284485
TEST_02051,0.041463106870651245,0.9950994849205017
TEST_02052,0.18615373969078064,0.9967603087425232
TEST_02053,0.026731690391898155,0.9860057830810547
TEST_02054,0.00141043437179178,0.9989282488822937
TEST_02055,0.014522301033139229,0.9241474270820618
TEST_02056,0.0011221925960853696,0.9851745963096619
TEST_02057,0.19366271793842316,0.9764748215675354
TEST_02058,0.003791999537497759,0.9936714172363281
TEST_02059,0.0016765687614679337,0.9981479644775391
TEST_02060,0.023502983152866364,0.9396734833717346
TEST_02061,0.05254651978611946,0.9348992705345154
TEST_02062,0.0001339601440122351,0.9999011754989624
TEST_02063,0.017465922981500626,0.9459118247032166
TEST_02064,0.008559762500226498,0.8640697002410889
TEST_02065,0.024019571021199226,0.9641303420066833
TEST_02066,0.016191452741622925,0.9791659712791443
TEST_02067,0.0028246697038412094,0.9998094439506531
TEST_02068,0.00226819165982306,0.9929579496383667
TEST_02069,0.027320919558405876,0.9689369201660156
TEST_02070,0.016499128192663193,0.9631893634796143
TEST_02071,0.0037221808452159166,0.9865714907646179
TEST_02072,0.021602973341941833,0.9918780326843262
TEST_02073,0.0003329627506900579,0.9998718500137329
TEST_02074,0.22318005561828613,0.862101674079895
TEST_02075,0.02407311648130417,0.9958873391151428
TEST_02076,0.007626856677234173,0.9678905010223389
TEST_02077,0.04666485637426376,0.8738116025924683
TEST_02078,0.003839256474748254,0.9991750121116638
TEST_02079,0.0036666179075837135,0.9991685152053833
TEST_02080,0.03858237341046333,0.9596484899520874
TEST_02081,0.02910500392317772,0.9979216456413269
TEST_02082,0.02416241727769375,0.9680841565132141
TEST_02083,0.012693352065980434,0.9672003388404846
TEST_02084,0.0030061230063438416,0.9991369843482971
TEST_02085,0.08018629997968674,0.9460185766220093
TEST_02086,0.0020870512817054987,0.843044638633728
TEST_02087,0.38052281737327576,0.6349419355392456
TEST_02088,0.028479203581809998,0.3958550989627838
TEST_02089,0.029302919283509254,0.9608096480369568
TEST_02090,0.0030647963285446167,0.9992176294326782
TEST_02091,0.025400908663868904,0.9905033111572266
TEST_02092,0.9897225499153137,0.6532204747200012
TEST_02093,0.001363532617688179,0.9994981288909912
TEST_02094,0.055590592324733734,0.9921991229057312
TEST_02095,0.1325087547302246,0.8511422872543335
TEST_02096,0.19956126809120178,0.3699286878108978
TEST_02097,0.00204083020798862,0.9883739948272705
TEST_02098,0.9996633529663086,0.025953078642487526
TEST_02099,0.18896245956420898,0.9987001419067383
TEST_02100,0.012224502861499786,0.9953033924102783
TEST_02101,0.001216889126226306,0.9993671774864197
TEST_02102,0.11268412321805954,0.4368517994880676
TEST_02103,0.06184053421020508,0.9802189469337463
TEST_02104,0.013199305161833763,0.9938674569129944
TEST_02105,0.0023748644161969423,0.9999982118606567
TEST_02106,0.008141822181642056,0.951281726360321
TEST_02107,0.061192452907562256,0.9675641655921936
TEST_02108,0.015301093459129333,0.9191228151321411
TEST_02109,0.001770785078406334,0.9953480362892151
TEST_02110,0.002816277090460062,0.9945791959762573
TEST_02111,0.003523158608004451,0.9983349442481995
TEST_02112,0.018270311877131462,0.9566048979759216
TEST_02113,0.0028408640064299107,0.9994198083877563
TEST_02114,0.9996681213378906,0.5729170441627502
TEST_02115,0.023884594440460205,0.9672024846076965
TEST_02116,0.03618362173438072,0.9542878270149231
TEST_02117,0.00702036963775754,0.9994655251502991
TEST_02118,0.05760437995195389,0.9400002956390381
TEST_02119,0.005518265534192324,0.9879178404808044
TEST_02120,0.029596932232379913,0.9997604489326477
TEST_02121,0.04261505976319313,0.9945554733276367
TEST_02122,0.0006109817768447101,0.9996988773345947
TEST_02123,0.0017213638639077544,0.9999611377716064
TEST_02124,0.0036267288960516453,0.9015268087387085
TEST_02125,0.009519881568849087,0.8863514065742493
TEST_02126,0.7858797907829285,0.005262082442641258
TEST_02127,0.009921489283442497,0.998924195766449
TEST_02128,0.0010429209796711802,0.9965497255325317
TEST_02129,0.00031556925387121737,0.9976547956466675
TEST_02130,0.007366993464529514,0.9972501397132874
TEST_02131,0.03714967519044876,0.8855915069580078
TEST_02132,0.001193662523292005,0.9865694046020508
TEST_02133,0.011082926765084267,0.9995369911193848
TEST_02134,0.004028146155178547,0.9990593791007996
TEST_02135,0.6785421967506409,0.8526821136474609
TEST_02136,0.017753077670931816,0.987389326095581
TEST_02137,0.0005877177463844419,0.9985145926475525
TEST_02138,0.0031648536678403616,0.9025219678878784
TEST_02139,0.9650694131851196,0.03079264424741268
TEST_02140,0.018449563533067703,0.9077904224395752
TEST_02141,0.008585749194025993,0.9688413143157959
TEST_02142,0.002654394833371043,0.9931955337524414
TEST_02143,9.486784256296232e-05,0.9992677569389343
TEST_02144,0.0036763509269803762,0.978943943977356
TEST_02145,0.0003133573045488447,0.9997463822364807
TEST_02146,0.050973277539014816,0.9674515724182129
TEST_02147,0.024474160745739937,0.9596003293991089
TEST_02148,0.9052509069442749,0.9909693598747253
TEST_02149,0.19114653766155243,0.8505637049674988
TEST_02150,0.005429429467767477,0.998945415019989
TEST_02151,0.009340337477624416,0.9958981871604919
TEST_02152,0.024007199332118034,0.9181504249572754
TEST_02153,0.007849974557757378,0.9993506073951721
TEST_02154,0.009470389224588871,0.9755405783653259
TEST_02155,0.04220019653439522,0.8905743360519409
TEST_02156,0.23221033811569214,0.4581793546676636
TEST_02157,0.001020152703858912,0.9934861063957214
TEST_02158,0.011001522652804852,0.9526021480560303
TEST_02159,0.009569513611495495,0.983518123626709
TEST_02160,0.00720097403973341,0.9784539937973022
TEST_02161,0.003729547606781125,0.9838654398918152
TEST_02162,0.0007775993435643613,0.9969281554222107
TEST_02163,0.0023070110473781824,0.9961048364639282
TEST_02164,0.050215091556310654,0.969588041305542
TEST_02165,0.0036284159868955612,0.9987118244171143
TEST_02166,0.017524108290672302,0.9990932941436768
TEST_02167,0.2921743094921112,0.8943188786506653
TEST_02168,0.016908030956983566,0.5731309652328491
TEST_02169,0.0017390595749020576,0.9988260865211487
TEST_02170,0.010501684620976448,0.9995098114013672
TEST_02171,0.005831785965710878,0.99614417552948
TEST_02172,0.9953815937042236,0.8946875929832458
TEST_02173,0.9999872446060181,9.20963520911755e-06
TEST_02174,0.16380521655082703,0.9627091884613037
TEST_02175,0.05550334230065346,0.13126838207244873
TEST_02176,0.022285260260105133,0.983086347579956
TEST_02177,0.0022593021858483553,0.9992666840553284
TEST_02178,0.01293913833796978,0.9978615641593933
TEST_02179,0.6977574229240417,0.8362560272216797
TEST_02180,0.002532258629798889,0.9229118824005127
TEST_02181,0.31083476543426514,0.9825142025947571
TEST_02182,0.004680600482970476,0.9976919889450073
TEST_02183,0.5418740510940552,0.8132117986679077
TEST_02184,0.000687028281390667,0.9991291165351868
TEST_02185,0.01634426787495613,0.9697701930999756
TEST_02186,0.305388867855072,0.9919256567955017
TEST_02187,0.9290707111358643,0.9859011769294739
TEST_02188,0.17548537254333496,0.9936457872390747
TEST_02189,0.014762045815587044,0.9969876408576965
TEST_02190,0.0015819708351045847,0.9968253374099731
TEST_02191,0.015673011541366577,0.9607941508293152
TEST_02192,0.001133466954343021,0.9996023774147034
TEST_02193,0.1465299427509308,0.9691874384880066
TEST_02194,0.03957367688417435,0.9719895124435425
TEST_02195,0.5802904367446899,0.7009782195091248
TEST_02196,0.7405418753623962,0.5373756289482117
TEST_02197,0.04225090891122818,0.6287838220596313
TEST_02198,0.004283277317881584,0.988825261592865
TEST_02199,0.11346384137868881,0.9403867125511169
TEST_02200,0.011883658356964588,0.9841277003288269
TEST_02201,0.011133462190628052,0.6791194081306458
TEST_02202,0.01875404454767704,0.9985979199409485
TEST_02203,0.03918252885341644,0.9948946237564087
TEST_02204,0.11890476942062378,0.9572547078132629
TEST_02205,0.003116208128631115,0.9868065714836121
TEST_02206,0.007967585697770119,0.9996838569641113
TEST_02207,0.0005908714956603944,0.9949163198471069
TEST_02208,0.997398853302002,0.1331384778022766
TEST_02209,0.0013862830819562078,0.9961133003234863
TEST_02210,0.02903585694730282,0.8998434543609619
TEST_02211,0.0009837422985583544,0.9923045039176941
TEST_02212,0.03989988937973976,0.974670946598053
TEST_02213,0.0026854786556214094,0.9930408000946045
TEST_02214,0.04566064476966858,0.8503907322883606
TEST_02215,0.029459387063980103,0.9047911167144775
TEST_02216,0.006795333232730627,0.998140811920166
TEST_02217,0.3247964084148407,0.8720769882202148
TEST_02218,0.0005985127645544708,0.9955536723136902
TEST_02219,0.5244928598403931,0.8821554183959961
TEST_02220,0.0005484768771566451,0.997747004032135
TEST_02221,0.021704738959670067,0.9978200197219849
TEST_02222,0.004363504238426685,0.9941326975822449
TEST_02223,0.06049897521734238,0.8749570846557617
TEST_02224,0.07157889008522034,0.9953259229660034
TEST_02225,0.008502570912241936,0.9896630644798279
TEST_02226,0.004817258566617966,0.9971713423728943
TEST_02227,0.010028704069554806,0.9989598989486694
TEST_02228,4.1884533857228234e-05,0.9978063702583313
TEST_02229,0.03563661500811577,0.4759863317012787
TEST_02230,0.9994088411331177,0.05461479723453522
TEST_02231,0.10688646882772446,0.8975332975387573
TEST_02232,0.0981585755944252,0.991844117641449
TEST_02233,0.09172504395246506,0.9542942643165588
TEST_02234,0.4624312222003937,0.9428783655166626
TEST_02235,0.000443402910605073,0.9955083131790161
TEST_02236,0.0005682865739800036,0.9988546371459961
TEST_02237,0.04402731731534004,0.9060825109481812
TEST_02238,0.007406417280435562,0.9934239387512207
TEST_02239,0.1340620070695877,0.9371030330657959
TEST_02240,0.0021925545297563076,0.9999485015869141
TEST_02241,0.0023411267902702093,0.9993129968643188
TEST_02242,0.0018936574924737215,0.992093026638031
TEST_02243,0.00320938928052783,0.999428927898407
TEST_02244,0.0013574750628322363,0.9974405765533447
TEST_02245,0.0361785963177681,0.8905631303787231
TEST_02246,0.03955711051821709,0.9103827476501465
TEST_02247,0.04613093286752701,0.9260149002075195
TEST_02248,0.004308902658522129,0.9909210205078125
TEST_02249,0.018059512600302696,0.9717698693275452
TEST_02250,0.0010129762813448906,0.998900294303894
TEST_02251,0.0010921317152678967,0.9922814965248108
TEST_02252,0.0019372052047401667,0.994110643863678
TEST_02253,0.0047836522571742535,0.8622081279754639
TEST_02254,0.0006871808436699212,0.9955689311027527
TEST_02255,0.005260390229523182,0.9979583024978638
TEST_02256,0.0008400547667406499,0.993499755859375
TEST_02257,0.011352569796144962,0.996117353439331
TEST_02258,0.024574337527155876,0.9960363507270813
TEST_02259,0.006673838477581739,0.9842915534973145
TEST_02260,0.7909594774246216,0.06837915629148483
TEST_02261,0.009473498910665512,0.9635941982269287
TEST_02262,0.3782273828983307,0.9990018010139465
TEST_02263,0.6310869455337524,0.956071674823761
TEST_02264,0.038233641535043716,0.7838204503059387
TEST_02265,0.03394836559891701,0.9040389060974121
TEST_02266,0.04067753255367279,0.9411563277244568
TEST_02267,0.006628049071878195,0.9973788261413574
TEST_02268,0.04084143042564392,0.9801567792892456
TEST_02269,0.00709185004234314,0.8875823020935059
TEST_02270,0.07404050976037979,0.9722545146942139
TEST_02271,0.27489492297172546,0.9005049467086792
TEST_02272,0.01313687115907669,0.9263938069343567
TEST_02273,0.901698648929596,0.9294208884239197
TEST_02274,0.9969742298126221,0.8583065271377563
TEST_02275,0.03066183067858219,0.9613894820213318
TEST_02276,0.0009694050531834364,0.996345579624176
TEST_02277,0.0031466386280953884,0.9655206799507141
TEST_02278,0.5124659538269043,0.0381624810397625
TEST_02279,0.0211640577763319,0.9829055070877075
TEST_02280,0.11355967819690704,0.8790650963783264
TEST_02281,0.024397527799010277,0.9868638515472412
TEST_02282,0.0017914266791194677,0.9984685778617859
TEST_02283,0.10590825229883194,0.8536204099655151
TEST_02284,0.04907301440834999,0.8461630940437317
TEST_02285,0.016665281727910042,0.9057368040084839
TEST_02286,0.002225324511528015,0.9979612827301025
TEST_02287,0.022524181753396988,0.9950323104858398
TEST_02288,0.2305668294429779,0.7688844799995422
TEST_02289,0.0025459416210651398,0.99201899766922
TEST_02290,0.01243716012686491,0.9981451034545898
TEST_02291,0.7989567518234253,0.9880071878433228
TEST_02292,0.23828624188899994,0.337972491979599
TEST_02293,0.007942023687064648,0.9989792704582214
TEST_02294,0.05876219645142555,0.9666810631752014
TEST_02295,0.03635313734412193,0.9032878875732422
TEST_02296,0.9717753529548645,0.004076879471540451
TEST_02297,0.017925124615430832,0.9173321723937988
TEST_02298,0.0026896640192717314,0.9517304301261902
TEST_02299,0.666271448135376,0.3539932668209076
TEST_02300,0.055138539522886276,0.7743051052093506
TEST_02301,0.04573662951588631,0.980941891670227
TEST_02302,0.010432560928165913,0.9968641400337219
TEST_02303,0.005207976326346397,0.9741238355636597
TEST_02304,0.0077965958043932915,0.9989060163497925
TEST_02305,0.0030624631326645613,0.9999933242797852
TEST_02306,0.17323186993598938,0.29037994146347046
TEST_02307,0.008087041787803173,0.9983691573143005
TEST_02308,0.004718331154435873,0.9718555212020874
TEST_02309,0.02472970448434353,0.9739564657211304
TEST_02310,0.016674833372235298,0.9453257322311401
TEST_02311,0.27407020330429077,0.997156023979187
TEST_02312,0.0067336298525333405,0.9522680044174194
TEST_02313,0.0036178571172058582,0.9665916562080383
TEST_02314,0.010699434205889702,0.9989416003227234
TEST_02315,0.03753288835287094,0.9500005841255188
TEST_02316,0.4237297773361206,0.25383052229881287
TEST_02317,0.28710559010505676,0.9272291660308838
TEST_02318,0.006117409560829401,0.991569459438324
TEST_02319,0.23189862072467804,0.6753689050674438
TEST_02320,0.008440808393061161,0.9932031631469727
TEST_02321,0.004825195297598839,0.9863871335983276
TEST_02322,0.06860437244176865,0.6204134821891785
TEST_02323,0.5876204967498779,0.30526071786880493
TEST_02324,0.02617834135890007,0.9092532992362976
TEST_02325,0.06432042270898819,0.91428142786026
TEST_02326,0.10483839362859726,0.9551265239715576
TEST_02327,0.02478470653295517,0.998927652835846
TEST_02328,0.003452458418905735,0.9918555021286011
TEST_02329,0.001646415563300252,0.9869039058685303
TEST_02330,0.19717489182949066,0.9432511329650879
TEST_02331,0.04769102483987808,0.9923343062400818
TEST_02332,0.04653390496969223,0.9907287359237671
TEST_02333,0.685296893119812,0.24291390180587769
TEST_02334,0.00792774185538292,0.999043881893158
TEST_02335,0.043457381427288055,0.9723381400108337
TEST_02336,0.0016505119856446981,0.99815434217453
TEST_02337,0.008054787293076515,0.9591688513755798
TEST_02338,0.2730785012245178,0.18107157945632935
TEST_02339,0.0062344809994101524,0.9874696731567383
TEST_02340,0.052841246128082275,0.9333965182304382
TEST_02341,0.00439849216490984,0.9997219443321228
TEST_02342,0.004513028543442488,0.9990938901901245
TEST_02343,0.01240813359618187,0.9645146727561951
TEST_02344,0.6559628844261169,0.9701087474822998
TEST_02345,0.0010418265592306852,0.9926022887229919
TEST_02346,0.022555451840162277,0.9897333979606628
TEST_02347,0.0031184961553663015,0.9976902008056641
TEST_02348,0.4159654974937439,0.9678516387939453
TEST_02349,0.00011668467777781188,0.9988934397697449
TEST_02350,0.0012731627793982625,0.9936507344245911
TEST_02351,0.010366566479206085,0.9972991347312927
TEST_02352,0.9903505444526672,0.8963114023208618
TEST_02353,0.004518906585872173,0.9956985712051392
TEST_02354,0.05811978504061699,0.8972269296646118
TEST_02355,0.0646408274769783,0.9506535530090332
TEST_02356,0.3439951539039612,0.8966150283813477
TEST_02357,0.016488220542669296,0.986049473285675
TEST_02358,0.006224893033504486,0.9662981033325195
TEST_02359,0.01207816880196333,0.918025553226471
TEST_02360,0.45189955830574036,0.6775225400924683
TEST_02361,0.9288767576217651,0.07191139459609985
TEST_02362,0.004797647707164288,0.9927345514297485
TEST_02363,0.04638153687119484,0.9855986833572388
TEST_02364,0.06051794812083244,0.9297674894332886
TEST_02365,0.003504164284095168,0.9991169571876526
TEST_02366,0.03146922215819359,0.9923277497291565
TEST_02367,0.007881508208811283,0.9994840621948242
TEST_02368,0.005334922112524509,0.9985952973365784
TEST_02369,0.001919744536280632,0.9952925443649292
TEST_02370,0.7685388326644897,0.5571574568748474
TEST_02371,0.0097518814727664,0.9761648178100586
TEST_02372,0.551108717918396,0.4710361957550049
TEST_02373,0.004910205025225878,0.8882467746734619
TEST_02374,0.013431002385914326,0.9916947484016418
TEST_02375,0.02281082049012184,0.9260023236274719
TEST_02376,0.005365489050745964,0.9885220527648926
TEST_02377,0.0005409608129411936,0.9999614953994751
TEST_02378,0.40131470561027527,0.9731978178024292
TEST_02379,0.0009955121204257011,0.995553195476532
TEST_02380,0.003964214585721493,0.9982499480247498
TEST_02381,0.02923448197543621,0.9912834167480469
TEST_02382,0.005766153335571289,0.9923427700996399
TEST_02383,0.007761897519230843,0.9501062631607056
TEST_02384,0.0027508942876011133,0.9858676791191101
TEST_02385,0.014068156480789185,0.9264510869979858
TEST_02386,0.051062460988759995,0.9273669123649597
TEST_02387,0.016232069581747055,0.8898652195930481
TEST_02388,0.0003180823114234954,0.9997112154960632
TEST_02389,0.9863926768302917,0.049278512597084045
TEST_02390,0.0030148234218358994,0.9979867935180664
TEST_02391,0.04541219025850296,0.9846989512443542
TEST_02392,0.013574773445725441,0.953326940536499
TEST_02393,0.005370779894292355,0.9935452938079834
TEST_02394,0.005160100292414427,0.9504485130310059
TEST_02395,0.0009431249345652759,0.9948261380195618
TEST_02396,0.0786932185292244,0.933806300163269
TEST_02397,0.023610899224877357,0.9881592988967896
TEST_02398,0.4980291724205017,0.8870444297790527
TEST_02399,0.004247536417096853,0.9981706142425537
TEST_02400,0.06043756380677223,0.9632146954536438
TEST_02401,0.0012590362457558513,0.9994427561759949
TEST_02402,0.1631312221288681,0.9359511137008667
TEST_02403,0.7284376621246338,0.8247018456459045
TEST_02404,0.0131430234760046,0.915818989276886
TEST_02405,0.02000545710325241,0.5807250142097473
TEST_02406,0.0024460498243570328,0.9877089262008667
TEST_02407,0.9999080896377563,0.09145291894674301
TEST_02408,0.0034629213623702526,0.9990070462226868
TEST_02409,0.021209683269262314,0.9206054210662842
TEST_02410,0.09661117941141129,0.9158453941345215
TEST_02411,0.024823680520057678,0.9927155375480652
TEST_02412,0.051633287221193314,0.9640539288520813
TEST_02413,0.0019352894742041826,0.9920781254768372
TEST_02414,0.8338742256164551,0.4731028378009796
TEST_02415,0.04424738511443138,0.9588367938995361
TEST_02416,0.00027642157510854304,0.9995194673538208
TEST_02417,0.8216933012008667,0.6579157710075378
TEST_02418,0.03722059354186058,0.8957220315933228
TEST_02419,0.00022521161008626223,0.9990465044975281
TEST_02420,0.004878914449363947,0.9989663362503052
TEST_02421,0.0007640320691280067,0.9926040768623352
TEST_02422,0.023351890966296196,0.9968361854553223
TEST_02423,0.005338181741535664,0.9991808533668518
TEST_02424,0.0025437339209020138,0.9285758137702942
TEST_02425,0.024895163252949715,0.9833309054374695
TEST_02426,0.029791392385959625,0.9359055757522583
TEST_02427,0.2143210470676422,0.9856374859809875
TEST_02428,0.023503869771957397,0.9375855326652527
TEST_02429,0.0025976754259318113,0.9986081719398499
TEST_02430,0.0006852842634543777,0.9985961318016052
TEST_02431,0.007290861569344997,0.9952273368835449
TEST_02432,0.0037636200431734324,0.9996868371963501
TEST_02433,0.14616772532463074,0.9816433787345886
TEST_02434,0.003678776090964675,0.9916533827781677
TEST_02435,0.01062656007707119,0.8602848052978516
TEST_02436,0.02098921127617359,0.9909890294075012
TEST_02437,0.015477178618311882,0.9122540354728699
TEST_02438,0.011807131581008434,0.9954494833946228
TEST_02439,0.005979153793305159,0.9644497036933899
TEST_02440,0.061765071004629135,0.9981012940406799
TEST_02441,0.027089880779385567,0.9343693256378174
TEST_02442,0.44675081968307495,0.06481875479221344
TEST_02443,0.010680357925593853,0.9968006610870361
TEST_02444,0.1970193088054657,0.7745674252510071
TEST_02445,0.016796518117189407,0.999835729598999
TEST_02446,0.03187267482280731,0.9166886806488037
TEST_02447,0.00308313244022429,0.9206517934799194
TEST_02448,0.0036331824958324432,0.9975340366363525
TEST_02449,0.0010600064415484667,0.9999655485153198
TEST_02450,0.04410514608025551,0.9999867677688599
TEST_02451,0.021286774426698685,0.9875527620315552
TEST_02452,0.8573684096336365,0.9450849294662476
TEST_02453,0.041287291795015335,0.9078288078308105
TEST_02454,0.5893404483795166,0.30933085083961487
TEST_02455,0.3016563951969147,0.7306583523750305
TEST_02456,0.005408379249274731,0.995215654373169
TEST_02457,0.005530869122594595,0.9631796479225159
TEST_02458,0.000433878944022581,0.9997778534889221
TEST_02459,0.0014058273518458009,0.991175651550293
TEST_02460,0.01255444623529911,0.8873153328895569
TEST_02461,0.06109520420432091,0.9372161030769348
TEST_02462,0.0008463660487905145,0.9992578625679016
TEST_02463,0.21142229437828064,0.9265798330307007
TEST_02464,0.0007161740213632584,0.9990931749343872
TEST_02465,0.0026842656079679728,0.9974989295005798
TEST_02466,0.016681505367159843,0.9549642205238342
TEST_02467,0.024378899484872818,0.990435779094696
TEST_02468,0.003026374150067568,0.9993525147438049
TEST_02469,0.0005700409528799355,0.998562753200531
TEST_02470,0.16328784823417664,0.894611656665802
TEST_02471,0.0892966240644455,0.983681321144104
TEST_02472,0.0032790391705930233,0.9980375170707703
TEST_02473,0.0006294283084571362,0.9985135197639465
TEST_02474,0.8019523620605469,0.7921210527420044
TEST_02475,0.014706934802234173,0.9930878281593323
TEST_02476,0.0008429510635323822,0.970508337020874
TEST_02477,0.02307191491127014,0.9169002771377563
TEST_02478,0.005142067093402147,0.9938660264015198
TEST_02479,0.023116860538721085,0.9572557210922241
TEST_02480,0.006797097157686949,0.9898470044136047
TEST_02481,0.4123169481754303,0.669089138507843
TEST_02482,0.2280796766281128,0.9352936148643494
TEST_02483,0.021123703569173813,0.954163670539856
TEST_02484,0.00254421797581017,0.9972403049468994
TEST_02485,0.46345624327659607,0.8628000617027283
TEST_02486,0.03678519278764725,0.9770129919052124
TEST_02487,0.004886710550636053,0.9986211061477661
TEST_02488,0.004476713482290506,0.9977642297744751
TEST_02489,0.002747962949797511,0.9990190267562866
TEST_02490,0.04987528175115585,0.8723387122154236
TEST_02491,0.0068202237598598,0.9730601906776428
TEST_02492,0.046610038727521896,0.9623894691467285
TEST_02493,0.9997549653053284,0.011261660605669022
TEST_02494,0.3623225688934326,0.2805114984512329
TEST_02495,0.025548601523041725,0.9999440908432007
TEST_02496,0.04633866623044014,0.913581907749176
TEST_02497,0.0352524034678936,0.6351215243339539
TEST_02498,0.002486980287358165,0.9986274242401123
TEST_02499,0.01136833056807518,0.9733850359916687
TEST_02500,0.016523845493793488,0.9997802376747131
TEST_02501,0.27186527848243713,0.5896205902099609
TEST_02502,0.04858141392469406,0.9335278272628784
TEST_02503,0.001972389407455921,0.9959573149681091
TEST_02504,0.06008535623550415,0.8730167746543884
TEST_02505,0.0015431731007993221,0.9409322738647461
TEST_02506,0.0011250965762883425,0.9867278933525085
TEST_02507,0.006943644490092993,0.9999330043792725
TEST_02508,0.03970034047961235,0.9117447733879089
TEST_02509,0.999723494052887,6.133180249889847e-06
TEST_02510,0.9938349723815918,0.8944587707519531
TEST_02511,0.1392393261194229,0.6316898465156555
TEST_02512,0.017646389082074165,0.8090355396270752
TEST_02513,0.05445116385817528,0.9985104203224182
TEST_02514,0.005198995117098093,0.9855861067771912
TEST_02515,0.007502686697989702,0.9565154314041138
TEST_02516,0.00806692335754633,0.9760770201683044
TEST_02517,0.00857757031917572,0.988919198513031
TEST_02518,0.04832536727190018,0.9546257853507996
TEST_02519,0.0015064411563798785,0.9991347193717957
TEST_02520,0.005369510967284441,0.9990102052688599
TEST_02521,0.004380264785140753,0.9963243007659912
TEST_02522,0.0019391673849895597,0.9826646447181702
TEST_02523,0.006383745931088924,0.9921268224716187
TEST_02524,0.9663591384887695,0.7704122066497803
TEST_02525,0.020861567929387093,0.9904330968856812
TEST_02526,0.02420441247522831,0.9997944235801697
TEST_02527,0.044157493859529495,0.8701775074005127
TEST_02528,0.0324394665658474,0.9947793483734131
TEST_02529,0.00518340477719903,0.975734293460846
TEST_02530,0.01581970602273941,0.9944393634796143
TEST_02531,0.00417446019127965,0.9993453621864319
TEST_02532,0.01381518505513668,0.9967979788780212
TEST_02533,0.008440098725259304,0.995904266834259
TEST_02534,0.02045574225485325,0.9943678975105286
TEST_02535,0.18313664197921753,0.9842624664306641
TEST_02536,0.9894038438796997,0.8149812817573547
TEST_02537,0.026754416525363922,0.9568396210670471
TEST_02538,0.02220650389790535,0.9984731078147888
TEST_02539,0.0803060457110405,0.6742600798606873
TEST_02540,0.0005514007061719894,0.9990702271461487
TEST_02541,0.017647933214902878,0.9914426207542419
TEST_02542,0.0026387989055365324,0.9709575176239014
TEST_02543,0.002900955732911825,0.9895520806312561
TEST_02544,0.8998948931694031,0.8872126340866089
TEST_02545,0.07707152515649796,0.8673608899116516
TEST_02546,0.011582208797335625,1.0
TEST_02547,0.006386133376508951,0.9671899676322937
TEST_02548,0.004540478345006704,0.9998145699501038
TEST_02549,0.017008470371365547,0.9841497540473938
TEST_02550,0.0014344361843541265,0.997103750705719
TEST_02551,0.016332251951098442,0.9964500665664673
TEST_02552,0.004217536188662052,0.9981891512870789
TEST_02553,0.06283506006002426,0.1086469367146492
TEST_02554,0.0001482072693761438,0.9980624318122864
TEST_02555,0.027817949652671814,0.9429040551185608
TEST_02556,0.014600872062146664,0.9924591183662415
TEST_02557,0.1287827491760254,0.930559515953064
TEST_02558,0.01752016693353653,0.9996829032897949
TEST_02559,0.026630980893969536,0.8966568112373352
TEST_02560,0.0006964058266021311,0.9995586276054382
TEST_02561,0.0004751456726808101,0.9990047812461853
TEST_02562,0.0036601906176656485,0.9929177761077881
TEST_02563,0.04166204854846001,0.9490984678268433
TEST_02564,0.003601439530029893,0.9984569549560547
TEST_02565,0.08719245344400406,0.8710646629333496
TEST_02566,0.3361615240573883,0.8150709867477417
TEST_02567,0.15128284692764282,0.9631695747375488
TEST_02568,0.002050355076789856,0.9970135688781738
TEST_02569,0.00845107901841402,0.9978074431419373
TEST_02570,0.02076118439435959,0.9902868270874023
TEST_02571,0.003062908537685871,0.9990494847297668
TEST_02572,0.00015168376557994634,0.9988448619842529
TEST_02573,0.0027090953662991524,0.9987188577651978
TEST_02574,0.9894636869430542,0.023603791370987892
TEST_02575,0.02757139503955841,0.9835965633392334
TEST_02576,0.001174837932921946,0.9987273812294006
TEST_02577,0.00047170082689262927,0.9996823072433472
TEST_02578,0.034364938735961914,0.949395477771759
TEST_02579,0.1204661875963211,0.9694575667381287
TEST_02580,0.06078039109706879,0.9719005823135376
TEST_02581,0.007525250781327486,0.8118585348129272
TEST_02582,0.009267929941415787,1.0
TEST_02583,0.17464366555213928,0.6347777247428894
TEST_02584,0.02358621545135975,0.9704983234405518
TEST_02585,0.014451091177761555,0.9917489290237427
TEST_02586,0.017600109800696373,0.9882922768592834
TEST_02587,0.022550348192453384,0.8093220591545105
TEST_02588,0.03535374253988266,0.907869815826416
TEST_02589,0.00590787548571825,0.9923468828201294
TEST_02590,0.9495885968208313,0.0723138377070427
TEST_02591,0.003320031799376011,0.981964647769928
TEST_02592,0.009909397922456264,0.9783449172973633
TEST_02593,0.14867599308490753,0.9589709639549255
TEST_02594,0.006601750385016203,0.9804090261459351
TEST_02595,0.8661574721336365,0.3058675229549408
TEST_02596,0.0010859852191060781,0.9891897439956665
TEST_02597,0.007249741815030575,0.989626407623291
TEST_02598,0.09604283422231674,0.9742740988731384
TEST_02599,0.030211105942726135,0.9554492831230164
TEST_02600,0.004637501202523708,0.995755672454834
TEST_02601,0.024413514882326126,0.9564437866210938
TEST_02602,0.028843652456998825,0.9536070227622986
TEST_02603,0.2260245978832245,0.6147028803825378
TEST_02604,0.01764609105885029,0.9974455833435059
TEST_02605,0.0019173056352883577,0.9995793700218201
TEST_02606,0.0027450716588646173,0.9977364540100098
TEST_02607,0.05708795413374901,0.8019396066665649
TEST_02608,0.0855417251586914,0.9848995208740234
TEST_02609,0.329551100730896,0.5293121933937073
TEST_02610,0.004087654408067465,0.9999630451202393
TEST_02611,0.008304095827043056,0.994918167591095
TEST_02612,0.006261307280510664,0.9922542572021484
TEST_02613,0.010661746375262737,0.9941831231117249
TEST_02614,0.009225129149854183,0.9820095300674438
TEST_02615,0.054670773446559906,0.9766613841056824
TEST_02616,0.00247326772660017,0.9895535707473755
TEST_02617,0.03909706696867943,0.8069046139717102
TEST_02618,0.0015026467153802514,0.999137282371521
TEST_02619,0.01782829500734806,0.9942286014556885
TEST_02620,0.018691495060920715,0.9576422572135925
TEST_02621,0.0043978155590593815,0.9962474703788757
TEST_02622,0.00816285889595747,0.9819544553756714
TEST_02623,0.0024698148481547832,0.9995469450950623
TEST_02624,0.0009938707808032632,0.9906243681907654
TEST_02625,0.001723772962577641,0.9815466403961182
TEST_02626,0.016708925366401672,0.962653636932373
TEST_02627,0.0023538609966635704,0.9994887113571167
TEST_02628,0.32135289907455444,0.20340201258659363
TEST_02629,0.022531889379024506,0.9951417446136475
TEST_02630,0.0073356772772967815,0.9988596439361572
TEST_02631,0.0006686701672151685,0.9997393488883972
TEST_02632,0.0763363391160965,0.9067873358726501
TEST_02633,0.0022280460689216852,0.999874472618103
TEST_02634,0.007844105362892151,0.954051673412323
TEST_02635,0.0073920865543186665,0.9953899383544922
TEST_02636,0.00209334515966475,0.9878154993057251
TEST_02637,0.016238102689385414,0.9984839558601379
TEST_02638,0.32551851868629456,0.9969826340675354
TEST_02639,0.0007076975889503956,0.9978587031364441
TEST_02640,0.013045410625636578,0.9846469163894653
TEST_02641,0.016899846494197845,0.9343289136886597
TEST_02642,0.00032158888643607497,0.9999555349349976
TEST_02643,0.49527451395988464,0.9891362190246582
TEST_02644,0.007797284983098507,0.9960340857505798
TEST_02645,0.013186655007302761,0.8350713849067688
TEST_02646,0.03392205759882927,0.9308475255966187
TEST_02647,0.016764428466558456,0.9945270419120789
TEST_02648,0.0029301680624485016,0.9991151690483093
TEST_02649,0.14919541776180267,0.724112868309021
TEST_02650,0.010038759559392929,0.9856064915657043
TEST_02651,0.11676106601953506,0.9755017757415771
TEST_02652,0.022003915160894394,0.9993977546691895
TEST_02653,0.03892337903380394,0.9639217257499695
TEST_02654,0.3217015862464905,0.7897911667823792
TEST_02655,0.0064313532784581184,0.978992760181427
TEST_02656,0.001829784014262259,0.9912527203559875
TEST_02657,0.16929665207862854,0.8450683951377869
TEST_02658,0.986676812171936,0.18816334009170532
TEST_02659,0.24064955115318298,0.9977522492408752
TEST_02660,0.0013742009177803993,0.9963467717170715
TEST_02661,8.431696187471971e-06,0.999835729598999
TEST_02662,0.0014021664392203093,0.9987642765045166
TEST_02663,0.035628531128168106,0.9910942912101746
TEST_02664,0.014371084980666637,0.9759389162063599
TEST_02665,0.43243759870529175,0.41765886545181274
TEST_02666,0.004280582070350647,0.9966742992401123
TEST_02667,0.005038307514041662,0.9939175248146057
TEST_02668,0.0018622608622536063,0.9995266199111938
TEST_02669,0.03668154403567314,0.9905989766120911
TEST_02670,0.0009803015273064375,0.9888838529586792
TEST_02671,0.02241160348057747,0.9897971153259277
TEST_02672,0.989965558052063,0.00015757817891426384
TEST_02673,0.010302435606718063,0.9971333742141724
TEST_02674,0.0027812053449451923,0.9985840320587158
TEST_02675,0.0012641600333154202,0.9999731779098511
TEST_02676,0.033972106873989105,0.9556381702423096
TEST_02677,0.006901056505739689,0.9921464323997498
TEST_02678,0.006653096526861191,0.9770841002464294
TEST_02679,0.05443982779979706,0.9891806244850159
TEST_02680,0.001858713454566896,0.9996993541717529
TEST_02681,0.0430748276412487,0.9818845391273499
TEST_02682,0.13965463638305664,0.9916009902954102
TEST_02683,0.0036220846232026815,0.9996882677078247
TEST_02684,0.6216135025024414,0.9920974969863892
TEST_02685,0.001255245297215879,0.9955463409423828
TEST_02686,0.028260886669158936,0.9761636853218079
TEST_02687,0.010121531784534454,0.9988897442817688
TEST_02688,0.00393981346860528,0.9794283509254456
TEST_02689,0.268297404050827,0.9876140356063843
TEST_02690,0.8769120573997498,0.9136766791343689
TEST_02691,0.013995841145515442,0.8747451305389404
TEST_02692,0.007715214975178242,0.9655871391296387
TEST_02693,0.013533313758671284,0.9953910112380981
TEST_02694,0.032981522381305695,0.9359777569770813
TEST_02695,0.38381427526474,0.2755889594554901
TEST_02696,0.04415161535143852,0.9947457313537598
TEST_02697,0.007452473510056734,0.9989151954650879
TEST_02698,0.02925645373761654,0.8767651319503784
TEST_02699,0.17331746220588684,0.5558415055274963
TEST_02700,0.011444613337516785,0.9875447750091553
TEST_02701,0.006208125501871109,0.999891996383667
TEST_02702,0.10038599371910095,0.8765567541122437
TEST_02703,0.021369969472289085,0.9837114214897156
TEST_02704,0.06193745136260986,0.9881430268287659
TEST_02705,0.0038850505370646715,0.9940868616104126
TEST_02706,0.17543505132198334,0.9094857573509216
TEST_02707,0.03607167303562164,0.9950466156005859
TEST_02708,0.003316899761557579,0.8782538175582886
TEST_02709,0.9689050912857056,0.7618799209594727
TEST_02710,0.2136995643377304,0.9585577249526978
TEST_02711,0.026649853214621544,0.9890369772911072
TEST_02712,0.008187878876924515,0.9983413219451904
TEST_02713,0.2543710470199585,0.9247385859489441
TEST_02714,0.006230054423213005,0.9406908750534058
TEST_02715,9.762804256752133e-05,0.9908135533332825
TEST_02716,0.004020293243229389,0.9961586594581604
TEST_02717,0.003497876226902008,0.9906398057937622
TEST_02718,0.019187279045581818,0.9976735711097717
TEST_02719,0.044509608298540115,0.9487470388412476
TEST_02720,0.002076396718621254,0.994570791721344
TEST_02721,0.23108501732349396,0.9852795600891113
TEST_02722,0.9438032507896423,0.9445609450340271
TEST_02723,0.10801306366920471,0.8795253038406372
TEST_02724,0.6272128224372864,0.8740361332893372
TEST_02725,0.002505816053599119,0.9984046816825867
TEST_02726,0.013087772764265537,0.9288762211799622
TEST_02727,0.03484303131699562,0.9760189056396484
TEST_02728,0.9855508804321289,0.0036113313399255276
TEST_02729,0.05003642290830612,0.9992871880531311
TEST_02730,0.003224385669454932,0.9995285272598267
TEST_02731,0.007068679668009281,0.9899827837944031
TEST_02732,0.1918468326330185,0.8104633688926697
TEST_02733,0.022090934216976166,0.9752174615859985
TEST_02734,0.29679372906684875,0.8493799567222595
TEST_02735,0.004220032133162022,0.9934707880020142
TEST_02736,0.001158508355729282,0.9999072551727295
TEST_02737,0.000733346096239984,0.997600257396698
TEST_02738,0.003897580085322261,0.9939204454421997
TEST_02739,0.700092613697052,0.9301809668540955
TEST_02740,0.03992239758372307,0.9817999601364136
TEST_02741,0.047523509711027145,0.9966264963150024
TEST_02742,0.022862330079078674,0.952549397945404
TEST_02743,0.025765981525182724,0.9317617416381836
TEST_02744,0.5354502201080322,0.9839966893196106
TEST_02745,0.9500551819801331,0.2536429166793823
TEST_02746,0.005335956811904907,0.9809072613716125
TEST_02747,0.003403895068913698,0.9716930985450745
TEST_02748,0.02098200097680092,0.952261209487915
TEST_02749,0.02786686085164547,0.9826838374137878
TEST_02750,0.03528339043259621,0.989697277545929
TEST_02751,0.010809419676661491,0.9960022568702698
TEST_02752,0.007911298424005508,0.9911242723464966
TEST_02753,0.921368420124054,0.8497775793075562
TEST_02754,0.01606583781540394,0.9994028806686401
TEST_02755,0.00907493382692337,0.9754266738891602
TEST_02756,0.010335182771086693,0.9507839679718018
TEST_02757,0.6317180395126343,0.6425800323486328
TEST_02758,0.0035904329270124435,0.9704743027687073
TEST_02759,0.006178412586450577,0.9957017302513123
TEST_02760,0.017782697454094887,0.9913903474807739
TEST_02761,0.9812009930610657,0.8244448900222778
TEST_02762,0.1822064220905304,0.8034970760345459
TEST_02763,0.000691921217367053,0.9859689474105835
TEST_02764,0.0012743201805278659,0.9848836660385132
TEST_02765,0.004644373897463083,0.9950290322303772
TEST_02766,0.037698760628700256,0.9313846230506897
TEST_02767,0.04047494754195213,0.6343317031860352
TEST_02768,0.08653469383716583,0.9888203740119934
TEST_02769,5.482488631969318e-06,0.9999992847442627
TEST_02770,0.004345506429672241,0.9620128870010376
TEST_02771,0.033629052340984344,0.9300677180290222
TEST_02772,0.022424431517720222,0.9928820133209229
TEST_02773,0.015500359237194061,0.9849522709846497
TEST_02774,0.03802621364593506,0.9927571415901184
TEST_02775,0.0027644287329167128,0.9907207489013672
TEST_02776,0.0014072915073484182,0.9999929666519165
TEST_02777,0.0014264120254665613,0.9861001372337341
TEST_02778,0.003907004836946726,0.9838608503341675
TEST_02779,0.018713636323809624,0.9978308081626892
TEST_02780,0.0021981303580105305,0.9996007084846497
TEST_02781,0.0017480860697105527,0.9591907858848572
TEST_02782,0.003931651823222637,0.9938752055168152
TEST_02783,0.03704686090350151,0.9066131114959717
TEST_02784,0.005002581048756838,0.986974835395813
TEST_02785,0.1732003390789032,0.6775887608528137
TEST_02786,0.11121934652328491,0.8916377425193787
TEST_02787,0.0011599654098972678,0.9984332919120789
TEST_02788,0.025961216539144516,0.996234118938446
TEST_02789,0.02519761025905609,0.9558470249176025
TEST_02790,0.0093791913241148,0.9989546537399292
TEST_02791,0.040408939123153687,0.9988985061645508
TEST_02792,0.001997527200728655,0.9847393035888672
TEST_02793,0.03228583559393883,0.9948976635932922
TEST_02794,0.013232694007456303,0.9334782361984253
TEST_02795,0.35429057478904724,0.14356806874275208
TEST_02796,0.0006351276533678174,0.9955182671546936
TEST_02797,0.03717982396483421,0.9170091152191162
TEST_02798,0.04360848665237427,0.8008570671081543
TEST_02799,0.015254579484462738,0.9989731311798096
TEST_02800,0.010905706323683262,0.9967390894889832
TEST_02801,0.03374769911170006,0.948161780834198
TEST_02802,0.02828984148800373,0.9690870046615601
TEST_02803,0.004661337938159704,0.9992142915725708
TEST_02804,0.014740617014467716,0.8700027465820312
TEST_02805,0.08222349733114243,0.9119600653648376
TEST_02806,0.055154554545879364,0.9898005127906799
TEST_02807,0.0669952780008316,0.9928128123283386
TEST_02808,0.05489259213209152,0.9763136506080627
TEST_02809,0.10841453075408936,0.8051301836967468
TEST_02810,0.011862663552165031,0.98119056224823
TEST_02811,0.014292458072304726,0.9881411790847778
TEST_02812,0.027935132384300232,0.6556082367897034
TEST_02813,0.2421724647283554,0.6232532262802124
TEST_02814,0.00028868872323073447,0.9999113082885742
TEST_02815,0.007190590724349022,0.8179375529289246
TEST_02816,0.005299793090671301,0.9865530133247375
TEST_02817,0.07970443367958069,0.9460224509239197
TEST_02818,0.00047751894453540444,0.9996223449707031
TEST_02819,0.007184687070548534,0.9994827508926392
TEST_02820,0.02836306393146515,0.675609290599823
TEST_02821,0.06949536502361298,0.4833891689777374
TEST_02822,0.16580307483673096,0.77388596534729
TEST_02823,0.01040902640670538,0.9466460347175598
TEST_02824,0.003929893020540476,0.9843059778213501
TEST_02825,0.036666106432676315,0.9736005067825317
TEST_02826,0.0240089762955904,0.999129593372345
TEST_02827,0.015892470255494118,0.9957829713821411
TEST_02828,0.019666509702801704,0.9993374943733215
TEST_02829,0.001999218948185444,0.9998175501823425
TEST_02830,0.13736453652381897,0.9520148038864136
TEST_02831,0.9242793917655945,0.7132737040519714
TEST_02832,0.267770916223526,0.9638996124267578
TEST_02833,0.0024547369685024023,0.9991331696510315
TEST_02834,0.03920793905854225,0.9898567199707031
TEST_02835,0.0063051446340978146,0.9957055449485779
TEST_02836,0.024324487894773483,0.9871019124984741
TEST_02837,0.9924542307853699,0.010127035900950432
TEST_02838,0.0042270151898264885,0.9935570359230042
TEST_02839,0.8422628045082092,0.4226078987121582
TEST_02840,0.004897281527519226,0.9681522250175476
TEST_02841,0.1352396011352539,0.9540414810180664
TEST_02842,0.027344003319740295,0.9986420273780823
TEST_02843,0.0362376868724823,0.884149968624115
TEST_02844,0.031758278608322144,0.9873133301734924
TEST_02845,0.011659788899123669,0.9933903217315674
TEST_02846,0.017493799328804016,0.9886921644210815
TEST_02847,0.015061022713780403,0.9752991199493408
TEST_02848,0.9633129239082336,0.7476229667663574
TEST_02849,0.03352191299200058,0.9896140694618225
TEST_02850,0.010334827937185764,0.9993983507156372
TEST_02851,0.9997020363807678,0.0005808593705296516
TEST_02852,0.007505524903535843,0.9982795715332031
TEST_02853,0.0066088661551475525,0.988728404045105
TEST_02854,0.013099553994834423,0.939736008644104
TEST_02855,0.022613195702433586,0.9786202907562256
TEST_02856,0.004642469342797995,0.9999674558639526
TEST_02857,0.0011620429577305913,0.999270498752594
TEST_02858,0.07970595359802246,0.9214438199996948
TEST_02859,0.044307757169008255,0.9882940053939819
TEST_02860,0.08268982172012329,0.8043975234031677
TEST_02861,0.0035416081082075834,0.984261155128479
TEST_02862,0.01879594288766384,0.9635658860206604
TEST_02863,0.0014217760181054473,0.9941006302833557
TEST_02864,0.02145680971443653,0.9982579350471497
TEST_02865,0.009352275170385838,0.9987916350364685
TEST_02866,0.33258485794067383,0.9960752129554749
TEST_02867,0.009122778661549091,0.889966607093811
TEST_02868,0.018849516287446022,0.8523340821266174
TEST_02869,0.03745664656162262,0.975753664970398
TEST_02870,0.006812778301537037,0.9991472959518433
TEST_02871,0.2809189558029175,0.9702001810073853
TEST_02872,0.0018244202947244048,0.9838861227035522
TEST_02873,0.03556443378329277,0.9831079244613647
TEST_02874,0.000715539266820997,0.9989474415779114
TEST_02875,0.3147394061088562,0.8861680626869202
TEST_02876,0.00017248027143068612,0.9979680180549622
TEST_02877,0.00013823588960804045,0.9999775886535645
TEST_02878,0.04010104015469551,0.9264463782310486
TEST_02879,0.016538791358470917,0.9994059801101685
TEST_02880,0.1752735823392868,0.8668105006217957
TEST_02881,0.00685824453830719,0.9984747767448425
TEST_02882,0.0009679085924290121,0.7805970311164856
TEST_02883,0.0016875456785783172,0.9998152852058411
TEST_02884,0.0026551622431725264,0.9997588992118835
TEST_02885,0.0010135764023289084,0.9986429810523987
TEST_02886,0.0013939589262008667,0.9997459053993225
TEST_02887,0.0037489987444132566,0.9798330068588257
TEST_02888,0.0021499914582818747,0.9993135929107666
TEST_02889,0.03321287781000137,0.9888863563537598
TEST_02890,0.0008832347812131047,0.9899649024009705
TEST_02891,0.004720134194940329,0.9906169772148132
TEST_02892,0.01395235862582922,0.9882516264915466
TEST_02893,0.0022158643696457148,0.9880732893943787
TEST_02894,0.9606110453605652,0.8957800269126892
TEST_02895,0.02063675783574581,0.9992258548736572
TEST_02896,0.03685162216424942,0.852989912033081
TEST_02897,0.4648800492286682,0.9300880432128906
TEST_02898,0.35356563329696655,0.960507333278656
TEST_02899,0.5205373167991638,0.9825806021690369
TEST_02900,0.080164834856987,0.9873019456863403
TEST_02901,0.08011309057474136,0.9742504358291626
TEST_02902,0.00027463474543765187,0.9982563853263855
TEST_02903,0.0014338857727125287,0.9975984692573547
TEST_02904,0.001112464815378189,0.9999762773513794
TEST_02905,0.612216055393219,0.9914765954017639
TEST_02906,0.0462653823196888,0.8811801671981812
TEST_02907,0.09950238466262817,0.9165008664131165
TEST_02908,0.00488649308681488,0.9999946355819702
TEST_02909,0.000238275300944224,0.9997720122337341
TEST_02910,0.9292977452278137,0.7417814135551453
TEST_02911,0.0659882128238678,0.8494225144386292
TEST_02912,0.0008451531175523996,0.9997782111167908
TEST_02913,0.03874104470014572,0.9204011559486389
TEST_02914,0.012487664818763733,0.9915036559104919
TEST_02915,0.0024401636328548193,0.9992278814315796
TEST_02916,0.02054687775671482,0.9945852160453796
TEST_02917,0.07220831513404846,0.9859198331832886
TEST_02918,0.00658754026517272,0.9931214451789856
TEST_02919,0.0037587995175272226,0.9981703758239746
TEST_02920,0.0033150040544569492,0.9988946318626404
TEST_02921,0.41159871220588684,0.9749558568000793
TEST_02922,0.008616386912763119,1.0
TEST_02923,0.028142446652054787,0.9801344275474548
TEST_02924,0.9995811581611633,0.15227368474006653
TEST_02925,0.0005870011518709362,0.995642900466919
TEST_02926,1.0,4.710499524662737e-06
TEST_02927,0.10299528390169144,0.9787405133247375
TEST_02928,0.0478886142373085,0.9975519776344299
TEST_02929,0.018094290047883987,0.9959748387336731
TEST_02930,0.024583056569099426,0.978552520275116
TEST_02931,0.0035578757524490356,0.9891248941421509
TEST_02932,0.0020944999996572733,0.9985108971595764
TEST_02933,0.06024394556879997,0.828452467918396
TEST_02934,0.16953951120376587,0.7835771441459656
TEST_02935,0.0018990420503541827,0.9884103536605835
TEST_02936,0.9561348557472229,0.2518370449542999
TEST_02937,0.0015269012656062841,0.9948846697807312
TEST_02938,0.1669119894504547,0.1650063842535019
TEST_02939,0.008065489120781422,0.9999873638153076
TEST_02940,0.02429104968905449,0.9668211340904236
TEST_02941,0.0006604172522202134,0.9999339580535889
TEST_02942,0.08943250775337219,0.8531843423843384
TEST_02943,0.0022451237309724092,0.9992008805274963
TEST_02944,0.5132882595062256,0.9648735523223877
TEST_02945,0.001414988306351006,0.9831228852272034
TEST_02946,0.049362700432538986,0.9978766441345215
TEST_02947,0.019990546628832817,0.9110623002052307
TEST_02948,0.00303289876319468,0.7357051372528076
TEST_02949,0.007859141565859318,0.9986345171928406
TEST_02950,0.0033235459122806787,0.9527274370193481
TEST_02951,0.04671977832913399,0.9910750389099121
TEST_02952,0.006447216961532831,0.9808789491653442
TEST_02953,0.0065344092436134815,0.993800699710846
TEST_02954,0.031521085649728775,0.8648147583007812
TEST_02955,0.02584177255630493,0.9478719234466553
TEST_02956,0.008239677175879478,0.9943491816520691
TEST_02957,0.7954186797142029,0.4742085933685303
TEST_02958,0.022296447306871414,0.9968003034591675
TEST_02959,0.013003000058233738,0.9885013103485107
TEST_02960,5.239612073637545e-05,0.9999760389328003
TEST_02961,0.002249498851597309,0.9994016885757446
TEST_02962,0.015117930248379707,0.979705274105072
TEST_02963,0.03445397689938545,0.9987516403198242
TEST_02964,0.00973971001803875,0.9979739785194397
TEST_02965,0.9991698265075684,0.0001739982981234789
TEST_02966,0.6420379877090454,0.9864087104797363
TEST_02967,0.018597617745399475,0.9725297689437866
TEST_02968,0.002752450294792652,0.9865100979804993
TEST_02969,0.00137324258685112,0.9995468258857727
TEST_02970,0.0381913036108017,0.9409584403038025
TEST_02971,0.0029172904323786497,0.9996969699859619
TEST_02972,0.04021292179822922,0.9846838116645813
TEST_02973,0.0011801329674199224,0.9985729455947876
TEST_02974,0.00040675431955605745,0.9999829530715942
TEST_02975,0.0029963795095682144,0.9848664402961731
TEST_02976,0.014985889196395874,0.24069444835186005
TEST_02977,0.0014358398038893938,0.9937467575073242
TEST_02978,0.03133592754602432,0.9664174914360046
TEST_02979,0.03955036774277687,0.9945479035377502
TEST_02980,0.002102627418935299,0.9913110733032227
TEST_02981,0.017508892342448235,0.9531486630439758
TEST_02982,0.02698856219649315,0.9326274394989014
TEST_02983,0.0902957171201706,0.8807864189147949
TEST_02984,0.9984763264656067,0.025864800438284874
TEST_02985,0.04120195284485817,0.9265791177749634
TEST_02986,0.6394935846328735,0.9721391201019287
TEST_02987,0.5167796015739441,0.9589250087738037
TEST_02988,0.021936625242233276,0.9994878768920898
TEST_02989,0.0034442113246768713,0.9998058676719666
TEST_02990,0.0054406370036304,0.9998512268066406
TEST_02991,0.0027193629648536444,0.9972833395004272
TEST_02992,0.13142089545726776,0.9313323497772217
TEST_02993,0.9997406601905823,0.0009431648650206625
TEST_02994,0.049324870109558105,0.989568293094635
TEST_02995,0.03982957452535629,0.9018707871437073
TEST_02996,0.7054704427719116,0.4760667383670807
TEST_02997,0.004025232046842575,0.8204346299171448
TEST_02998,0.05510565638542175,0.9712075591087341
TEST_02999,0.009302138350903988,0.9985834360122681
TEST_03000,0.04428882151842117,0.93866366147995
TEST_03001,0.00550252478569746,0.9857071042060852
TEST_03002,0.07197646796703339,0.9070566892623901
TEST_03003,0.0017726717051118612,0.9933732748031616
TEST_03004,0.9997618794441223,0.00033265911042690277
TEST_03005,0.9072718024253845,0.8692840933799744
TEST_03006,0.0071620456874370575,0.9961025714874268
TEST_03007,0.2561681568622589,0.9078839421272278
TEST_03008,0.0002890682371798903,0.9982303977012634
TEST_03009,0.005947901867330074,0.994464099407196
TEST_03010,0.7013902068138123,0.6787708401679993
TEST_03011,0.0006361387786455452,0.9996597766876221
TEST_03012,0.004135953262448311,0.9978881478309631
TEST_03013,0.014712195843458176,0.90949547290802
TEST_03014,0.05067973583936691,0.8700631856918335
TEST_03015,0.019217727705836296,0.9983522891998291
TEST_03016,0.04229205846786499,0.8714655637741089
TEST_03017,0.7072249054908752,0.8767175674438477
TEST_03018,0.0008353950688615441,0.9981196522712708
TEST_03019,0.0049307458102703094,0.9928860068321228
TEST_03020,0.021785657852888107,0.9954935312271118
TEST_03021,0.022154655307531357,0.9985212683677673
TEST_03022,0.02677547000348568,0.9997419714927673
TEST_03023,0.002912045456469059,0.9247717261314392
TEST_03024,0.009050503373146057,0.9933550357818604
TEST_03025,0.015731895342469215,0.9821065664291382
TEST_03026,0.002361993072554469,0.979677140712738
TEST_03027,0.018744321539998055,0.9746588468551636
TEST_03028,0.5725451707839966,0.8988515734672546
TEST_03029,0.0713186115026474,0.8716239929199219
TEST_03030,0.013031279668211937,0.9969274401664734
TEST_03031,0.07405239343643188,0.9329337477684021
TEST_03032,0.054958708584308624,0.8939379453659058
TEST_03033,0.01276013720780611,0.9785563945770264
TEST_03034,0.4383316934108734,0.18269401788711548
TEST_03035,0.007737463805824518,0.9880120754241943
TEST_03036,0.0020249169319868088,0.995695948600769
TEST_03037,0.0035485581029206514,0.9967294931411743
TEST_03038,0.0019424009369686246,0.9932209253311157
TEST_03039,0.024622980505228043,0.9917318820953369
TEST_03040,0.0014706348301842809,0.9962433576583862
TEST_03041,0.002148539526388049,0.9911119341850281
TEST_03042,0.0011071364860981703,0.9994820952415466
TEST_03043,0.011387420818209648,0.9550151824951172
TEST_03044,0.02449716441333294,0.9238144755363464
TEST_03045,0.0003562371712177992,0.9974557757377625
TEST_03046,0.041931040585041046,0.9695461988449097
TEST_03047,0.009436851367354393,0.9853705167770386
TEST_03048,0.004634838551282883,0.9766888618469238
TEST_03049,0.6302744150161743,0.7057486176490784
TEST_03050,0.0030401565600186586,0.9990342855453491
TEST_03051,0.002971690846607089,0.9790173172950745
TEST_03052,0.011216862127184868,0.9753947854042053
TEST_03053,0.0007138120126910508,0.995184600353241
TEST_03054,0.03882155567407608,0.9811434745788574
TEST_03055,0.014439673162996769,0.9955256581306458
TEST_03056,0.0016347963828593493,0.9994725584983826
TEST_03057,0.025775043293833733,0.9957001209259033
TEST_03058,0.00500071095302701,0.9997536540031433
TEST_03059,0.003965028095990419,0.9989573955535889
TEST_03060,0.001157146762125194,0.9919219017028809
TEST_03061,0.006673907861113548,0.9103977680206299
TEST_03062,0.10183071345090866,0.8787522912025452
TEST_03063,0.00221743481233716,0.982187032699585
TEST_03064,0.002691378816962242,0.985171377658844
TEST_03065,0.012540148571133614,0.9976535439491272
TEST_03066,0.0359862819314003,0.9707536101341248
TEST_03067,0.033772487193346024,0.9959971904754639
TEST_03068,0.5868004560470581,0.8612765669822693
TEST_03069,0.18452200293540955,0.9041788578033447
TEST_03070,0.007188031449913979,0.9150703549385071
TEST_03071,0.019044172018766403,0.9918609261512756
TEST_03072,0.007863086648285389,0.9982953667640686
TEST_03073,0.0006643561064265668,0.9996809959411621
TEST_03074,0.022219832986593246,0.996137797832489
TEST_03075,0.015569601207971573,0.9969923496246338
TEST_03076,0.03872229531407356,0.9682357907295227
TEST_03077,0.37659382820129395,0.9904552102088928
TEST_03078,0.010549926199018955,0.9604784250259399
TEST_03079,0.011815090663731098,0.9047200083732605
TEST_03080,0.006568973883986473,0.99565589427948
TEST_03081,0.18132247030735016,0.9357411861419678
TEST_03082,0.03493206948041916,0.9973104000091553
TEST_03083,0.004955476149916649,0.9919235110282898
TEST_03084,0.005585235543549061,0.9846271872520447
TEST_03085,0.14895284175872803,0.9212841391563416
TEST_03086,0.0024849525652825832,0.995568573474884
TEST_03087,0.03666818514466286,0.9352315664291382
TEST_03088,0.0030607893131673336,0.9952955842018127
TEST_03089,0.013993161730468273,0.9953839182853699
TEST_03090,0.00880257599055767,0.9968390464782715
TEST_03091,0.9995734095573425,0.0004640566185116768
TEST_03092,0.03184518218040466,0.9394455552101135
TEST_03093,0.0006435644463635981,0.999554455280304
TEST_03094,0.5134394764900208,0.9307836890220642
TEST_03095,0.0415649339556694,0.9504058361053467
TEST_03096,0.009680487215518951,0.9991790652275085
TEST_03097,0.010441873222589493,0.9832524061203003
TEST_03098,0.00357986381277442,0.9980202913284302
TEST_03099,0.0039324588142335415,0.9975119829177856
TEST_03100,0.005950082093477249,0.9979680180549622
TEST_03101,0.5045878291130066,0.8622311353683472
TEST_03102,0.7799307107925415,0.0356455072760582
TEST_03103,0.7357227206230164,0.04262180253863335
TEST_03104,0.0024480775464326143,0.9927595853805542
TEST_03105,0.003003066638484597,0.9705316424369812
TEST_03106,0.07040098309516907,0.9451255202293396
TEST_03107,0.00030788363073952496,0.999539852142334
TEST_03108,0.010674822144210339,0.9983848333358765
TEST_03109,0.03174227476119995,0.9487540125846863
TEST_03110,0.02785395085811615,0.9264017939567566
TEST_03111,0.00666056526824832,0.9618209600448608
TEST_03112,0.0013775941915810108,0.9999868869781494
TEST_03113,0.05899324268102646,0.8333420753479004
TEST_03114,0.02055579237639904,0.9906098246574402
TEST_03115,0.9854753017425537,0.01711735501885414
TEST_03116,0.011186640709638596,0.9197983741760254
TEST_03117,0.0059860642068088055,0.989972710609436
TEST_03118,0.01653233915567398,0.9845210909843445
TEST_03119,0.005398615729063749,0.9638170003890991
TEST_03120,0.06902357190847397,0.8880935311317444
TEST_03121,0.12184138596057892,0.9662132263183594
TEST_03122,0.00867929495871067,0.9945029020309448
TEST_03123,0.0007380324532277882,0.9620518088340759
TEST_03124,0.10314974933862686,0.9611334204673767
TEST_03125,0.01569177396595478,0.9936782717704773
TEST_03126,0.010756898671388626,0.8792023062705994
TEST_03127,0.026432260870933533,0.9978078007698059
TEST_03128,0.9998917579650879,0.0003689872391987592
TEST_03129,0.08390148729085922,0.9757103323936462
TEST_03130,0.015503437258303165,0.9956420660018921
TEST_03131,0.06154455989599228,0.9703093767166138
TEST_03132,0.05557436868548393,0.9110543131828308
TEST_03133,0.0032286597415804863,0.9899924397468567
TEST_03134,0.041049301624298096,0.9464371800422668
TEST_03135,0.0031540333293378353,0.9959932565689087
TEST_03136,0.004292548634111881,0.996933102607727
TEST_03137,0.9448041319847107,0.9717114567756653
TEST_03138,0.025765320286154747,0.9438304901123047
TEST_03139,0.014681393280625343,0.8551265001296997
TEST_03140,0.3813384175300598,0.8957786560058594
TEST_03141,0.011663218960165977,0.9971336126327515
TEST_03142,0.9999998807907104,0.001167234848253429
TEST_03143,0.27356651425361633,0.21959669888019562
TEST_03144,0.00011664861813187599,0.999267041683197
TEST_03145,0.0014482979895547032,0.9611047506332397
TEST_03146,0.698165774345398,0.9504876732826233
TEST_03147,0.008616040460765362,0.9963191747665405
TEST_03148,0.0006856870022602379,0.9984269142150879
TEST_03149,0.001884531695395708,0.9886223673820496
TEST_03150,0.17082829773426056,0.9724950194358826
TEST_03151,0.0011723929783329368,0.999785840511322
TEST_03152,0.7375871539115906,0.48498818278312683
TEST_03153,0.03206934779882431,0.9967904686927795
TEST_03154,0.03645144775509834,0.887628436088562
TEST_03155,0.0017695262795314193,0.9999581575393677
TEST_03156,0.0009808115428313613,0.9992148876190186
TEST_03157,0.9941093921661377,0.010968868620693684
TEST_03158,0.3023736774921417,0.9916810393333435
TEST_03159,0.010128417983651161,0.9981375932693481
TEST_03160,0.003838076489046216,0.9898708462715149
TEST_03161,0.026808371767401695,0.9981812238693237
TEST_03162,0.008706308901309967,0.9730994701385498
TEST_03163,0.032656557857990265,0.9123625755310059
TEST_03164,0.021100550889968872,0.982043445110321
TEST_03165,0.013493089005351067,0.9835783243179321
TEST_03166,0.009076982736587524,0.999234676361084
TEST_03167,0.18885880708694458,0.8062784671783447
TEST_03168,0.9591228365898132,0.7650270462036133
TEST_03169,0.0667569562792778,0.5518672466278076
TEST_03170,0.046776607632637024,0.9955552220344543
TEST_03171,0.007655981928110123,0.9609083533287048
TEST_03172,0.017422540113329887,0.9968872666358948
TEST_03173,0.06672364473342896,0.3556654155254364
TEST_03174,0.042659319937229156,0.9365830421447754
TEST_03175,0.037136297672986984,0.24448931217193604
TEST_03176,0.018190016970038414,0.9950888752937317
TEST_03177,0.0031965160742402077,0.9877034425735474
TEST_03178,0.004342583939433098,0.9934362173080444
TEST_03179,0.006225001998245716,0.9848273992538452
TEST_03180,0.36811864376068115,0.8927120566368103
TEST_03181,0.4012121856212616,0.2137015014886856
TEST_03182,0.9995377063751221,0.0001047526384354569
TEST_03183,0.012962800450623035,0.8357514142990112
TEST_03184,0.05388246104121208,0.9740080237388611
TEST_03185,0.013234075158834457,0.9649290442466736
TEST_03186,0.023577094078063965,0.9846478700637817
TEST_03187,0.0014476851793006063,0.983417809009552
TEST_03188,0.5463951230049133,0.8997310996055603
TEST_03189,0.015166142024099827,0.9788089394569397
TEST_03190,0.006050194147974253,0.9887871146202087
TEST_03191,0.0011493044439703226,0.9975852966308594
TEST_03192,2.6021996745839715e-05,0.9999489784240723
TEST_03193,0.009936761111021042,0.9890307784080505
TEST_03194,0.9976660013198853,0.10387607663869858
TEST_03195,0.2386985570192337,0.999289870262146
TEST_03196,0.4447045624256134,0.9872688055038452
TEST_03197,0.07079832255840302,0.8444869518280029
TEST_03198,0.0034025865606963634,0.9945571422576904
TEST_03199,0.02707459032535553,0.7863306403160095
TEST_03200,0.0026478120125830173,0.9977986216545105
TEST_03201,0.01218262780457735,0.9967004656791687
TEST_03202,0.0578283853828907,0.8728605508804321
TEST_03203,0.297102689743042,0.86875319480896
TEST_03204,0.012825445272028446,0.8597908020019531
TEST_03205,0.013222243636846542,0.9909260272979736
TEST_03206,0.03810073062777519,0.9772612452507019
TEST_03207,0.014735409989953041,0.9986866116523743
TEST_03208,0.002187891397625208,0.9953044652938843
TEST_03209,0.06637341529130936,0.9979056119918823
TEST_03210,0.3594154417514801,0.8167188167572021
TEST_03211,0.006384148728102446,0.9965200424194336
TEST_03212,0.036665741354227066,0.9726258516311646
TEST_03213,0.39755573868751526,0.3761305510997772
TEST_03214,0.8840144872665405,0.9567835927009583
TEST_03215,0.009525656700134277,0.9971554279327393
TEST_03216,0.01326867938041687,0.9853509664535522
TEST_03217,0.0026214623358100653,0.9884212017059326
TEST_03218,0.004760510753840208,0.9514361619949341
TEST_03219,0.06185249239206314,0.85945063829422
TEST_03220,0.39130306243896484,0.8076537251472473
TEST_03221,0.01674053631722927,0.9342225193977356
TEST_03222,0.001914563705213368,0.9849660396575928
TEST_03223,0.10969594866037369,0.8706027865409851
TEST_03224,0.01559030544012785,0.9695810675621033
TEST_03225,0.002049271482974291,0.9897139072418213
TEST_03226,0.019434072077274323,0.9999518394470215
TEST_03227,0.007858769968152046,0.9777572751045227
TEST_03228,0.0352180153131485,0.993428647518158
TEST_03229,0.034237101674079895,0.9583803415298462
TEST_03230,0.9996122717857361,0.018175456672906876
TEST_03231,0.001440474414266646,0.9959851503372192
TEST_03232,0.028169235214591026,0.9851283431053162
TEST_03233,0.01600157655775547,0.9613075256347656
TEST_03234,0.006373652257025242,0.9765920042991638
TEST_03235,0.032966598868370056,0.8629657626152039
TEST_03236,0.02361692488193512,0.9975548386573792
TEST_03237,0.051110122352838516,0.9266325235366821
TEST_03238,0.9994877576828003,0.8149376511573792
TEST_03239,0.006249021273106337,0.9862132668495178
TEST_03240,0.09648004174232483,0.9811745882034302
TEST_03241,0.02214479260146618,0.9026390314102173
TEST_03242,0.00024597073206678033,0.9998055100440979
TEST_03243,0.027043256908655167,0.9997296929359436
TEST_03244,0.0006412684451788664,0.9962181448936462
TEST_03245,0.0025291990023106337,0.998458981513977
TEST_03246,0.0061528985388576984,0.8670583963394165
TEST_03247,0.04215523600578308,0.9529476761817932
TEST_03248,0.011084374971687794,0.9956014156341553
TEST_03249,0.020389216020703316,0.9959673881530762
TEST_03250,0.018187394365668297,0.9705125689506531
TEST_03251,0.11513764411211014,0.8774771690368652
TEST_03252,0.001318802242167294,0.9967145919799805
TEST_03253,0.007385161705315113,0.9770591855049133
TEST_03254,0.0013254760997369885,0.9874559044837952
TEST_03255,0.03935743495821953,0.9577631950378418
TEST_03256,0.35890963673591614,0.005428181495517492
TEST_03257,0.0023623101878911257,0.9999912977218628
TEST_03258,0.03901158645749092,0.9026854634284973
TEST_03259,0.013874845579266548,0.9827011227607727
TEST_03260,0.13765859603881836,0.9290912747383118
TEST_03261,0.005260265897959471,0.9830104112625122
TEST_03262,0.008692249655723572,0.9482339024543762
TEST_03263,0.06326897442340851,0.9448713064193726
TEST_03264,0.02919222228229046,0.9998468160629272
TEST_03265,0.9428908824920654,0.9754443764686584
TEST_03266,0.17821231484413147,0.8360461592674255
TEST_03267,0.01179925724864006,0.818440318107605
TEST_03268,0.016189666464924812,0.9909607768058777
TEST_03269,0.009959680028259754,0.9978376030921936
TEST_03270,0.012360694818198681,0.9962365031242371
TEST_03271,0.004880959168076515,0.9949328303337097
TEST_03272,0.945780336856842,0.9580751657485962
TEST_03273,0.007025463972240686,0.9992850422859192
TEST_03274,0.0037002621684223413,0.9385047554969788
TEST_03275,0.004607363138347864,0.9584231376647949
TEST_03276,0.0070341345854103565,0.9967854022979736
TEST_03277,0.038533736020326614,0.9794685244560242
TEST_03278,0.9586259722709656,0.22944948077201843
TEST_03279,0.02793547883629799,0.9975646734237671
TEST_03280,0.0023093675263226032,0.9993650317192078
TEST_03281,0.03170424699783325,0.7350374460220337
TEST_03282,0.03428507223725319,0.6063962578773499
TEST_03283,0.011925339698791504,0.9273934960365295
TEST_03284,0.18197490274906158,0.8499755859375
TEST_03285,0.01329764723777771,0.9954148530960083
TEST_03286,0.1687787026166916,0.6152297854423523
TEST_03287,0.13688893616199493,0.35027268528938293
TEST_03288,0.0056273723021149635,0.9975298047065735
TEST_03289,0.021310172975063324,0.8723141551017761
TEST_03290,0.03190473094582558,0.9602935910224915
TEST_03291,0.004724827129393816,0.9974302649497986
TEST_03292,0.059850063174963,0.5763713121414185
TEST_03293,0.002929023001343012,0.9951834082603455
TEST_03294,0.019725913181900978,0.9461215734481812
TEST_03295,0.07156949490308762,0.889701247215271
TEST_03296,0.07309900969266891,0.9824813008308411
TEST_03297,0.23514267802238464,0.10000702738761902
TEST_03298,0.0250354316085577,0.9860433340072632
TEST_03299,0.02937403880059719,0.9643268585205078
TEST_03300,0.01007878128439188,0.9979451298713684
TEST_03301,0.07095298916101456,0.470655620098114
TEST_03302,0.0565013661980629,0.9752585887908936
TEST_03303,0.0035100069362670183,0.8941364288330078
TEST_03304,0.002894094679504633,0.9991891980171204
TEST_03305,0.002978225238621235,0.9923248291015625
TEST_03306,0.520099401473999,0.9637964963912964
TEST_03307,0.0039219423197209835,0.9956146478652954
TEST_03308,0.01307141873985529,0.9760115146636963
TEST_03309,0.07446128875017166,0.983328104019165
TEST_03310,0.01810314506292343,0.9791107773780823
TEST_03311,0.31491249799728394,0.9859566688537598
TEST_03312,0.02534797601401806,0.9945037364959717
TEST_03313,0.0046997591853141785,0.9998779296875
TEST_03314,0.01864517852663994,0.978738009929657
TEST_03315,0.014143021777272224,0.9977052807807922
TEST_03316,0.0036923440638929605,0.9995319843292236
TEST_03317,0.04039345681667328,0.9715557098388672
TEST_03318,1.2291478014958557e-05,0.998964786529541
TEST_03319,0.03599787876009941,0.9918107986450195
TEST_03320,0.01245369203388691,0.9998728036880493
TEST_03321,0.00466263247653842,0.8990529179573059
TEST_03322,0.12084264308214188,0.8994246125221252
TEST_03323,0.0017922113183885813,0.9957551956176758
TEST_03324,0.05307139828801155,0.986791729927063
TEST_03325,0.0016563215758651495,0.9982931017875671
TEST_03326,0.9891056418418884,0.9012011289596558
TEST_03327,0.006585346534848213,0.9892459511756897
TEST_03328,0.04042404890060425,0.9594807624816895
TEST_03329,0.19132404029369354,0.8746904134750366
TEST_03330,0.01060204952955246,0.9781073927879333
TEST_03331,0.19522783160209656,0.47519171237945557
TEST_03332,0.07428090274333954,0.62810218334198
TEST_03333,0.030499650165438652,0.9376436471939087
TEST_03334,0.004602145869284868,0.9860397577285767
TEST_03335,0.123966284096241,0.799489438533783
TEST_03336,0.9921165108680725,0.14614681899547577
TEST_03337,0.0263699721544981,0.95838862657547
TEST_03338,0.0005756886093877256,0.9989172220230103
TEST_03339,0.24470891058444977,0.9872614145278931
TEST_03340,0.010961421765387058,0.9968641400337219
TEST_03341,0.04309358075261116,0.9468607902526855
TEST_03342,0.017547907307744026,0.9768332242965698
TEST_03343,0.08992918580770493,0.9066533446311951
TEST_03344,0.003961536101996899,0.967228353023529
TEST_03345,0.007918989285826683,0.9500709772109985
TEST_03346,0.47689664363861084,0.9039181470870972
TEST_03347,0.0027303239330649376,0.9971776008605957
TEST_03348,0.002664102241396904,0.8680594563484192
TEST_03349,0.0712490975856781,0.9492979645729065
TEST_03350,0.6408169865608215,0.07037394493818283
TEST_03351,0.01900167390704155,0.9880164861679077
TEST_03352,0.002398959593847394,0.9968047142028809
TEST_03353,0.0038086692802608013,0.9976020455360413
TEST_03354,0.006016696337610483,0.9711940288543701
TEST_03355,0.015931932255625725,0.9333968162536621
TEST_03356,0.02506232261657715,0.9037252068519592
TEST_03357,0.013558156788349152,0.9962866306304932
TEST_03358,0.0007168299052864313,0.9997181296348572
TEST_03359,0.0005434745689854026,0.9915395379066467
TEST_03360,0.09753882884979248,0.8385770320892334
TEST_03361,0.017678340896964073,0.9689838886260986
TEST_03362,0.011650187894701958,0.993450403213501
TEST_03363,0.007510645315051079,0.9975449442863464
TEST_03364,0.08823015540838242,0.9803476333618164
TEST_03365,0.005597603507339954,0.9986094236373901
TEST_03366,0.5062999725341797,0.967290461063385
TEST_03367,0.02822442725300789,0.9878949522972107
TEST_03368,0.003862667828798294,0.9269742369651794
TEST_03369,4.209531834931113e-05,0.9996532201766968
TEST_03370,0.010784592479467392,0.9775249361991882
TEST_03371,0.5608366131782532,0.7807235717773438
TEST_03372,0.06905604898929596,0.9727139472961426
TEST_03373,0.00046022626338526607,0.9994969367980957
TEST_03374,0.004790154285728931,0.9985291957855225
TEST_03375,0.0009140974725596607,0.9907671809196472
TEST_03376,0.01787094585597515,0.9946647882461548
TEST_03377,0.0004607558948919177,0.9999306201934814
TEST_03378,0.005170430522412062,0.8585850596427917
TEST_03379,0.030053038150072098,0.9979719519615173
TEST_03380,0.36093074083328247,0.9757273197174072
TEST_03381,0.007160845212638378,0.9979879856109619
TEST_03382,0.0002512916980776936,0.9999090433120728
TEST_03383,0.0012378807878121734,0.9999029636383057
TEST_03384,0.002490080427378416,0.9990110397338867
TEST_03385,0.013643084093928337,0.9790478348731995
TEST_03386,0.00729519035667181,0.9862580299377441
TEST_03387,0.03937302529811859,0.8945315480232239
TEST_03388,0.023443927988409996,0.9544979333877563
TEST_03389,0.014015034772455692,0.8745142817497253
TEST_03390,0.13869574666023254,0.8313702940940857
TEST_03391,0.0010854825377464294,0.9996460676193237
TEST_03392,0.022595934569835663,0.933443546295166
TEST_03393,0.05465451255440712,0.9417662620544434
TEST_03394,0.001110327779315412,0.9961065649986267
TEST_03395,0.004504867363721132,0.9308876991271973
TEST_03396,0.27954941987991333,0.8715304732322693
TEST_03397,0.04690558835864067,0.8902325630187988
TEST_03398,0.0013428764650598168,0.9999066591262817
TEST_03399,0.0005629529478028417,0.9996837377548218
TEST_03400,0.017143921926617622,0.9885110855102539
TEST_03401,0.00022054828878026456,0.9997296929359436
TEST_03402,0.004192302469164133,0.9953252077102661
TEST_03403,0.002391205634921789,0.9895374774932861
TEST_03404,0.003348359139636159,0.9993727803230286
TEST_03405,0.0019332368392497301,0.9847700595855713
TEST_03406,0.031383711844682693,0.9045462608337402
TEST_03407,0.009295633062720299,0.9979654550552368
TEST_03408,0.0023332559503614902,0.9998542070388794
TEST_03409,0.10350444167852402,0.9832739233970642
TEST_03410,0.0017277078004553914,0.9936389327049255
TEST_03411,0.08097699284553528,0.9738759398460388
TEST_03412,0.5797088146209717,0.981802761554718
TEST_03413,0.009866440668702126,0.9439566135406494
TEST_03414,0.8773139715194702,0.41829684376716614
TEST_03415,0.03360579162836075,0.8067396283149719
TEST_03416,0.0044870637357234955,0.9960171580314636
TEST_03417,0.0185242872685194,0.7476183176040649
TEST_03418,0.0008720534387975931,0.99962317943573
TEST_03419,0.03406457230448723,0.9342796206474304
TEST_03420,0.02982906810939312,0.930428147315979
TEST_03421,0.8913428783416748,0.31843629479408264
TEST_03422,0.8518545627593994,0.9085519909858704
TEST_03423,0.018880989402532578,0.9935947060585022
TEST_03424,0.044914375990629196,0.8965837359428406
TEST_03425,0.016297943890094757,0.9681187868118286
TEST_03426,0.002280561486259103,0.9992827773094177
TEST_03427,0.05479693040251732,0.9815261363983154
TEST_03428,0.0031675701029598713,0.9961045980453491
TEST_03429,0.9999767541885376,0.007764983922243118
TEST_03430,0.04976601526141167,0.9966285824775696
TEST_03431,0.026782575994729996,0.8902653455734253
TEST_03432,0.012478053569793701,0.9454023241996765
TEST_03433,0.0232095867395401,0.8755041360855103
TEST_03434,0.07231833785772324,0.9864118099212646
TEST_03435,0.0006915747071616352,0.9984769225120544
TEST_03436,0.9978204965591431,0.7841933965682983
TEST_03437,0.39851444959640503,0.50335693359375
TEST_03438,0.0001528393040644005,0.9994041919708252
TEST_03439,0.02764176018536091,0.9977268576622009
TEST_03440,0.015336445532739162,0.9829150438308716
TEST_03441,0.0052801817655563354,0.9931883811950684
TEST_03442,0.02964155748486519,0.865307629108429
TEST_03443,0.1659792959690094,0.9904601573944092
TEST_03444,0.011216639541089535,0.8350662589073181
TEST_03445,0.0015763905830681324,0.9976910352706909
TEST_03446,0.015060167759656906,0.9419115781784058
TEST_03447,0.02042694203555584,0.9994475245475769
TEST_03448,0.010782903991639614,0.24820689857006073
TEST_03449,0.0038813722785562277,0.9709132313728333
TEST_03450,0.0011673399712890387,0.9979472756385803
TEST_03451,0.021723488345742226,0.9989247918128967
TEST_03452,0.010986429639160633,0.9904602766036987
TEST_03453,0.0019763815216720104,0.9996205568313599
TEST_03454,0.006914160214364529,0.9991795420646667
TEST_03455,0.007520095445215702,0.9845548272132874
TEST_03456,0.07257451117038727,0.9234300255775452
TEST_03457,0.0016709452029317617,0.9915124773979187
TEST_03458,0.009362583048641682,0.9982457160949707
TEST_03459,0.043348949402570724,0.6547805070877075
TEST_03460,0.04252941533923149,0.9874654412269592
TEST_03461,0.0005876423674635589,0.9949453473091125
TEST_03462,0.00039562402525916696,0.9903116226196289
TEST_03463,0.0007277302793227136,0.9967024922370911
TEST_03464,0.002942760707810521,0.9982979893684387
TEST_03465,0.0030241881031543016,0.9987523555755615
TEST_03466,0.015279261395335197,0.8490030169487
TEST_03467,0.02931050956249237,0.9961147308349609
TEST_03468,0.046054281294345856,0.9879062175750732
TEST_03469,0.5923020243644714,0.987711489200592
TEST_03470,0.03126637265086174,0.952509343624115
TEST_03471,0.016681550070643425,0.9984098672866821
TEST_03472,0.0025162450037896633,0.9961872696876526
TEST_03473,0.02371320128440857,0.8940455913543701
TEST_03474,0.04112076386809349,0.9932941198348999
TEST_03475,0.0008025583811104298,0.9830401539802551
TEST_03476,0.03169048950076103,0.9794528484344482
TEST_03477,0.06884285062551498,0.9431577324867249
TEST_03478,0.0003420939319767058,0.9886532425880432
TEST_03479,0.03505059704184532,0.8913615345954895
TEST_03480,1.0730725989560597e-05,0.9996206760406494
TEST_03481,0.07715335488319397,0.40679579973220825
TEST_03482,0.02037755213677883,0.996055006980896
TEST_03483,0.0008958601974882185,0.9997889399528503
TEST_03484,0.0010899812914431095,0.9959218502044678
TEST_03485,0.0017702406039461493,0.9999758005142212
TEST_03486,0.11076322942972183,0.15583063662052155
TEST_03487,0.00016077789769042283,0.9999951124191284
TEST_03488,0.0004556802159640938,0.9964582324028015
TEST_03489,0.01988980360329151,0.8877541422843933
TEST_03490,0.01248602382838726,0.9813507795333862
TEST_03491,0.9507176876068115,0.8296130299568176
TEST_03492,0.020777171477675438,0.950685977935791
TEST_03493,0.13962997496128082,0.8227717280387878
TEST_03494,0.005578700453042984,0.971235990524292
TEST_03495,0.00017545574519317597,0.9922577738761902
TEST_03496,0.0011528421891853213,0.9873859882354736
TEST_03497,0.022586390376091003,0.9037526845932007
TEST_03498,0.03993210196495056,0.9936553239822388
TEST_03499,0.45894119143486023,0.08410869538784027
TEST_03500,0.0006339774117805064,0.9891868233680725
TEST_03501,0.4738244116306305,0.9732027649879456
TEST_03502,0.00950175616890192,0.9969499707221985
TEST_03503,0.0008122091530822217,0.9990198612213135
TEST_03504,0.008837704546749592,0.9925004839897156
TEST_03505,0.03489884361624718,0.9799978137016296
TEST_03506,0.029726607725024223,0.8993908166885376
TEST_03507,0.004332573618739843,0.9969894289970398
TEST_03508,0.0006418172270059586,0.9989674091339111
TEST_03509,0.0003771428600884974,0.9997283816337585
TEST_03510,0.047971341758966446,0.9223933815956116
TEST_03511,0.005207979120314121,0.8856671452522278
TEST_03512,0.015175260603427887,0.9571817517280579
TEST_03513,0.0029292625840753317,0.9936350584030151
TEST_03514,0.02816477045416832,0.9752424955368042
TEST_03515,0.008673496544361115,0.980717122554779
TEST_03516,0.00655140308663249,0.9823755621910095
TEST_03517,0.15215758979320526,0.8670575022697449
TEST_03518,0.018049903213977814,0.9826923608779907
TEST_03519,0.008876802399754524,0.9999574422836304
TEST_03520,0.09943690896034241,0.982842743396759
TEST_03521,0.004117235075682402,0.9989185333251953
TEST_03522,0.04117901623249054,0.9018009901046753
TEST_03523,0.00084202631842345,0.9946320056915283
TEST_03524,0.01683412306010723,0.9942726492881775
TEST_03525,0.012193736620247364,0.9141057729721069
TEST_03526,0.04009836167097092,0.9805009365081787
TEST_03527,0.003230864182114601,0.9999904632568359
TEST_03528,0.0013401027536019683,0.9915189146995544
TEST_03529,0.0006298919324763119,0.9988179802894592
TEST_03530,0.007964522577822208,0.9995684027671814
TEST_03531,0.20017121732234955,0.7304902076721191
TEST_03532,0.04546260088682175,0.5635035634040833
TEST_03533,0.03115222044289112,0.840078592300415
TEST_03534,0.00671429792419076,0.9985540509223938
TEST_03535,0.10196045786142349,0.9626676440238953
TEST_03536,0.0003956579603254795,0.9994118213653564
TEST_03537,0.00012207444524392486,0.9999150037765503
TEST_03538,0.003916940186172724,0.996696949005127
TEST_03539,0.11761757731437683,0.8402231931686401
TEST_03540,0.0006750057218596339,0.9960899353027344
TEST_03541,0.0007557173958048224,0.9972805976867676
TEST_03542,0.023306529968976974,0.9204961061477661
TEST_03543,0.017927424982190132,0.8794585466384888
TEST_03544,0.011805173940956593,0.9878289699554443
TEST_03545,0.3234831988811493,0.6370129585266113
TEST_03546,0.006171851884573698,0.9955127835273743
TEST_03547,0.02401137724518776,0.9657158851623535
TEST_03548,0.006311376113444567,0.997734546661377
TEST_03549,0.006581087131053209,0.988556981086731
TEST_03550,0.0151189174503088,0.8470131158828735
TEST_03551,0.02723907120525837,0.9598199129104614
TEST_03552,0.005061522591859102,0.9955306649208069
TEST_03553,0.004997921641916037,0.9575744867324829
TEST_03554,0.036800384521484375,0.9661588072776794
TEST_03555,0.003480629762634635,0.9680699706077576
TEST_03556,0.0007402132032439113,0.9999953508377075
TEST_03557,0.012250266969203949,0.9698449373245239
TEST_03558,0.07745438814163208,0.8838844895362854
TEST_03559,0.019740376621484756,0.9848988652229309
TEST_03560,0.0037540169432759285,0.9901019334793091
TEST_03561,0.39093017578125,0.9915792942047119
TEST_03562,0.866127610206604,0.7548269629478455
TEST_03563,0.010313590057194233,0.9993705153465271
TEST_03564,0.007676916196942329,0.965334951877594
TEST_03565,0.0020469208247959614,0.9995612502098083
TEST_03566,0.0008703516214154661,0.9998087286949158
TEST_03567,0.022721461951732635,0.8726819157600403
TEST_03568,0.009286376647651196,0.9947530031204224
TEST_03569,0.0012665741378441453,0.9994446635246277
TEST_03570,0.008760982193052769,0.9611872434616089
TEST_03571,0.003228455549106002,0.9987590312957764
TEST_03572,0.08195701241493225,0.8695447444915771
TEST_03573,0.00543111190199852,0.996976375579834
TEST_03574,0.025405090302228928,0.9676824808120728
TEST_03575,0.02550385519862175,0.9874730110168457
TEST_03576,0.5241250991821289,0.7031679749488831
TEST_03577,0.6013475060462952,0.9538195133209229
TEST_03578,0.0056731970980763435,0.9981196522712708
TEST_03579,0.0007027826504781842,0.9987335801124573
TEST_03580,0.0072909165173769,0.9317236542701721
TEST_03581,0.0039401729591190815,0.9833475947380066
TEST_03582,0.017399650067090988,0.9929929971694946
TEST_03583,0.0459563210606575,0.8848555684089661
TEST_03584,0.0065500978380441666,0.929850161075592
TEST_03585,0.9928222298622131,0.12536518275737762
TEST_03586,0.0007742295856587589,0.9944461584091187
TEST_03587,0.00250397901982069,0.9691287875175476
TEST_03588,0.058941878378391266,0.7371642589569092
TEST_03589,0.0021517793647944927,0.9978710412979126
TEST_03590,0.4632337987422943,0.9409726858139038
TEST_03591,0.0006468536448664963,0.9979814291000366
TEST_03592,0.000837527506519109,0.9991171956062317
TEST_03593,0.00951321143656969,0.9935886859893799
TEST_03594,0.007593476679176092,0.9934252500534058
TEST_03595,0.03474172577261925,0.9908891320228577
TEST_03596,0.000945965526625514,0.9932155609130859
TEST_03597,0.001048002508468926,0.9916252493858337
TEST_03598,0.012135446071624756,0.9087780714035034
TEST_03599,0.005526884458959103,0.98710036277771
TEST_03600,0.04583657905459404,0.7064574956893921
TEST_03601,0.05144444480538368,0.9028344750404358
TEST_03602,0.9760537147521973,0.04056379944086075
TEST_03603,0.0230677742511034,0.9924880266189575
TEST_03604,0.002404788974672556,0.9822611212730408
TEST_03605,0.026295427232980728,0.935249924659729
TEST_03606,0.009164610877633095,0.6761984825134277
TEST_03607,0.012165602296590805,0.9925724267959595
TEST_03608,0.006967007648199797,0.9800216555595398
TEST_03609,0.00160886999219656,0.9938156604766846
TEST_03610,0.19366508722305298,0.897006094455719
TEST_03611,0.010526220314204693,0.9961826205253601
TEST_03612,0.0017190087819471955,0.9998636245727539
TEST_03613,0.06693097203969955,0.1093842014670372
TEST_03614,0.022216636687517166,0.6063503623008728
TEST_03615,0.026165736839175224,0.9638486504554749
TEST_03616,0.010907352901995182,0.9668620228767395
TEST_03617,0.08460214734077454,0.9786215424537659
TEST_03618,0.0016071773134171963,0.8872926831245422
TEST_03619,0.09159237891435623,0.9247437119483948
TEST_03620,0.013311832211911678,0.9032647609710693
TEST_03621,0.008318960666656494,0.9815493226051331
TEST_03622,0.9733894467353821,0.35886871814727783
TEST_03623,6.22807492618449e-05,0.999747097492218
TEST_03624,0.005589023698121309,0.9421667456626892
TEST_03625,0.057077113538980484,0.8392152190208435
TEST_03626,0.852382242679596,0.8343324065208435
TEST_03627,0.0007939023780636489,0.9957459568977356
TEST_03628,0.005373622756451368,0.9996786117553711
TEST_03629,0.4179411828517914,0.8892254829406738
TEST_03630,0.010483999736607075,0.9106749892234802
TEST_03631,0.006092299707233906,0.9988215565681458
TEST_03632,0.03245038911700249,0.9530383348464966
TEST_03633,0.028916221112012863,0.9782161116600037
TEST_03634,0.0976216048002243,0.8833228349685669
TEST_03635,0.016963453963398933,0.9948487281799316
TEST_03636,0.013163226656615734,0.9540638327598572
TEST_03637,8.752477879170328e-05,0.9998980760574341
TEST_03638,0.14326579868793488,0.9011172652244568
TEST_03639,0.29457974433898926,0.9690292477607727
TEST_03640,0.0511888712644577,0.9037771224975586
TEST_03641,0.01076345145702362,0.974698007106781
TEST_03642,0.047456759959459305,0.9852448105812073
TEST_03643,0.033987194299697876,0.9576914310455322
TEST_03644,0.005719807464629412,0.9926348328590393
TEST_03645,0.007577850949019194,0.997094988822937
TEST_03646,0.0005205931956879795,0.9837120175361633
TEST_03647,0.07748232036828995,0.9050527215003967
TEST_03648,0.0017570415511727333,0.9948723912239075
TEST_03649,0.0010448751272633672,0.9965735673904419
TEST_03650,0.007678772788494825,0.9627631306648254
TEST_03651,0.3587248921394348,0.9407506585121155
TEST_03652,0.003132178448140621,0.999415397644043
TEST_03653,0.0005503975553438067,0.9987885355949402
TEST_03654,0.08700443804264069,0.8787293434143066
TEST_03655,0.07229507714509964,0.958794355392456
TEST_03656,0.9931208491325378,0.755742073059082
TEST_03657,0.01297927089035511,0.9899777173995972
TEST_03658,0.0017446961719542742,0.9999996423721313
TEST_03659,0.003260620404034853,0.999841570854187
TEST_03660,0.007076897658407688,0.9907122254371643
TEST_03661,0.002176312729716301,0.9991045594215393
TEST_03662,0.0006792817148379982,0.9987093210220337
TEST_03663,0.28239208459854126,0.9910030364990234
TEST_03664,0.002727454761043191,0.9936538934707642
TEST_03665,0.0010185402352362871,0.9990932941436768
TEST_03666,0.6751570701599121,0.9067868590354919
TEST_03667,0.0006082988111302257,0.9985464215278625
TEST_03668,0.0026747225783765316,0.9863288998603821
TEST_03669,0.008942835032939911,0.9992893934249878
TEST_03670,0.05498865991830826,0.9887245297431946
TEST_03671,0.02581862173974514,0.98506098985672
TEST_03672,0.9144602417945862,0.15799686312675476
TEST_03673,0.00559432664886117,0.9944741129875183
TEST_03674,0.041872330009937286,0.9953052997589111
TEST_03675,0.09501530975103378,0.8787781596183777
TEST_03676,0.06664063036441803,0.7578527331352234
TEST_03677,0.0015153699787333608,0.9805928468704224
TEST_03678,0.150448739528656,0.9429507851600647
TEST_03679,0.00510809663683176,0.9996224641799927
TEST_03680,0.6036959886550903,0.9262391328811646
TEST_03681,0.10440180450677872,0.9964172840118408
TEST_03682,0.10120741277933121,0.940342128276825
TEST_03683,0.0005359245697036386,0.9983270764350891
TEST_03684,0.007505358196794987,0.9999266862869263
TEST_03685,0.0008841390372253954,0.991097092628479
TEST_03686,0.005514702759683132,0.9961444139480591
TEST_03687,0.9995183944702148,0.058232203125953674
TEST_03688,0.00939823966473341,0.9989948868751526
TEST_03689,0.08181215822696686,0.9192679524421692
TEST_03690,0.00977981649339199,0.9785857200622559
TEST_03691,8.442340913461521e-06,0.9998277425765991
TEST_03692,0.04195662960410118,0.9896886348724365
TEST_03693,0.1653219610452652,0.9960055947303772
TEST_03694,0.9201977252960205,0.723015546798706
TEST_03695,0.020328788086771965,0.9761748313903809
TEST_03696,0.05142505094408989,0.9896726608276367
TEST_03697,0.025557244196534157,0.9973586201667786
TEST_03698,0.05435884743928909,0.9905502796173096
TEST_03699,0.4472079277038574,0.9452896118164062
TEST_03700,0.019548993557691574,0.6869397163391113
TEST_03701,0.011163514107465744,0.900809109210968
TEST_03702,0.012488451786339283,0.9723430871963501
TEST_03703,0.0008903442067094147,0.9965954422950745
TEST_03704,0.0037388713099062443,0.9808571338653564
TEST_03705,0.20288553833961487,0.9730518460273743
TEST_03706,0.006621980108320713,0.986866295337677
TEST_03707,0.00146049028262496,0.999026894569397
TEST_03708,0.007830734364688396,0.9981555342674255
TEST_03709,0.9956580400466919,0.041477806866168976
TEST_03710,0.38809311389923096,0.12941128015518188
TEST_03711,0.02658815309405327,0.47086814045906067
TEST_03712,0.016555901616811752,0.9826891422271729
TEST_03713,0.0059113577008247375,0.9991596937179565
TEST_03714,0.011154943145811558,0.9797276258468628
TEST_03715,0.19432947039604187,0.9997029900550842
TEST_03716,0.0006876774714328349,0.9969375133514404
TEST_03717,0.020421355962753296,0.8851454257965088
TEST_03718,0.9382866024971008,0.0988580659031868
TEST_03719,0.16722619533538818,0.9718859195709229
TEST_03720,0.01194001268595457,0.8787261247634888
TEST_03721,0.0007141287205740809,0.9999228715896606
TEST_03722,0.004421412479132414,0.9945676326751709
TEST_03723,0.03689299151301384,0.8733780980110168
TEST_03724,0.9888389706611633,0.30973392724990845
TEST_03725,0.021851006895303726,0.9997027516365051
TEST_03726,0.10039626061916351,0.9962253570556641
TEST_03727,0.00694696931168437,0.999588668346405
TEST_03728,0.021964039653539658,0.9269565343856812
TEST_03729,0.02993856929242611,0.9449796676635742
TEST_03730,0.11783000081777573,0.9818030595779419
TEST_03731,0.04777663201093674,0.7781380414962769
TEST_03732,0.00862293504178524,0.9881763458251953
TEST_03733,0.0004046014801133424,0.9981695413589478
TEST_03734,8.90033261384815e-05,0.9998428821563721
TEST_03735,0.010343747213482857,0.9881504774093628
TEST_03736,0.012715073302388191,0.9589996933937073
TEST_03737,0.07688672095537186,0.9917225241661072
TEST_03738,0.04303627088665962,0.9994603991508484
TEST_03739,0.49916917085647583,0.9751057028770447
TEST_03740,6.556841981364414e-05,0.9992828965187073
TEST_03741,0.02574755996465683,0.9947808384895325
TEST_03742,0.007127591408789158,0.997096061706543
TEST_03743,0.0016612224280834198,0.9937764406204224
TEST_03744,0.036799509078264236,0.8733170628547668
TEST_03745,0.0031094695441424847,0.9909428954124451
TEST_03746,0.014484923332929611,0.998479425907135
TEST_03747,0.00023742986377328634,0.9997393488883972
TEST_03748,0.15799710154533386,0.8390655517578125
TEST_03749,0.1931733638048172,0.6625016331672668
TEST_03750,0.02293560653924942,0.5070057511329651
TEST_03751,0.004641953855752945,0.9839432239532471
TEST_03752,0.10888981074094772,0.9951087832450867
TEST_03753,0.1466297209262848,0.9895334839820862
TEST_03754,0.38145607709884644,0.8061617016792297
TEST_03755,0.14245940744876862,0.8835307955741882
TEST_03756,0.017568033188581467,0.8985827565193176
TEST_03757,0.11614875495433807,0.6866922974586487
TEST_03758,0.0009634078014642,0.9999980926513672
TEST_03759,0.7102978825569153,0.871421217918396
TEST_03760,0.005073940381407738,0.9829439520835876
TEST_03761,0.013303793035447598,0.9672191739082336
TEST_03762,0.032281115651130676,0.996217668056488
TEST_03763,0.09639410674571991,0.8820135593414307
TEST_03764,0.15211358666419983,0.3737970292568207
TEST_03765,0.0003732143377419561,0.9938784241676331
TEST_03766,0.973214864730835,0.7634350657463074
TEST_03767,0.651811420917511,0.20466722548007965
TEST_03768,0.0038168609607964754,0.9958492517471313
TEST_03769,0.028506753966212273,0.9469257593154907
TEST_03770,0.003990676254034042,0.995296061038971
TEST_03771,0.083683542907238,0.8788055181503296
TEST_03772,0.011446242220699787,0.9872769713401794
TEST_03773,0.9998658895492554,0.0009513660334050655
TEST_03774,0.002640877617523074,0.9831706881523132
TEST_03775,0.010595222935080528,0.9633001089096069
TEST_03776,0.007189950905740261,0.9909754395484924
TEST_03777,0.019116993993520737,0.9863189458847046
TEST_03778,0.0027135785203427076,0.9897651672363281
TEST_03779,0.12397496402263641,0.9372488856315613
TEST_03780,0.030189363285899162,0.9223219752311707
TEST_03781,0.1464969515800476,0.9942820072174072
TEST_03782,0.04337390884757042,0.9978380799293518
TEST_03783,0.0029023324605077505,0.9997015595436096
TEST_03784,0.006563630420714617,0.9884008169174194
TEST_03785,0.06957526504993439,0.6591167449951172
TEST_03786,0.0267779603600502,0.9234832525253296
TEST_03787,0.011394315399229527,0.9866316914558411
TEST_03788,0.02178419940173626,0.8977090120315552
TEST_03789,0.0075528365559875965,0.9949164390563965
TEST_03790,0.10694223642349243,0.697259783744812
TEST_03791,0.9999967813491821,0.0011997957481071353
TEST_03792,0.0039930823259055614,0.9986995458602905
TEST_03793,0.005173875484615564,0.9886276125907898
TEST_03794,0.05995050072669983,0.3000677525997162
TEST_03795,0.21180398762226105,0.9641260504722595
TEST_03796,0.032489124685525894,0.9181013703346252
TEST_03797,0.03551653027534485,0.9976892471313477
TEST_03798,0.06896388530731201,0.9979616403579712
TEST_03799,0.48466795682907104,0.9641353487968445
TEST_03800,0.010464005172252655,0.8791348338127136
TEST_03801,0.034155428409576416,0.9145371913909912
TEST_03802,0.2823783755302429,0.8714224696159363
TEST_03803,0.1112734004855156,0.9975433349609375
TEST_03804,0.18813350796699524,0.9813542366027832
TEST_03805,0.49264007806777954,0.4026239812374115
TEST_03806,0.03251389414072037,0.8245949149131775
TEST_03807,0.01278070267289877,0.9372938871383667
TEST_03808,0.8426048159599304,0.16262710094451904
TEST_03809,0.02526731602847576,0.9783515334129333
TEST_03810,0.0005596061237156391,0.9973209500312805
TEST_03811,0.03102382831275463,0.9925129413604736
TEST_03812,0.4324147701263428,0.9851753115653992
TEST_03813,0.0006869539502076805,0.9988546371459961
TEST_03814,0.004453592002391815,0.9931981563568115
TEST_03815,0.004382686223834753,0.9993677735328674
TEST_03816,0.009261793456971645,0.9028876423835754
TEST_03817,0.12215547263622284,0.9679000973701477
TEST_03818,0.011575601063668728,0.9711054563522339
TEST_03819,0.3361262381076813,0.02642560936510563
TEST_03820,0.049955036491155624,0.9425179958343506
TEST_03821,0.005850700661540031,0.8755075335502625
TEST_03822,0.004373322706669569,0.9954596161842346
TEST_03823,0.014687152579426765,0.9998292922973633
TEST_03824,0.03369720280170441,0.996732234954834
TEST_03825,0.001088677323423326,0.9995842576026917
TEST_03826,0.24719299376010895,0.8037958741188049
TEST_03827,0.10954618453979492,0.9985987544059753
TEST_03828,0.0006901368615217507,0.9996663331985474
TEST_03829,0.9993118047714233,0.0017402478260919452
TEST_03830,0.16936975717544556,0.9365831613540649
TEST_03831,0.012412271462380886,0.9675229787826538
TEST_03832,0.0010173023911193013,0.9993365406990051
TEST_03833,0.0011375297326594591,0.9972947239875793
TEST_03834,0.02704392559826374,0.9841848611831665
TEST_03835,0.1384977400302887,0.02083192951977253
TEST_03836,0.014413394033908844,0.9941726326942444
TEST_03837,0.00043952916166745126,0.9999592304229736
TEST_03838,0.029992666095495224,0.9659241437911987
TEST_03839,0.9646344780921936,0.6162499189376831
TEST_03840,0.9988100528717041,0.006254374515265226
TEST_03841,0.005409903824329376,0.46599939465522766
TEST_03842,0.01223679631948471,0.9901553392410278
TEST_03843,0.21853633224964142,0.7581222057342529
TEST_03844,0.002079655881971121,0.9994840621948242
TEST_03845,0.5272519588470459,0.7566289901733398
TEST_03846,0.03347816690802574,0.8394526243209839
TEST_03847,0.1405763328075409,0.9410035610198975
TEST_03848,0.005724894814193249,0.999057948589325
TEST_03849,0.9948556423187256,0.0038721784949302673
TEST_03850,0.1260964274406433,0.8768091201782227
TEST_03851,0.0356147401034832,0.9660828113555908
TEST_03852,0.0006877272389829159,0.995120108127594
TEST_03853,0.003767763264477253,0.9973033666610718
TEST_03854,0.16563618183135986,0.9103403687477112
TEST_03855,0.006857107859104872,0.9333086609840393
TEST_03856,0.0010477813193574548,0.9700372815132141
TEST_03857,0.01980583928525448,0.9831132888793945
TEST_03858,0.002571289660409093,0.9997472167015076
TEST_03859,0.9596992135047913,0.5038687586784363
TEST_03860,0.011250224895775318,0.9648498296737671
TEST_03861,0.03144221752882004,0.9827048182487488
TEST_03862,0.01474875770509243,0.9987086057662964
TEST_03863,0.9997528195381165,0.09434656798839569
TEST_03864,0.001305640791542828,0.9999600648880005
TEST_03865,0.0734129250049591,0.9078385829925537
TEST_03866,0.001822859514504671,0.9984526634216309
TEST_03867,0.026031654328107834,0.9511386156082153
TEST_03868,0.006685687229037285,0.9973356127738953
TEST_03869,0.08342652022838593,0.9933534860610962
TEST_03870,2.834366163995128e-08,0.9998034834861755
TEST_03871,0.033755723387002945,0.9519666433334351
TEST_03872,0.10466990619897842,0.8523730635643005
TEST_03873,0.006642525549978018,0.9701699018478394
TEST_03874,0.008980313315987587,0.9899390339851379
TEST_03875,0.003928676713258028,0.9998160004615784
TEST_03876,0.05086667463183403,0.9839280247688293
TEST_03877,0.003034270368516445,0.9934307932853699
TEST_03878,0.19699154794216156,0.8940941691398621
TEST_03879,0.023092351853847504,0.9991067051887512
TEST_03880,0.010355516336858273,0.9647120237350464
TEST_03881,0.8385087251663208,0.9542830586433411
TEST_03882,0.10828141868114471,0.9056139588356018
TEST_03883,0.015489302575588226,0.8650838136672974
TEST_03884,0.008080648258328438,0.982481837272644
TEST_03885,0.004511265549808741,0.9923394918441772
TEST_03886,0.0015809588367119431,0.9999237060546875
TEST_03887,0.005207663401961327,0.9789904356002808
TEST_03888,0.003163224784657359,0.9947262406349182
TEST_03889,0.0315275639295578,0.9644914865493774
TEST_03890,0.02131602168083191,0.8370392322540283
TEST_03891,0.06317348033189774,0.881669282913208
TEST_03892,0.06857626885175705,0.9715082049369812
TEST_03893,1.261550210074347e-06,0.9998012185096741
TEST_03894,0.004226986784487963,0.9989305138587952
TEST_03895,0.00013166616554372013,0.9897720217704773
TEST_03896,0.9893656969070435,0.35515668988227844
TEST_03897,0.0028742740396410227,0.9991497993469238
TEST_03898,0.012296807020902634,0.9624598026275635
TEST_03899,0.21555151045322418,0.9991254210472107
TEST_03900,0.10393500328063965,0.9420085549354553
TEST_03901,0.13459953665733337,0.9897691011428833
TEST_03902,0.004866474773734808,0.9964687824249268
TEST_03903,0.002033567288890481,0.9557890892028809
TEST_03904,0.002682186895981431,0.9971776008605957
TEST_03905,0.006361900828778744,0.9700070023536682
TEST_03906,0.3076181709766388,0.808403730392456
TEST_03907,0.0018747750436887145,0.806576132774353
TEST_03908,0.028588974848389626,0.9674526453018188
TEST_03909,0.007675238884985447,0.999180257320404
TEST_03910,0.000780453730840236,0.9990412592887878
TEST_03911,0.08894918859004974,0.951963484287262
TEST_03912,0.5677171349525452,0.8918442726135254
TEST_03913,0.003823094069957733,0.9990381002426147
TEST_03914,0.0007417878368869424,0.999488353729248
TEST_03915,0.21807502210140228,0.4961351752281189
TEST_03916,0.00238233245909214,0.9939957857131958
TEST_03917,0.1282125860452652,0.3253033757209778
TEST_03918,0.008783134631812572,0.9826716780662537
TEST_03919,0.03759288042783737,0.8785699009895325
TEST_03920,0.0012315799249336123,0.9747359752655029
TEST_03921,0.032998841255903244,0.9111484885215759
TEST_03922,0.004249352030456066,0.9935344457626343
TEST_03923,0.2694948613643646,0.8545058369636536
TEST_03924,0.17272430658340454,0.9813404679298401
TEST_03925,0.024279600009322166,0.9941394329071045
TEST_03926,0.9610428810119629,0.9945142269134521
TEST_03927,3.608665429055691e-05,0.9998469352722168
TEST_03928,0.007686239667236805,0.9460585117340088
TEST_03929,0.035021744668483734,0.8926186561584473
TEST_03930,0.9998099207878113,0.012957707047462463
TEST_03931,0.016399240121245384,0.9994906187057495
TEST_03932,0.022229261696338654,0.987934947013855
TEST_03933,0.0010297431144863367,0.9725033640861511
TEST_03934,0.002905392087996006,0.9995854496955872
TEST_03935,0.0700201690196991,0.9500109553337097
TEST_03936,0.1728784590959549,0.9932892918586731
TEST_03937,0.01037820614874363,0.9993517994880676
TEST_03938,0.055413130670785904,0.9566516876220703
TEST_03939,0.0661693662405014,0.9114671945571899
TEST_03940,0.0022638675291091204,0.999413251876831
TEST_03941,0.0027864170260727406,0.9999593496322632
TEST_03942,0.027934348210692406,0.8777410387992859
TEST_03943,0.0008527514874003828,0.9881042838096619
TEST_03944,0.008562757633626461,0.9324912428855896
TEST_03945,0.006243155337870121,0.997902512550354
TEST_03946,0.0017807675758376718,0.9958915710449219
TEST_03947,0.00020228949142619967,0.9992620348930359
TEST_03948,0.0057977670803666115,0.9880947470664978
TEST_03949,0.005381600931286812,0.9981972575187683
TEST_03950,0.00024182368360925466,0.9995669722557068
TEST_03951,0.018899301066994667,0.9895651340484619
TEST_03952,0.010377188213169575,0.9786934852600098
TEST_03953,0.019949978217482567,0.9658723473548889
TEST_03954,0.018159257248044014,0.9970064759254456
TEST_03955,0.04826575145125389,0.9952195286750793
TEST_03956,0.0007649310282431543,0.9996587038040161
TEST_03957,0.00446851784363389,0.9892827272415161
TEST_03958,0.37086451053619385,0.9953108429908752
TEST_03959,0.002835854422301054,0.9977455735206604
TEST_03960,0.004965697880834341,0.9965900182723999
TEST_03961,0.041335560381412506,0.877585768699646
TEST_03962,0.20002049207687378,0.9446170926094055
TEST_03963,0.05309758707880974,0.944705069065094
TEST_03964,0.006621521431952715,0.9971725940704346
TEST_03965,0.09489662945270538,0.8764846920967102
TEST_03966,0.028897134587168694,0.955333411693573
TEST_03967,0.14922206103801727,0.39811402559280396
TEST_03968,0.16401639580726624,0.9613977670669556
TEST_03969,0.018186427652835846,0.9919542670249939
TEST_03970,0.04093177244067192,0.9228918552398682
TEST_03971,0.10546645522117615,0.9332445859909058
TEST_03972,0.0014962151180952787,0.9934666752815247
TEST_03973,0.0035819122567772865,0.9935019612312317
TEST_03974,0.13046205043792725,0.9922887682914734
TEST_03975,0.00194969167932868,0.9711565971374512
TEST_03976,0.03660670667886734,0.9934030175209045
TEST_03977,0.005198698490858078,0.9921525120735168
TEST_03978,0.0010780339362099767,0.9934965372085571
TEST_03979,0.008263911120593548,0.9958537817001343
TEST_03980,0.0018284328980371356,0.988799512386322
TEST_03981,0.1517498791217804,0.8922039866447449
TEST_03982,0.3002844750881195,0.7697831988334656
TEST_03983,0.002454893197864294,0.9947185516357422
TEST_03984,0.3580271899700165,0.9228537082672119
TEST_03985,0.0010898318141698837,0.9984803795814514
TEST_03986,0.020960375666618347,0.9555308222770691
TEST_03987,0.0010041474597528577,0.9952453970909119
TEST_03988,0.08256927877664566,0.9762383103370667
TEST_03989,0.006110165733844042,0.9920645356178284
TEST_03990,0.005282293073832989,0.9949760437011719
TEST_03991,0.014843344688415527,0.9917731881141663
TEST_03992,0.0007137966458685696,0.9976200461387634
TEST_03993,0.006578406319022179,0.9837024211883545
TEST_03994,0.618800699710846,0.441651850938797
TEST_03995,0.0381418876349926,0.9658262133598328
TEST_03996,0.003292686538770795,0.9990494847297668
TEST_03997,0.00012261144001968205,0.9978173971176147
TEST_03998,0.004378046840429306,0.9967690706253052
TEST_03999,0.0012132676783949137,0.9973002076148987
TEST_04000,0.04711633175611496,0.6872121691703796
TEST_04001,0.01796969212591648,0.9678066372871399
TEST_04002,0.002741557080298662,0.9998449087142944
TEST_04003,0.04100796952843666,0.9695508480072021
TEST_04004,0.002369093941524625,0.9594107866287231
TEST_04005,0.004141984973102808,0.999261200428009
TEST_04006,0.02092364989221096,0.899343729019165
TEST_04007,0.0058471136726439,0.994259238243103
TEST_04008,0.4925595223903656,0.8296152949333191
TEST_04009,0.002477355534210801,0.9974933862686157
TEST_04010,0.01412621233612299,0.9949211478233337
TEST_04011,0.0004945006803609431,0.9951686859130859
TEST_04012,0.01969384215772152,0.9955273270606995
TEST_04013,0.9760289788246155,0.3326621949672699
TEST_04014,0.0052185882814228535,0.9326078295707703
TEST_04015,0.08937342464923859,0.8658827543258667
TEST_04016,0.05600542947649956,0.9823220372200012
TEST_04017,0.4302615523338318,0.00164880626834929
TEST_04018,0.07946332544088364,0.9109183549880981
TEST_04019,0.009121964685618877,0.9868084788322449
TEST_04020,0.2962345480918884,0.9503912925720215
TEST_04021,0.06314945220947266,0.975825846195221
TEST_04022,0.7231811881065369,0.9903472661972046
TEST_04023,0.002800872316583991,0.9975997805595398
TEST_04024,0.0040390342473983765,0.9978253841400146
TEST_04025,0.013990695588290691,0.9720051884651184
TEST_04026,0.8855546116828918,0.9404615163803101
TEST_04027,0.0023193317465484142,0.9999130964279175
TEST_04028,0.0005240049213171005,0.9956250786781311
TEST_04029,0.03854301944375038,0.8939208984375
TEST_04030,0.0025369159411638975,0.9981611371040344
TEST_04031,0.0012914348626509309,0.9904300570487976
TEST_04032,0.9265395402908325,0.004792782478034496
TEST_04033,0.0007042035576887429,0.9899868369102478
TEST_04034,0.010219178162515163,0.9991828799247742
TEST_04035,0.18449024856090546,0.9579150676727295
TEST_04036,0.041183728724718094,0.9650070071220398
TEST_04037,0.6436259150505066,0.02637285552918911
TEST_04038,0.003783603897318244,0.9996628761291504
TEST_04039,0.028343338519334793,0.9852737784385681
TEST_04040,0.0016825644997879863,0.9878966808319092
TEST_04041,0.025769492611289024,0.9960993528366089
TEST_04042,0.01129637286067009,0.9733244180679321
TEST_04043,0.998047947883606,0.06626247614622116
TEST_04044,0.021821776404976845,0.9949774146080017
TEST_04045,0.035020697861909866,0.8780859708786011
TEST_04046,0.02020738087594509,0.9832592010498047
TEST_04047,0.1389288306236267,0.9821969270706177
TEST_04048,0.009215589612722397,0.9485580325126648
TEST_04049,0.4406772255897522,0.521880567073822
TEST_04050,0.0004673743969760835,0.996580183506012
TEST_04051,0.12866684794425964,0.9589188694953918
TEST_04052,0.014043740928173065,0.9927319884300232
TEST_04053,0.00563465803861618,0.9975962042808533
TEST_04054,0.0410604253411293,0.925112247467041
TEST_04055,0.009155042469501495,0.985296905040741
TEST_04056,0.031107304617762566,0.9012823700904846
TEST_04057,0.0013412907719612122,0.999710738658905
TEST_04058,0.012706037610769272,0.9968427419662476
TEST_04059,0.0012169599067419767,0.9999949932098389
TEST_04060,0.05176522210240364,0.5591475367546082
TEST_04061,8.233802873292007e-06,0.9999399185180664
TEST_04062,0.17366863787174225,0.9221838712692261
TEST_04063,0.13957561552524567,0.7109748721122742
TEST_04064,0.0804365798830986,0.6918246746063232
TEST_04065,0.0009197446634061635,0.9996886253356934
TEST_04066,0.55483478307724,0.3765482008457184
TEST_04067,0.02474202960729599,0.8784490823745728
TEST_04068,0.0002755582390818745,0.9973703622817993
TEST_04069,0.0073297107592225075,0.9398245811462402
TEST_04070,0.033467575907707214,0.8916250467300415
TEST_04071,0.12255105376243591,0.8891335725784302
TEST_04072,0.0007156077190302312,0.9902854561805725
TEST_04073,0.007556940894573927,0.9863730669021606
TEST_04074,0.2610771059989929,0.388179749250412
TEST_04075,0.006138568744063377,0.999634861946106
TEST_04076,0.0020076401997357607,0.9965977072715759
TEST_04077,0.007071277592331171,0.9831181764602661
TEST_04078,0.00399034284055233,0.9993540644645691
TEST_04079,0.13062460720539093,0.9970924854278564
TEST_04080,0.0015046964399516582,0.9998452663421631
TEST_04081,0.05480135977268219,0.9927605390548706
TEST_04082,0.5857173204421997,0.7260687947273254
TEST_04083,0.0023422797676175833,0.996664822101593
TEST_04084,0.009956445544958115,0.920438826084137
TEST_04085,0.9700137376785278,0.9385786056518555
TEST_04086,0.27600130438804626,0.25814178586006165
TEST_04087,0.04489468038082123,0.9311468601226807
TEST_04088,0.017183689400553703,0.9707141518592834
TEST_04089,0.08006380498409271,0.973015308380127
TEST_04090,0.010791605338454247,0.9685729742050171
TEST_04091,0.01330624520778656,0.9987435936927795
TEST_04092,0.0011626019841060042,0.9877008199691772
TEST_04093,0.008013642393052578,0.9876866936683655
TEST_04094,0.19069337844848633,0.9233409762382507
TEST_04095,0.00474800867959857,0.9970851540565491
TEST_04096,0.9650781750679016,0.9373100399971008
TEST_04097,0.30136001110076904,0.8435192108154297
TEST_04098,0.0018922933377325535,0.9825695753097534
TEST_04099,0.005255599971860647,0.9193858504295349
TEST_04100,0.5431055426597595,0.998502254486084
TEST_04101,0.15513910353183746,0.9534389972686768
TEST_04102,0.06064387410879135,0.9388402700424194
TEST_04103,0.0010790973901748657,0.999479353427887
TEST_04104,0.018605845049023628,0.8964459896087646
TEST_04105,0.008726060390472412,0.9913591146469116
TEST_04106,0.016707640141248703,0.9967893362045288
TEST_04107,0.9366922974586487,0.009405038319528103
TEST_04108,0.06072147935628891,0.9743660688400269
TEST_04109,0.031288329511880875,0.9941295385360718
TEST_04110,0.010752864181995392,0.9921910166740417
TEST_04111,0.08258694410324097,0.9649248719215393
TEST_04112,0.04237467795610428,0.9924672245979309
TEST_04113,0.0742974579334259,0.9316990375518799
TEST_04114,0.0013072248548269272,0.997195839881897
TEST_04115,0.007742276415228844,0.9992178678512573
TEST_04116,0.021379897370934486,0.9923771619796753
TEST_04117,0.02079438976943493,0.8258083462715149
TEST_04118,0.002474511507898569,0.9992815852165222
TEST_04119,0.07746204733848572,0.9812032580375671
TEST_04120,0.06690762937068939,0.9096693992614746
TEST_04121,0.006032710429280996,0.9678494930267334
TEST_04122,0.002815274056047201,0.9983705878257751
TEST_04123,0.010118498466908932,0.949369490146637
TEST_04124,0.016755856573581696,0.9890790581703186
TEST_04125,0.0010050458367913961,0.9823784232139587
TEST_04126,0.007667880970984697,0.9850262999534607
TEST_04127,0.011564693413674831,0.945873498916626
TEST_04128,0.0017135277157649398,0.9999920129776001
TEST_04129,0.02734340913593769,0.9426565170288086
TEST_04130,0.12671713531017303,0.871367335319519
TEST_04131,0.003639445174485445,0.884207546710968
TEST_04132,0.023147284984588623,0.9826595783233643
TEST_04133,0.00198753853328526,0.9935751557350159
TEST_04134,0.016198759898543358,0.9479697346687317
TEST_04135,0.03942753002047539,0.16400191187858582
TEST_04136,0.03859522566199303,0.9467391967773438
TEST_04137,0.029619786888360977,0.7944998145103455
TEST_04138,0.002519679721444845,0.9999282360076904
TEST_04139,0.09578420221805573,0.9999967813491821
TEST_04140,0.019202131778001785,0.9248035550117493
TEST_04141,0.018487980589270592,0.9847866892814636
TEST_04142,0.08896215260028839,0.957277238368988
TEST_04143,0.0021164012141525745,0.9732667207717896
TEST_04144,0.026229212060570717,0.904981255531311
TEST_04145,0.3149402141571045,0.9611086249351501
TEST_04146,0.12543392181396484,0.999164342880249
TEST_04147,2.691880945349112e-05,0.9999483823776245
TEST_04148,0.35005444288253784,0.9013129472732544
TEST_04149,0.9429615139961243,0.8748995065689087
TEST_04150,0.0039396341890096664,0.9868577718734741
TEST_04151,0.12365604937076569,0.9667182564735413
TEST_04152,0.9997859597206116,0.000731251435354352
TEST_04153,0.0017218687571585178,0.9824010729789734
TEST_04154,0.00967846717685461,0.9969979524612427
TEST_04155,0.013802815228700638,0.9954860806465149
TEST_04156,0.016193222254514694,0.982948362827301
TEST_04157,0.0013146174605935812,0.9971075654029846
TEST_04158,0.004590203985571861,0.9730483293533325
TEST_04159,0.011198905296623707,0.9245891571044922
TEST_04160,0.0060770814307034016,0.9955783486366272
TEST_04161,0.0009317389922216535,0.9995181560516357
TEST_04162,0.13132353127002716,0.77171391248703
TEST_04163,0.028757676482200623,0.8885802626609802
TEST_04164,0.001831191941164434,0.9916850328445435
TEST_04165,0.0029686789494007826,0.9995525479316711
TEST_04166,0.050768520683050156,0.7710174918174744
TEST_04167,3.2929121516644955e-05,0.9997242093086243
TEST_04168,0.9915737509727478,0.9339979290962219
TEST_04169,0.0018773931078612804,0.9992554783821106
TEST_04170,0.08564549684524536,0.9432563781738281
TEST_04171,0.01203659176826477,0.9774544835090637
TEST_04172,0.014592812396585941,0.994519054889679
TEST_04173,0.03139433264732361,0.9722239971160889
TEST_04174,0.0002278401079820469,0.9995922446250916
TEST_04175,0.0010308193741366267,0.999894380569458
TEST_04176,0.17979776859283447,0.8011893630027771
TEST_04177,0.006150764878839254,0.9986681938171387
TEST_04178,0.009875942952930927,0.9951804876327515
TEST_04179,0.010140741243958473,0.999212384223938
TEST_04180,1.474234159104526e-05,0.9996001124382019
TEST_04181,0.0005911086336709559,0.8528065085411072
TEST_04182,0.22766226530075073,0.7121720910072327
TEST_04183,0.02484380267560482,0.9053193926811218
TEST_04184,0.9980631470680237,0.036366283893585205
TEST_04185,0.03673107922077179,0.9665151238441467
TEST_04186,0.0021731508895754814,0.9842923879623413
TEST_04187,0.0031017956789582968,0.9959775805473328
TEST_04188,0.03052854724228382,0.8687312602996826
TEST_04189,0.22836899757385254,0.9842711091041565
TEST_04190,0.024961797520518303,0.9781519770622253
TEST_04191,0.0405312180519104,0.9966622591018677
TEST_04192,0.0575755275785923,0.9158110022544861
TEST_04193,0.0037424289621412754,0.9978893399238586
TEST_04194,0.0015371214831247926,0.9873247146606445
TEST_04195,0.00650056404992938,0.98248291015625
TEST_04196,0.023354848846793175,0.8840065002441406
TEST_04197,0.013234466314315796,0.9904462099075317
TEST_04198,0.0247392226010561,0.9996975660324097
TEST_04199,0.9930359721183777,0.8885363936424255
TEST_04200,0.004727485124021769,0.9990794658660889
TEST_04201,0.6041816473007202,0.9852088689804077
TEST_04202,0.006824086885899305,0.9953416585922241
TEST_04203,0.025684116408228874,0.9782482385635376
TEST_04204,0.006141776219010353,0.9875472784042358
TEST_04205,0.2941499352455139,0.6113658547401428
TEST_04206,0.009876609779894352,0.964024543762207
TEST_04207,0.0019145163241773844,0.9504740238189697
TEST_04208,0.016863694414496422,0.9931514263153076
TEST_04209,0.2657695710659027,0.6256422996520996
TEST_04210,0.00016466379747726023,0.9999544620513916
TEST_04211,0.041253916919231415,0.9965319633483887
TEST_04212,0.012837573885917664,0.9993839263916016
TEST_04213,0.9985805749893188,0.21430636942386627
TEST_04214,0.023991888388991356,0.9880546927452087
TEST_04215,0.8024964928627014,0.9289811849594116
TEST_04216,0.5317955017089844,0.8341377377510071
TEST_04217,0.04347160458564758,0.8802372217178345
TEST_04218,0.0024144756607711315,0.9975134134292603
TEST_04219,0.015409575775265694,0.9879266619682312
TEST_04220,0.024806901812553406,0.9476199746131897
TEST_04221,0.1288093626499176,0.8424369692802429
TEST_04222,0.0020014960318803787,0.9992020726203918
TEST_04223,0.0002786346594803035,0.9981824159622192
TEST_04224,0.01631585694849491,0.9958822727203369
TEST_04225,6.057337304810062e-05,0.9999898672103882
TEST_04226,0.024600733071565628,0.9794689416885376
TEST_04227,0.001801331527531147,1.0
TEST_04228,0.0008321294444613159,0.999697208404541
TEST_04229,0.030606599524617195,0.9202811121940613
TEST_04230,0.029020503163337708,0.9565096497535706
TEST_04231,0.06644591689109802,0.9630836844444275
TEST_04232,0.9735366702079773,0.04503385350108147
TEST_04233,0.02774909697473049,0.9031294584274292
TEST_04234,0.044691890478134155,0.9128930568695068
TEST_04235,0.011774031445384026,0.9960705041885376
TEST_04236,0.0009596102754585445,0.9987382292747498
TEST_04237,0.9929606318473816,0.5549377799034119
TEST_04238,7.508220005547628e-05,0.999920129776001
TEST_04239,0.009124413132667542,0.9981909394264221
TEST_04240,0.9717832803726196,0.04545079916715622
TEST_04241,0.003685511415824294,0.9978945851325989
TEST_04242,0.036517731845378876,0.9826627969741821
TEST_04243,0.3404613435268402,0.7756912708282471
TEST_04244,0.8594420552253723,0.8843371272087097
TEST_04245,0.22297605872154236,0.8324893712997437
TEST_04246,0.0008251084946095943,0.9935529232025146
TEST_04247,0.006876401137560606,0.9916484355926514
TEST_04248,0.07550657540559769,0.7237871885299683
TEST_04249,0.9969882369041443,0.00012641260400414467
TEST_04250,0.009897002950310707,0.9711190462112427
TEST_04251,0.026433978229761124,0.9809291362762451
TEST_04252,0.0014476520009338856,0.999171257019043
TEST_04253,0.554976224899292,0.8409779667854309
TEST_04254,0.0010627420851960778,0.9580168128013611
TEST_04255,0.9984146356582642,0.030358197167515755
TEST_04256,0.01086102332919836,0.8748973608016968
TEST_04257,0.0028702549170702696,0.9961557984352112
TEST_04258,0.0021291279699653387,0.986727774143219
TEST_04259,0.006732328329235315,0.9987506866455078
TEST_04260,0.05870998278260231,0.8955397009849548
TEST_04261,0.017404135316610336,0.9783777594566345
TEST_04262,0.004759920760989189,0.9974532723426819
TEST_04263,0.2811903655529022,0.4934118390083313
TEST_04264,0.0010643333662301302,0.9974608421325684
TEST_04265,0.16997642815113068,0.986247181892395
TEST_04266,0.0003757538797799498,0.9972013235092163
TEST_04267,0.014936704188585281,0.9988622665405273
TEST_04268,0.1757386475801468,0.5435034036636353
TEST_04269,0.09335838258266449,0.9995192289352417
TEST_04270,0.0005909933825023472,0.9991059899330139
TEST_04271,0.20423278212547302,0.9365402460098267
TEST_04272,0.11017106473445892,0.7675691843032837
TEST_04273,0.008272235281765461,0.9830995798110962
TEST_04274,0.015993455424904823,0.9986218214035034
TEST_04275,0.0008003009716048837,0.999871015548706
TEST_04276,0.007024386432021856,0.9991316199302673
TEST_04277,0.17298808693885803,0.97353595495224
TEST_04278,0.060051195323467255,0.9937484264373779
TEST_04279,0.0011753191938623786,0.997334361076355
TEST_04280,0.029975825920701027,0.9193046689033508
TEST_04281,0.0022077837493270636,0.99411940574646
TEST_04282,0.5967826247215271,0.17893482744693756
TEST_04283,0.002257750602439046,0.9978024363517761
TEST_04284,0.13144508004188538,0.9736947417259216
TEST_04285,0.007383917924016714,0.9926064014434814
TEST_04286,0.04718645289540291,0.9158663153648376
TEST_04287,0.3131278455257416,0.9823604822158813
TEST_04288,0.0034835252445191145,0.9884738326072693
TEST_04289,0.014631233178079128,0.8859217762947083
TEST_04290,0.004983884282410145,0.9980849027633667
TEST_04291,0.019008316099643707,0.9992377758026123
TEST_04292,0.0015992069384083152,0.9911489486694336
TEST_04293,0.25958821177482605,0.7125183939933777
TEST_04294,0.018509281799197197,0.9850122928619385
TEST_04295,0.00806252472102642,0.9744835495948792
TEST_04296,0.04270543158054352,0.9314932227134705
TEST_04297,0.0006699858349747956,0.9959537982940674
TEST_04298,0.00974784791469574,0.9980459213256836
TEST_04299,0.07947240769863129,0.9941527247428894
TEST_04300,0.005845220759510994,0.9886983036994934
TEST_04301,0.019672365859150887,0.9682328701019287
TEST_04302,0.0026002489030361176,0.9976202845573425
TEST_04303,0.9699768424034119,0.5177004337310791
TEST_04304,0.22405560314655304,0.6241022348403931
TEST_04305,0.0003275852359365672,0.9691246151924133
TEST_04306,0.003927601967006922,0.9908592104911804
TEST_04307,0.0050896210595965385,0.9782308340072632
TEST_04308,0.22153736650943756,0.8654013872146606
TEST_04309,0.0042089056223630905,0.9836432337760925
TEST_04310,0.007218482904136181,0.9974199533462524
TEST_04311,0.0014534564688801765,0.9988400340080261
TEST_04312,0.032470349222421646,0.8759158253669739
TEST_04313,0.02614017203450203,0.9511279463768005
TEST_04314,0.43805062770843506,0.9948053956031799
TEST_04315,0.0747612863779068,0.9496511816978455
TEST_04316,0.9255393147468567,0.24617233872413635
TEST_04317,0.007001729682087898,0.9910367727279663
TEST_04318,0.03533013164997101,0.9203125238418579
TEST_04319,0.00371145224198699,0.9525790214538574
TEST_04320,0.005524654407054186,0.9600781798362732
TEST_04321,0.02379366010427475,0.956976592540741
TEST_04322,0.0382150337100029,0.9765224456787109
TEST_04323,0.0030865122098475695,0.9997228980064392
TEST_04324,5.610268090094905e-07,0.9997251629829407
TEST_04325,6.493930413853377e-05,0.9998028874397278
TEST_04326,0.5066720843315125,0.3600967228412628
TEST_04327,0.0012073284015059471,0.9818156957626343
TEST_04328,0.9406574368476868,0.6827449202537537
TEST_04329,0.0040140775963664055,0.9871429800987244
TEST_04330,0.0030942147132009268,0.9988718628883362
TEST_04331,0.00889416690915823,0.9999374151229858
TEST_04332,0.11774637550115585,0.9873653054237366
TEST_04333,0.004205920733511448,0.9991207718849182
TEST_04334,0.046607181429862976,0.9834834337234497
TEST_04335,0.010560145601630211,0.9954137206077576
TEST_04336,0.0021633889991790056,0.999887228012085
TEST_04337,0.009245311841368675,0.9904066920280457
TEST_04338,0.01373432856053114,0.9712689518928528
TEST_04339,0.00489861099049449,0.9960058331489563
TEST_04340,0.03108065389096737,0.9978256821632385
TEST_04341,0.5141240954399109,0.9572567939758301
TEST_04342,0.030735565349459648,0.988628625869751
TEST_04343,0.0933007001876831,0.9877306818962097
TEST_04344,0.008935272693634033,1.0
TEST_04345,0.15359801054000854,0.6500429511070251
TEST_04346,0.0031013372354209423,0.9997196793556213
TEST_04347,0.003047278616577387,0.9907858371734619
TEST_04348,0.037192389369010925,0.915138304233551
TEST_04349,0.00503896689042449,0.9681594371795654
TEST_04350,0.05436357855796814,0.9372689723968506
TEST_04351,0.07734087109565735,0.8694558143615723
TEST_04352,0.004141762387007475,0.9993127584457397
TEST_04353,0.0035971745382994413,0.9893263578414917
TEST_04354,0.18238785862922668,0.8622872233390808
TEST_04355,0.0014491486363112926,0.9986854195594788
TEST_04356,0.0705745741724968,0.9341998100280762
TEST_04357,0.007560353260487318,0.9902355074882507
TEST_04358,0.046718791127204895,0.8996443748474121
TEST_04359,0.0166486706584692,0.9913225173950195
TEST_04360,0.20050013065338135,0.9264141917228699
TEST_04361,0.03641178458929062,0.8710682988166809
TEST_04362,0.010191722773015499,0.9935166835784912
TEST_04363,0.002915672492235899,0.9894389510154724
TEST_04364,0.008415691554546356,0.997058629989624
TEST_04365,0.00398793863132596,0.995698094367981
TEST_04366,0.9987651109695435,0.0003630692954175174
TEST_04367,0.022084569558501244,0.9669125080108643
TEST_04368,0.4105425179004669,0.985041081905365
TEST_04369,0.0008603434544056654,0.9986687898635864
TEST_04370,0.034499358385801315,0.9960876703262329
TEST_04371,0.005794241558760405,0.9941970109939575
TEST_04372,0.8855388760566711,0.58516925573349
TEST_04373,0.09164079278707504,0.9989641904830933
TEST_04374,0.0010095840552821755,0.993977427482605
TEST_04375,0.012606434524059296,0.9624862670898438
TEST_04376,0.0022904735524207354,0.9991913437843323
TEST_04377,0.00984534714370966,0.9986554384231567
TEST_04378,0.003177702659741044,0.9903690218925476
TEST_04379,0.01119315717369318,0.8206048011779785
TEST_04380,0.026355836540460587,0.9974991679191589
TEST_04381,0.001417397172190249,0.9975952506065369
TEST_04382,0.000518948130775243,0.9989583492279053
TEST_04383,0.01946883276104927,0.9987253546714783
TEST_04384,0.006671070121228695,0.8719419240951538
TEST_04385,0.062312763184309006,0.9434237480163574
TEST_04386,3.010433465533424e-05,0.9999434947967529
TEST_04387,0.3770332932472229,0.9570570588111877
TEST_04388,0.9990274906158447,0.000607103924266994
TEST_04389,0.05635872855782509,0.7075198888778687
TEST_04390,0.053218942135572433,0.8670722842216492
TEST_04391,0.00285115628503263,0.9543269276618958
TEST_04392,0.002812920371070504,0.9840738773345947
TEST_04393,0.0009024982573464513,0.9960576295852661
TEST_04394,0.5935245156288147,0.3744514286518097
TEST_04395,0.005414359271526337,0.9760618209838867
TEST_04396,0.15472929179668427,0.7708759903907776
TEST_04397,0.33317795395851135,0.9619238376617432
TEST_04398,0.47718027234077454,0.698582112789154
TEST_04399,0.05058220401406288,0.9998278617858887
TEST_04400,0.4141976833343506,0.8852121829986572
TEST_04401,0.0027015486266463995,0.9928777813911438
TEST_04402,0.0017135024536401033,0.8497796058654785
TEST_04403,0.004894589073956013,0.9862885475158691
TEST_04404,0.009707922115921974,0.9520153403282166
TEST_04405,0.47497987747192383,0.9197587370872498
TEST_04406,0.0006964137428440154,0.9888572096824646
TEST_04407,0.0036621338222175837,0.9925011992454529
TEST_04408,0.03738277778029442,0.8940072655677795
TEST_04409,0.027776267379522324,0.9733582735061646
TEST_04410,0.9979966282844543,0.04849051311612129
TEST_04411,0.015187173150479794,0.9961767196655273
TEST_04412,0.2497851848602295,0.8698102235794067
TEST_04413,0.08451543748378754,0.9310160279273987
TEST_04414,0.10650236904621124,0.9400220513343811
TEST_04415,0.030782461166381836,0.9407259821891785
TEST_04416,0.1626436710357666,0.7344939112663269
TEST_04417,0.04853704571723938,0.9464884400367737
TEST_04418,0.014201522804796696,0.9810436367988586
TEST_04419,0.21836185455322266,0.9752784371376038
TEST_04420,0.03494413197040558,0.9890080690383911
TEST_04421,0.2762581706047058,0.804318368434906
TEST_04422,0.008020400069653988,0.9671867489814758
TEST_04423,0.02423149161040783,0.976872444152832
TEST_04424,0.010585775598883629,0.9252932667732239
TEST_04425,0.014607555232942104,0.9837267398834229
TEST_04426,0.046992916613817215,0.9207912683486938
TEST_04427,0.0019840148743242025,0.9972273707389832
TEST_04428,0.05254967883229256,0.8553643822669983
TEST_04429,0.9984325766563416,0.5251655578613281
TEST_04430,0.003977151587605476,0.998516857624054
TEST_04431,0.02608589641749859,0.9764754772186279
TEST_04432,0.003273646580055356,0.940666913986206
TEST_04433,0.013842404820024967,0.9424299001693726
TEST_04434,0.017060590907931328,0.9728667736053467
TEST_04435,0.020089756697416306,0.9929274916648865
TEST_04436,0.6300488710403442,0.9665172100067139
TEST_04437,0.0142916115000844,0.9747739434242249
TEST_04438,0.00902752485126257,0.9536259770393372
TEST_04439,0.0027276636101305485,0.9979356527328491
TEST_04440,0.019452277570962906,0.9929202198982239
TEST_04441,0.006234259810298681,0.999176561832428
TEST_04442,0.1742955446243286,0.7583132386207581
TEST_04443,0.007107867393642664,0.9248007535934448
TEST_04444,0.02279473841190338,0.9935186505317688
TEST_04445,0.020160609856247902,0.9974331259727478
TEST_04446,0.000731578329578042,0.9951313734054565
TEST_04447,0.06563346087932587,0.9993236064910889
TEST_04448,0.002336184959858656,0.20280373096466064
TEST_04449,0.004854502622038126,0.9974067807197571
TEST_04450,0.00466960621997714,0.9983224272727966
TEST_04451,0.06464102864265442,0.9746062159538269
TEST_04452,0.006162794306874275,0.99677973985672
TEST_04453,0.03316411003470421,0.9885385036468506
TEST_04454,0.015511699952185154,0.9884132742881775
TEST_04455,0.0004520583024714142,0.9999951124191284
TEST_04456,0.00021158937306609005,0.9980820417404175
TEST_04457,0.011716661974787712,0.9558945298194885
TEST_04458,0.01771215908229351,0.9698015451431274
TEST_04459,0.0006638931226916611,0.9992337226867676
TEST_04460,0.0016354089602828026,0.9981849789619446
TEST_04461,0.002036354271695018,0.9956061244010925
TEST_04462,0.020744601264595985,0.9169502258300781
TEST_04463,0.0025533183943480253,0.9942734837532043
TEST_04464,0.17549431324005127,0.958850622177124
TEST_04465,0.0372031144797802,0.8731928467750549
TEST_04466,0.013402026146650314,0.986069917678833
TEST_04467,0.00016859808238223195,0.9990799427032471
TEST_04468,0.0031462081242352724,0.9984835982322693
TEST_04469,0.6336587071418762,0.9730616807937622
TEST_04470,0.05696604400873184,0.9662409424781799
TEST_04471,0.07061086595058441,0.9121643304824829
TEST_04472,0.6680691838264465,0.34775033593177795
TEST_04473,0.0020947803277522326,0.9992077946662903
TEST_04474,0.11397779732942581,0.8371848464012146
TEST_04475,0.008658257313072681,0.9993613362312317
TEST_04476,0.004610221832990646,0.9765558838844299
TEST_04477,0.014817246235907078,0.9981022477149963
TEST_04478,0.9334630966186523,0.29981529712677
TEST_04479,0.000976630370132625,0.9960301518440247
TEST_04480,0.1981191635131836,0.9124057292938232
TEST_04481,0.0020776500459760427,0.9970743656158447
TEST_04482,0.0068117850460112095,0.9937663078308105
TEST_04483,0.03900068253278732,0.9299220442771912
TEST_04484,0.6048378944396973,0.9794807434082031
TEST_04485,0.05365193635225296,0.8329660892486572
TEST_04486,0.04345870018005371,0.9744832515716553
TEST_04487,0.03217462822794914,0.9361065626144409
TEST_04488,0.0010915715247392654,0.9997487664222717
TEST_04489,0.22543573379516602,0.7297256588935852
TEST_04490,0.046503908932209015,0.9304218292236328
TEST_04491,0.000308142916765064,0.9995332956314087
TEST_04492,0.08962317556142807,0.9873691201210022
TEST_04493,0.06987906992435455,0.9704986810684204
TEST_04494,0.0023783340584486723,0.9999130964279175
TEST_04495,0.2843177318572998,0.8439151644706726
TEST_04496,0.0017659971490502357,0.9872629046440125
TEST_04497,0.3645170032978058,0.9565846920013428
TEST_04498,0.01565028727054596,0.9990103244781494
TEST_04499,0.007116133812814951,0.9756567478179932
TEST_04500,0.0033156624995172024,0.9934878349304199
TEST_04501,0.017129432410001755,0.9798765778541565
TEST_04502,0.19132046401500702,0.4661630690097809
TEST_04503,0.28774428367614746,0.9777863621711731
TEST_04504,0.02897736243903637,0.9808431267738342
TEST_04505,0.10546517372131348,0.9725996851921082
TEST_04506,0.0355161689221859,0.8513110280036926
TEST_04507,0.001742047257721424,0.9998961687088013
TEST_04508,0.9129146337509155,0.9483211636543274
TEST_04509,0.004368149675428867,0.9982144832611084
TEST_04510,0.020326247438788414,0.9806441068649292
TEST_04511,0.5757566094398499,0.5965117812156677
TEST_04512,0.003528181230649352,0.9739511609077454
TEST_04513,0.9982765913009644,0.3576355576515198
TEST_04514,0.01794784516096115,0.9834699034690857
TEST_04515,0.06703165173530579,0.9040199518203735
TEST_04516,0.6148742437362671,0.14458048343658447
TEST_04517,0.00518433703109622,0.985939621925354
TEST_04518,0.5645192265510559,0.9854350090026855
TEST_04519,0.00023274628620129079,0.9995725750923157
TEST_04520,0.0005739750922657549,0.9993669390678406
TEST_04521,0.015856005251407623,0.9931651949882507
TEST_04522,0.06839416176080704,0.9945480227470398
TEST_04523,0.0032678344286978245,0.9960458874702454
TEST_04524,0.005640081595629454,0.9925004839897156
TEST_04525,0.03516023978590965,0.9912213087081909
TEST_04526,0.000818620144855231,0.9993135929107666
TEST_04527,0.9998868703842163,0.0003332752676215023
TEST_04528,0.013858316466212273,0.999885082244873
TEST_04529,0.010915077291429043,0.9910081028938293
TEST_04530,0.006897374056279659,0.8551244735717773
TEST_04531,0.0015133267734199762,0.997409999370575
TEST_04532,0.06661644577980042,0.8123311996459961
TEST_04533,0.034216176718473434,0.9309816956520081
TEST_04534,0.0014933208003640175,0.9985461235046387
TEST_04535,0.028767647221684456,0.9136144518852234
TEST_04536,0.4030536711215973,0.991174042224884
TEST_04537,0.00012853462249040604,0.9957350492477417
TEST_04538,0.3711565136909485,0.9953128099441528
TEST_04539,0.04682355374097824,0.9554316997528076
TEST_04540,0.015267420560121536,0.9892116785049438
TEST_04541,0.011115203611552715,0.9997307658195496
TEST_04542,0.004712235648185015,0.9997244477272034
TEST_04543,0.09431017935276031,0.9842926859855652
TEST_04544,0.002974886680021882,0.9999401569366455
TEST_04545,0.06066877767443657,0.9256519675254822
TEST_04546,0.04446940869092941,0.9949967861175537
TEST_04547,0.002588676055893302,0.9989838004112244
TEST_04548,0.21696773171424866,0.23885835707187653
TEST_04549,0.024452749639749527,0.9922235608100891
TEST_04550,0.00015795383660588413,0.999998927116394
TEST_04551,0.013525957241654396,0.8010279536247253
TEST_04552,0.02215379662811756,0.9765050411224365
TEST_04553,0.6218674778938293,0.9470463395118713
TEST_04554,0.06012272462248802,0.9925992488861084
TEST_04555,0.0067003811709582806,0.9999607801437378
TEST_04556,0.5367648005485535,0.9510961174964905
TEST_04557,0.9878596663475037,0.6543077826499939
TEST_04558,0.008977784775197506,0.8507519960403442
TEST_04559,0.03211593255400658,0.9720727801322937
TEST_04560,0.05938571318984032,0.9061418175697327
TEST_04561,0.005254629999399185,0.9168471693992615
TEST_04562,0.9999768733978271,0.0007727948250249028
TEST_04563,0.0200274046510458,0.9141932725906372
TEST_04564,0.0003038921859115362,0.9977715015411377
TEST_04565,0.026964692398905754,0.878243625164032
TEST_04566,0.04357432946562767,0.8083203434944153
TEST_04567,0.0020843876991420984,0.9880653023719788
TEST_04568,0.007076924201101065,0.9926437735557556
TEST_04569,0.3177701234817505,0.9180176258087158
TEST_04570,0.0004323814355302602,0.9988064765930176
TEST_04571,0.024462062865495682,0.9854785203933716
TEST_04572,0.0014687832444906235,0.996973991394043
TEST_04573,0.9980589747428894,0.0015844565350562334
TEST_04574,0.009298373945057392,0.9999978542327881
TEST_04575,0.04958919435739517,0.9072083234786987
TEST_04576,0.010648983530700207,0.9973676800727844
TEST_04577,0.00048393942415714264,0.9998177886009216
TEST_04578,0.0025165036786347628,0.9935507774353027
TEST_04579,0.03584865853190422,0.9995631575584412
TEST_04580,0.014448605477809906,0.9689730405807495
TEST_04581,0.7221023440361023,0.3786109983921051
TEST_04582,0.0021183446515351534,0.9999963045120239
TEST_04583,0.025204850360751152,0.9765547513961792
TEST_04584,0.013154340907931328,0.9744160175323486
TEST_04585,0.06759151071310043,0.9897924661636353
TEST_04586,0.055465102195739746,0.8651710748672485
TEST_04587,0.007234897464513779,0.9936379790306091
TEST_04588,0.00684575829654932,0.9881658554077148
TEST_04589,0.016972273588180542,0.803123414516449
TEST_04590,0.0030022200662642717,0.963542640209198
TEST_04591,0.011883032508194447,0.9823728799819946
TEST_04592,0.04931823909282684,0.9631273150444031
TEST_04593,0.003558621509000659,0.9996681213378906
TEST_04594,0.02130751684308052,0.9867445826530457
TEST_04595,0.002138787182047963,0.9979428648948669
TEST_04596,0.17384089529514313,0.9280162453651428
TEST_04597,0.01707097515463829,0.9500934481620789
TEST_04598,0.012095079757273197,0.9864353537559509
TEST_04599,0.002231412101536989,0.9984617233276367
TEST_04600,0.04375087842345238,0.8133943676948547
TEST_04601,0.01870696060359478,0.935526430606842
TEST_04602,0.024938030168414116,0.9131771922111511
TEST_04603,0.0004668362671509385,0.9997712969779968
TEST_04604,0.06415987759828568,0.9895761013031006
TEST_04605,0.0015824302099645138,0.999610960483551
TEST_04606,0.021808059886097908,0.9917068481445312
TEST_04607,0.0032823074143379927,0.9997735619544983
TEST_04608,0.00021875809761695564,0.9896073937416077
TEST_04609,0.005881935358047485,0.9817110300064087
TEST_04610,0.03489800542593002,0.9966694712638855
TEST_04611,0.08887623995542526,0.9486896395683289
TEST_04612,0.002605525078251958,0.9795701503753662
TEST_04613,0.011566918343305588,0.9969167709350586
TEST_04614,0.014019765891134739,0.9902728199958801
TEST_04615,0.08889398723840714,0.865900456905365
TEST_04616,0.005820516962558031,0.9887998104095459
TEST_04617,0.026521548628807068,0.8955985903739929
TEST_04618,0.10367681086063385,0.8775737285614014
TEST_04619,0.08328796923160553,0.958773136138916
TEST_04620,0.005016066133975983,0.9777684807777405
TEST_04621,0.002301271539181471,0.9996742010116577
TEST_04622,0.032856110483407974,0.9258124828338623
TEST_04623,0.008476685732603073,0.9989612102508545
TEST_04624,0.6822851896286011,0.7654053568840027
TEST_04625,0.022963136434555054,0.9971053004264832
TEST_04626,0.8374043703079224,0.9733666181564331
TEST_04627,0.013767451047897339,0.9976158142089844
TEST_04628,0.0013800307642668486,0.9993172883987427
TEST_04629,0.1609405279159546,0.652910590171814
TEST_04630,8.866508949267882e-08,0.9999990463256836
TEST_04631,0.012177928350865841,0.8974825739860535
TEST_04632,0.0017234242986887693,0.9848933815956116
TEST_04633,0.003010180313140154,0.9807783365249634
TEST_04634,0.003954717889428139,0.972756564617157
TEST_04635,0.37222835421562195,0.9964129328727722
TEST_04636,0.0255126915872097,0.9727982878684998
TEST_04637,0.05593858286738396,0.9517607688903809
TEST_04638,0.01128450408577919,0.9764804840087891
TEST_04639,0.46116286516189575,0.9205574989318848
TEST_04640,0.002190430648624897,0.9996869564056396
TEST_04641,0.00446451036259532,0.999126136302948
TEST_04642,0.0074053239077329636,0.9735023975372314
TEST_04643,0.003548758802935481,0.9895437955856323
TEST_04644,0.009968358092010021,0.9688641428947449
TEST_04645,0.04691443592309952,0.9901077747344971
TEST_04646,0.03396983817219734,0.9028124213218689
TEST_04647,0.0017859599320217967,0.9808618426322937
TEST_04648,0.050819557160139084,0.9117178916931152
TEST_04649,0.005126069765537977,0.992286205291748
TEST_04650,0.007796606980264187,0.8991866707801819
TEST_04651,0.002132467459887266,0.9999992847442627
TEST_04652,0.00012689520372077823,0.9994786381721497
TEST_04653,0.0011854408076032996,0.9977970123291016
TEST_04654,0.21394890546798706,0.4888990521430969
TEST_04655,0.005740497726947069,0.9985217452049255
TEST_04656,0.07759242504835129,0.9339175224304199
TEST_04657,0.001866244594566524,0.9999850988388062
TEST_04658,0.007146709598600864,0.9998934268951416
TEST_04659,0.9395217299461365,0.8995404839515686
TEST_04660,0.05212007090449333,0.8760837316513062
TEST_04661,0.006061588879674673,0.9991776347160339
TEST_04662,0.3787892758846283,0.9190980792045593
TEST_04663,0.0009658156195655465,0.9979913234710693
TEST_04664,0.013517498038709164,0.9592788815498352
TEST_04665,0.0055910623632371426,0.9961663484573364
TEST_04666,0.12981431186199188,0.8811192512512207
TEST_04667,0.009210297837853432,0.9949770569801331
TEST_04668,0.0035420358180999756,0.9980177879333496
TEST_04669,0.042178913950920105,0.9101775884628296
TEST_04670,0.0604940690100193,0.8884133100509644
TEST_04671,0.012316722422838211,0.9944316744804382
TEST_04672,0.6664041876792908,0.656231164932251
TEST_04673,0.03045419603586197,0.920857846736908
TEST_04674,0.9608763456344604,0.569267213344574
TEST_04675,0.005702256690710783,0.9870625138282776
TEST_04676,0.0007278821431100368,0.9995263814926147
TEST_04677,0.02793818525969982,0.955288827419281
TEST_04678,0.006573238875716925,0.9917358756065369
TEST_04679,0.0021875351667404175,0.9923034906387329
TEST_04680,0.29775270819664,0.8980735540390015
TEST_04681,0.006769814994186163,0.994526207447052
TEST_04682,0.0063182939775288105,0.9994335770606995
TEST_04683,0.030466273427009583,0.9978923201560974
TEST_04684,0.02060251496732235,0.996517539024353
TEST_04685,0.9999089241027832,0.00012263190001249313
TEST_04686,0.0013978459173813462,0.9982370138168335
TEST_04687,0.014022765681147575,0.9971670508384705
TEST_04688,0.05900018662214279,0.9005188941955566
TEST_04689,1.49597672134405e-05,0.9999016523361206
TEST_04690,0.024891695007681847,0.9977145195007324
TEST_04691,0.0019504479132592678,0.9598170518875122
TEST_04692,0.001327725127339363,0.9999756813049316
TEST_04693,0.032098349183797836,0.9644625782966614
TEST_04694,0.000300578773021698,0.9998488426208496
TEST_04695,0.053312502801418304,0.9664030075073242
TEST_04696,0.011632845737040043,0.8729721903800964
TEST_04697,0.9649165272712708,0.33514299988746643
TEST_04698,0.005266417283564806,0.9908406138420105
TEST_04699,0.005485402420163155,0.9621335864067078
TEST_04700,0.0076370444148778915,0.9890318512916565
TEST_04701,0.028999557718634605,0.9957146048545837
TEST_04702,0.6393484473228455,0.29004818201065063
TEST_04703,0.0009222935186699033,0.989443302154541
TEST_04704,0.06162302941083908,0.8624570369720459
TEST_04705,0.03930317983031273,0.9820752739906311
TEST_04706,0.04495479166507721,0.9337976574897766
TEST_04707,0.15129412710666656,0.900577962398529
TEST_04708,0.020811839029192924,0.9982659220695496
TEST_04709,0.002157247392460704,0.9987448453903198
TEST_04710,0.011914718896150589,0.9965984225273132
TEST_04711,0.023452967405319214,0.9533153772354126
TEST_04712,0.31168699264526367,0.8747014403343201
TEST_04713,0.005749905947595835,0.9843250513076782
TEST_04714,0.03358747810125351,0.9668576717376709
TEST_04715,0.0012247079284861684,0.9999456405639648
TEST_04716,0.8208261132240295,0.019033238291740417
TEST_04717,0.018834689632058144,0.9958406090736389
TEST_04718,0.0008890090975910425,0.9989619255065918
TEST_04719,0.003117399290204048,0.9984307885169983
TEST_04720,0.01612614467740059,0.9794338345527649
TEST_04721,0.03251834586262703,0.8656545281410217
TEST_04722,0.001762938336469233,0.9961079955101013
TEST_04723,0.1510130763053894,0.12203812599182129
TEST_04724,0.03846437484025955,0.9846158623695374
TEST_04725,0.021051768213510513,0.9182212948799133
TEST_04726,0.01258828490972519,0.7462332248687744
TEST_04727,0.00766832334920764,0.9463199973106384
TEST_04728,0.0082264868542552,0.9959205389022827
TEST_04729,0.025168104097247124,0.9041255712509155
TEST_04730,0.9990813732147217,0.03048115223646164
TEST_04731,0.0008914027130231261,0.9985750913619995
TEST_04732,0.009707467630505562,0.9981174468994141
TEST_04733,0.005512438714504242,0.9773653149604797
TEST_04734,0.15380147099494934,0.987319827079773
TEST_04735,0.052165158092975616,0.9352016448974609
TEST_04736,0.0014368972042575479,0.9988657236099243
TEST_04737,0.016786960884928703,0.8902021646499634
TEST_04738,0.9999252557754517,0.010034727863967419
TEST_04739,0.26298585534095764,0.8079022169113159
TEST_04740,0.0010058091720566154,0.9907508492469788
TEST_04741,0.007463585119694471,0.9958810806274414
TEST_04742,0.27552691102027893,0.9188742637634277
TEST_04743,0.025800295174121857,0.905093252658844
TEST_04744,0.005615763366222382,0.9862008690834045
TEST_04745,0.11853794753551483,0.9165070056915283
TEST_04746,0.06635404378175735,0.9426614046096802
TEST_04747,0.027209768071770668,0.9817548394203186
TEST_04748,0.004350720904767513,0.9984259605407715
TEST_04749,0.022468848153948784,0.9983106851577759
TEST_04750,0.15799406170845032,0.9943986535072327
TEST_04751,0.0020135333761572838,0.9937950372695923
TEST_04752,0.022301282733678818,0.9964836835861206
TEST_04753,0.07484875619411469,0.9795392751693726
TEST_04754,0.9996359348297119,0.15394054353237152
TEST_04755,0.013051208108663559,0.9802649021148682
TEST_04756,0.00023080625396687537,0.999650239944458
TEST_04757,0.018959946930408478,0.9934686422348022
TEST_04758,0.9179461002349854,0.9351908564567566
TEST_04759,0.029365230351686478,0.9477698802947998
TEST_04760,0.00695398636162281,0.9973415732383728
TEST_04761,0.9742908477783203,0.0215069018304348
TEST_04762,0.0036857302766293287,0.9996215105056763
TEST_04763,0.004344788379967213,0.9982549548149109
TEST_04764,0.1776243895292282,0.8710575103759766
TEST_04765,0.01800314337015152,0.9781030416488647
TEST_04766,0.003469956573098898,0.9985462427139282
TEST_04767,0.06041574478149414,0.9673091173171997
TEST_04768,0.6774113178253174,0.7613223195075989
TEST_04769,0.004055614583194256,0.9912848472595215
TEST_04770,0.002849678974598646,0.9996551275253296
TEST_04771,0.07929083704948425,0.9079639315605164
TEST_04772,0.001052376115694642,0.9985319375991821
TEST_04773,0.9486377239227295,0.9170867204666138
TEST_04774,0.05921011045575142,0.6510366797447205
TEST_04775,0.48657310009002686,0.9778628349304199
TEST_04776,0.9912834167480469,0.8609548211097717
TEST_04777,0.01043157558888197,0.9995934367179871
TEST_04778,0.00022593016910832375,0.9965558052062988
TEST_04779,0.2835165560245514,0.9067354798316956
TEST_04780,0.14459402859210968,0.7952232956886292
TEST_04781,0.0022389732766896486,0.9977832436561584
TEST_04782,0.0244385227560997,0.9809455871582031
TEST_04783,0.007671321742236614,0.9988571405410767
TEST_04784,0.0037891871761530638,0.9903563857078552
TEST_04785,0.02293894998729229,0.8871895670890808
TEST_04786,0.035161539912223816,0.5700518488883972
TEST_04787,0.4076559543609619,0.9794090390205383
TEST_04788,0.0034842637833207846,0.9565294981002808
TEST_04789,0.027086203917860985,0.9980975985527039
TEST_04790,0.00011522845306899399,0.9999985694885254
TEST_04791,0.004220917820930481,0.9964613318443298
TEST_04792,0.007562585640698671,0.9573635458946228
TEST_04793,0.0004384792409837246,0.9997437596321106
TEST_04794,0.00034220045199617743,0.9996542930603027
TEST_04795,0.004190662410110235,0.997952938079834
TEST_04796,0.036464184522628784,0.9853746891021729
TEST_04797,0.017866509035229683,0.977741539478302
TEST_04798,0.0029453642200678587,0.9683941602706909
TEST_04799,0.0019318617414683104,0.9949619770050049
TEST_04800,0.2724376320838928,0.8784115314483643
TEST_04801,0.0013185812858864665,0.9942675828933716
TEST_04802,0.5097106695175171,0.8944947719573975
TEST_04803,0.023509057238698006,0.9876934885978699
TEST_04804,0.23078519105911255,0.22612231969833374
TEST_04805,0.023423468694090843,0.9924006462097168
TEST_04806,0.0004036670143250376,0.9836165904998779
TEST_04807,0.005387538578361273,0.9967573285102844
TEST_04808,0.004003056790679693,0.9995447993278503
TEST_04809,0.011352045461535454,0.9968164563179016
TEST_04810,0.04141409695148468,0.7017198204994202
TEST_04811,0.998285710811615,0.010941707529127598
TEST_04812,0.00922639761120081,0.9264166355133057
TEST_04813,0.012779980897903442,0.9860230684280396
TEST_04814,0.0021453541703522205,1.0
TEST_04815,0.009585936553776264,0.9994747042655945
TEST_04816,0.007477048318833113,0.983734130859375
TEST_04817,0.049152981489896774,0.5815512537956238
TEST_04818,0.003478103317320347,0.9936618804931641
TEST_04819,0.00034875067649409175,0.9998103976249695
TEST_04820,0.0032277682330459356,0.9999998807907104
TEST_04821,0.0015530060045421124,0.9950409531593323
TEST_04822,0.004100957419723272,0.9955666661262512
TEST_04823,0.0010117528727278113,0.9851306080818176
TEST_04824,0.336269348859787,0.5471310615539551
TEST_04825,0.005757469683885574,0.9978583455085754
TEST_04826,0.013840284198522568,0.985115110874176
TEST_04827,0.05794095993041992,0.9173210263252258
TEST_04828,0.004124483093619347,0.9939591884613037
TEST_04829,0.006126937922090292,0.9898563623428345
TEST_04830,0.00422847643494606,0.9846226572990417
TEST_04831,0.000353462528437376,0.9994366765022278
TEST_04832,0.014447968453168869,0.8875749707221985
TEST_04833,0.00015394078218378127,0.9999995231628418
TEST_04834,0.0024970294907689095,0.9997805953025818
TEST_04835,0.5036836266517639,0.8565781712532043
TEST_04836,0.0019093806622549891,0.9825076460838318
TEST_04837,0.024104155600070953,0.973954439163208
TEST_04838,0.030254418030381203,0.9814540147781372
TEST_04839,0.00023718233569525182,0.9952517747879028
TEST_04840,0.0493537075817585,0.895224392414093
TEST_04841,0.004623496904969215,0.9947018027305603
TEST_04842,0.003364712232723832,0.9999948740005493
TEST_04843,0.001906221848912537,0.9303683042526245
TEST_04844,0.0015072074020281434,0.9976425766944885
TEST_04845,0.008767900057137012,0.9977572560310364
TEST_04846,0.03908117488026619,0.9978756904602051
TEST_04847,0.004643527325242758,0.937581479549408
TEST_04848,0.9947463870048523,0.7473040819168091
TEST_04849,0.002980317221954465,0.9997740387916565
TEST_04850,0.001135375932790339,0.9926031231880188
TEST_04851,0.0029258248396217823,0.9984421133995056
TEST_04852,0.09934981167316437,0.936633825302124
TEST_04853,0.007554102223366499,0.9925959706306458
TEST_04854,0.03334468603134155,0.9752597212791443
TEST_04855,0.011040809564292431,0.9950005412101746
TEST_04856,0.006685276050120592,0.9988753199577332
TEST_04857,0.0012025302276015282,0.9905684590339661
TEST_04858,0.006997676100581884,0.9862080812454224
TEST_04859,0.026772625744342804,0.9774904251098633
TEST_04860,0.006095218937844038,0.9993578791618347
TEST_04861,0.02337811328470707,0.9029809236526489
TEST_04862,0.012445074506103992,0.9833722710609436
TEST_04863,0.02717476524412632,0.9941108822822571
TEST_04864,0.0007479516789317131,0.9955877065658569
TEST_04865,0.019453080371022224,0.9741719365119934
TEST_04866,0.00017779666814021766,0.9985425472259521
TEST_04867,0.016035277396440506,0.9375244975090027
TEST_04868,0.0667046457529068,0.9885783195495605
TEST_04869,0.004006419330835342,0.9969195127487183
TEST_04870,0.037566859275102615,0.8972489237785339
TEST_04871,0.0021969813387840986,0.999819815158844
TEST_04872,0.012261291965842247,0.9249193668365479
TEST_04873,0.0008168201893568039,0.9935967922210693
TEST_04874,0.004244592972099781,0.9980689883232117
TEST_04875,0.018916824832558632,0.9890913367271423
TEST_04876,0.0059078894555568695,0.988263726234436
TEST_04877,0.0006164857768453658,0.9987791180610657
TEST_04878,0.03875599801540375,0.6425220370292664
TEST_04879,0.008983436971902847,0.9045418500900269
TEST_04880,0.012511548586189747,0.9990701079368591
TEST_04881,0.018159596249461174,0.9943535327911377
TEST_04882,0.04441399872303009,0.9632118344306946
TEST_04883,0.001151073258370161,0.9998840093612671
TEST_04884,0.03384777531027794,0.9773722290992737
TEST_04885,0.002354626776650548,0.9987577199935913
TEST_04886,0.013022199273109436,0.8966707587242126
TEST_04887,0.016854574903845787,0.8055340647697449
TEST_04888,0.0008653718396089971,0.9998685121536255
TEST_04889,0.027278713881969452,0.9878246784210205
TEST_04890,0.0048195980489254,0.896682858467102
TEST_04891,0.028608152642846107,0.9676222801208496
TEST_04892,0.0299819428473711,0.9321128129959106
TEST_04893,0.026600662618875504,0.9749022722244263
TEST_04894,0.022894645109772682,0.9511699080467224
TEST_04895,0.011105222627520561,0.9997367262840271
TEST_04896,0.013122722506523132,0.9973019361495972
TEST_04897,0.001183951273560524,0.9957797527313232
TEST_04898,0.36217498779296875,0.7479667663574219
TEST_04899,0.010791655629873276,0.9662092924118042
TEST_04900,0.9999462366104126,4.955393887939863e-05
TEST_04901,0.0011207952629774809,0.9999208450317383
TEST_04902,0.015014516189694405,0.3977859914302826
TEST_04903,0.005994340404868126,0.9798189401626587
TEST_04904,0.0022697525564581156,0.9989369511604309
TEST_04905,0.0032458000350743532,0.9843561053276062
TEST_04906,0.011109517887234688,0.10654917359352112
TEST_04907,0.9950149655342102,0.0038593648932874203
TEST_04908,0.0455765575170517,0.9910605549812317
TEST_04909,0.01627209410071373,0.9349658489227295
TEST_04910,0.9067891240119934,0.9532687664031982
TEST_04911,0.002055581659078598,0.9962664246559143
TEST_04912,0.008284304291009903,0.9749310612678528
TEST_04913,0.0004043785738758743,0.9925192594528198
TEST_04914,0.0008253970881924033,0.9958670139312744
TEST_04915,0.03121817298233509,0.9875147342681885
TEST_04916,0.3782116770744324,0.8347090482711792
TEST_04917,0.00035344011848792434,0.999728262424469
TEST_04918,0.0018097053980454803,0.8943809270858765
TEST_04919,0.0008481396944262087,0.9986608028411865
TEST_04920,0.036089591681957245,0.9564836025238037
TEST_04921,0.012675442732870579,0.9958479404449463
TEST_04922,0.0013863014755770564,0.9894856214523315
TEST_04923,0.003324542660266161,0.9353618025779724
TEST_04924,0.006135189905762672,0.9975357055664062
TEST_04925,0.02161353826522827,0.9742514491081238
TEST_04926,0.07889062166213989,0.8256432414054871
TEST_04927,0.024915626272559166,0.9957283139228821
TEST_04928,0.015043342486023903,0.9975488781929016
TEST_04929,0.0024464642629027367,0.9964503049850464
TEST_04930,0.09496165812015533,0.9768640398979187
TEST_04931,0.02662213146686554,0.9930143356323242
TEST_04932,0.0209719929844141,0.2492908090353012
TEST_04933,0.05548589676618576,0.850442111492157
TEST_04934,0.003350617829710245,0.9881975054740906
TEST_04935,0.0009274375042878091,0.998904824256897
TEST_04936,0.002558510284870863,0.9977165460586548
TEST_04937,0.014955420978367329,0.9395006895065308
TEST_04938,0.029864083975553513,0.8827884197235107
TEST_04939,0.02588009461760521,0.9184090495109558
TEST_04940,0.0017893142066895962,0.99620121717453
TEST_04941,0.741616427898407,0.915343701839447
TEST_04942,0.001098844688385725,0.999014139175415
TEST_04943,0.035383980721235275,0.5460872054100037
TEST_04944,0.008199476636946201,0.9986752867698669
TEST_04945,0.024953940883278847,0.945829451084137
TEST_04946,0.0055148545652627945,0.9926446676254272
TEST_04947,0.416655957698822,0.7861730456352234
TEST_04948,0.018113676458597183,0.895557165145874
TEST_04949,0.010059047490358353,0.9812185168266296
TEST_04950,0.008139844052493572,0.9980186223983765
TEST_04951,0.01492074504494667,0.9961076378822327
TEST_04952,0.1432078778743744,0.9849564433097839
TEST_04953,0.004252005834132433,0.9987063407897949
TEST_04954,0.02290298417210579,0.9951611161231995
TEST_04955,0.008199980482459068,0.9942677021026611
TEST_04956,0.11911651492118835,0.9533526301383972
TEST_04957,0.11977522075176239,0.937743604183197
TEST_04958,0.010203216224908829,0.9802913665771484
TEST_04959,0.0847596675157547,0.9056602120399475
TEST_04960,0.11798225343227386,0.8199430108070374
TEST_04961,7.40771110940841e-06,0.9991499185562134
TEST_04962,0.0008999303099699318,0.9987452030181885
TEST_04963,0.00037408899515867233,0.9995251893997192
TEST_04964,9.543938358547166e-05,0.9998041987419128
TEST_04965,0.020304523408412933,0.9735289812088013
TEST_04966,0.005120868794620037,0.9465208053588867
TEST_04967,0.01687777228653431,0.9992058873176575
TEST_04968,0.0014365852111950517,0.9992445707321167
TEST_04969,0.0002493083302397281,0.999910831451416
TEST_04970,0.0075103105045855045,0.9728713035583496
TEST_04971,0.029252134263515472,0.9412012100219727
TEST_04972,0.0011713593266904354,0.9939403533935547
TEST_04973,0.0021340176463127136,0.9859598875045776
TEST_04974,0.39870429039001465,0.7059808373451233
TEST_04975,0.03495948389172554,0.8710362911224365
TEST_04976,0.0033534453250467777,0.9491056799888611
TEST_04977,0.004769612569361925,0.9931528568267822
TEST_04978,0.007124392781406641,0.9800174236297607
TEST_04979,0.0014197248965501785,0.9996330738067627
TEST_04980,0.06912580132484436,0.8540555834770203
TEST_04981,0.9707443714141846,0.4295845627784729
TEST_04982,0.02288389950990677,0.9791655540466309
TEST_04983,0.021908635273575783,0.9139479398727417
TEST_04984,0.02728385291993618,0.9894116520881653
TEST_04985,0.006491098552942276,0.9811986684799194
TEST_04986,0.9943852424621582,0.19540347158908844
TEST_04987,0.010965040884912014,0.972628116607666
TEST_04988,0.03918886557221413,0.9804937243461609
TEST_04989,0.08062960207462311,0.7382587194442749
TEST_04990,0.2875138223171234,0.8148213624954224
TEST_04991,0.02250012196600437,0.9313896298408508
TEST_04992,0.0004434859729371965,0.9999325275421143
TEST_04993,0.08225657790899277,0.9765059351921082
TEST_04994,0.003472554497420788,0.9819291830062866
TEST_04995,0.030201589688658714,0.9756312370300293
TEST_04996,0.0006265643169172108,0.9978125095367432
TEST_04997,0.03261186555027962,0.9813475608825684
TEST_04998,0.09078912436962128,0.9398434162139893
TEST_04999,0.017913049086928368,0.9004086852073669
TEST_05000,0.012631685473024845,0.9127418398857117
TEST_05001,0.01937165856361389,0.9590394496917725
TEST_05002,0.04057896509766579,0.9831022620201111
TEST_05003,0.01745343953371048,0.9868476986885071
TEST_05004,0.00616541737690568,0.9624385833740234
TEST_05005,0.018808774650096893,0.7802909016609192
TEST_05006,0.008648980408906937,0.9958441853523254
TEST_05007,0.041891079396009445,0.5196167230606079
TEST_05008,0.002451243344694376,0.9880496859550476
TEST_05009,0.08310838788747787,0.8229159116744995
TEST_05010,0.015371309593319893,0.9999982118606567
TEST_05011,0.084470734000206,0.9926331639289856
TEST_05012,0.020479461178183556,0.9620126485824585
TEST_05013,0.008296509273350239,0.8592079877853394
TEST_05014,0.006515504326671362,0.9989901185035706
TEST_05015,0.0018308860016986728,0.9864832758903503
TEST_05016,0.03974789381027222,0.9948514103889465
TEST_05017,0.7506258487701416,0.96465665102005
TEST_05018,0.010185837745666504,0.9914159178733826
TEST_05019,0.7913734912872314,0.03785751760005951
TEST_05020,0.039068803191185,0.9858213067054749
TEST_05021,0.0026159784756600857,0.9999421834945679
TEST_05022,0.019885657355189323,0.8234557509422302
TEST_05023,0.004363736603409052,0.8260430693626404
TEST_05024,0.04269866645336151,0.8936370015144348
TEST_05025,0.00840561743825674,0.9985357522964478
TEST_05026,0.014172886498272419,0.9882776141166687
TEST_05027,0.024193106219172478,0.9815055727958679
TEST_05028,0.0023481324315071106,0.99809330701828
TEST_05029,0.004590861964970827,0.9999308586120605
TEST_05030,0.12400738894939423,0.8457915782928467
TEST_05031,0.022376632317900658,0.9956795573234558
TEST_05032,0.06570273637771606,0.9893604516983032
TEST_05033,0.004641539417207241,0.9955606460571289
TEST_05034,0.027272144332528114,0.939751148223877
TEST_05035,0.00945427268743515,0.9847397804260254
TEST_05036,0.019215052947402,0.9990724325180054
TEST_05037,0.08078096061944962,0.9890145659446716
TEST_05038,0.0020241711754351854,0.9999996423721313
TEST_05039,0.01430238876491785,0.9841110706329346
TEST_05040,0.9470099210739136,0.18958325684070587
TEST_05041,0.15336677432060242,0.06368021667003632
TEST_05042,0.015635274350643158,0.9982423782348633
TEST_05043,0.002818794222548604,0.07307186722755432
TEST_05044,0.0030066678300499916,0.9990501999855042
TEST_05045,0.0034167219419032335,0.9998749494552612
TEST_05046,0.00830102525651455,0.9972389936447144
TEST_05047,0.0029853074811398983,0.9930290579795837
TEST_05048,0.005658561363816261,0.9862374067306519
TEST_05049,0.19734612107276917,0.9965347051620483
TEST_05050,0.01949581317603588,0.9992948770523071
TEST_05051,0.6373778581619263,0.991303563117981
TEST_05052,0.0014674999983981252,0.9494635462760925
TEST_05053,0.9906502962112427,0.25853875279426575
TEST_05054,0.05567048117518425,0.9489565491676331
TEST_05055,0.2549458146095276,0.8748356103897095
TEST_05056,0.37942469120025635,0.9335653185844421
TEST_05057,0.0036079438868910074,0.9951812624931335
TEST_05058,0.0049828654155135155,0.9675269722938538
TEST_05059,0.9141900539398193,0.016986066475510597
TEST_05060,0.03662809357047081,0.9580333232879639
TEST_05061,0.001125733950175345,0.9971275925636292
TEST_05062,0.016890769824385643,0.9849271774291992
TEST_05063,0.00467692082747817,0.9986708164215088
TEST_05064,0.12265972048044205,0.8748573064804077
TEST_05065,0.9420201182365417,0.7964804172515869
TEST_05066,0.021736420691013336,0.9979286193847656
TEST_05067,0.12339773774147034,0.9806697964668274
TEST_05068,0.0018689068965613842,0.9959391355514526
TEST_05069,0.0013087309198454022,0.9980522394180298
TEST_05070,0.20701685547828674,0.9204496145248413
TEST_05071,0.9135217666625977,0.7643582224845886
TEST_05072,0.1485218107700348,0.6559264659881592
TEST_05073,0.0018991775577887893,0.9997397065162659
TEST_05074,0.022434182465076447,0.9980242252349854
TEST_05075,0.020211350172758102,0.9653202891349792
TEST_05076,0.37893977761268616,0.9287881255149841
TEST_05077,0.05830540135502815,0.5784492492675781
TEST_05078,0.009835348464548588,0.9959003329277039
TEST_05079,0.21008262038230896,0.8869626522064209
TEST_05080,0.0036528026685118675,0.977837860584259
TEST_05081,0.02772427536547184,0.9333902597427368
TEST_05082,0.1501644253730774,0.6574907898902893
TEST_05083,0.0021887668408453465,0.9995524287223816
TEST_05084,0.026041951030492783,0.9820336699485779
TEST_05085,0.0008561424328945577,0.9985195994377136
TEST_05086,0.03906495124101639,0.6375089287757874
TEST_05087,0.003945685923099518,0.9263322949409485
TEST_05088,0.0659700483083725,0.8566464781761169
TEST_05089,0.005868305917829275,0.9518351554870605
TEST_05090,0.001961293863132596,0.9997908473014832
TEST_05091,0.036469217389822006,0.9571166634559631
TEST_05092,0.1434456706047058,0.8716659545898438
TEST_05093,0.06015397235751152,0.9861131310462952
TEST_05094,0.011666934005916119,0.9743669629096985
TEST_05095,0.01313700806349516,0.9575070142745972
TEST_05096,0.9382679462432861,0.6462902426719666
TEST_05097,0.01038958877325058,0.998219907283783
TEST_05098,0.010837549343705177,0.996452808380127
TEST_05099,0.007018737494945526,0.9721208810806274
TEST_05100,0.016804561018943787,0.8879631161689758
TEST_05101,0.022210216149687767,0.9964624047279358
TEST_05102,0.03412472456693649,0.9135268926620483
TEST_05103,0.7206634283065796,0.9596315026283264
TEST_05104,0.03990715742111206,0.9758787751197815
TEST_05105,0.00543910451233387,0.9983707070350647
TEST_05106,0.05289627984166145,0.8788729906082153
TEST_05107,0.025980092585086823,0.9542905688285828
TEST_05108,0.0193951278924942,0.7787567973136902
TEST_05109,0.10348276048898697,0.7768145799636841
TEST_05110,0.013236372731626034,0.9778411984443665
TEST_05111,0.0006820434355176985,0.9977999329566956
TEST_05112,0.046382054686546326,0.9984452128410339
TEST_05113,0.004712964408099651,0.9920297861099243
TEST_05114,0.0025397639255970716,0.9969185590744019
TEST_05115,0.01962660253047943,0.9846917986869812
TEST_05116,0.0010231969645246863,0.9771315455436707
TEST_05117,0.026073995977640152,0.9877299666404724
TEST_05118,0.22280281782150269,0.8977034687995911
TEST_05119,0.06007087230682373,0.928950309753418
TEST_05120,0.00916203111410141,0.9984534978866577
TEST_05121,0.09515570849180222,0.9962998032569885
TEST_05122,0.0066596162505447865,0.9814930558204651
TEST_05123,0.08792013674974442,0.9350077509880066
TEST_05124,0.044164396822452545,0.9008201360702515
TEST_05125,0.004420268815010786,0.9974155426025391
TEST_05126,0.9980216026306152,0.0002387649001320824
TEST_05127,0.013672600500285625,0.9966002106666565
TEST_05128,0.011678779497742653,0.9989171028137207
TEST_05129,0.1209157183766365,0.9241110682487488
TEST_05130,0.055001914501190186,0.9374332427978516
TEST_05131,0.06620661169290543,0.9466293454170227
TEST_05132,0.012148034758865833,0.9633541107177734
TEST_05133,0.9424652457237244,0.5376990437507629
TEST_05134,0.012074233964085579,0.9583736062049866
TEST_05135,0.057993873953819275,0.8345927000045776
TEST_05136,0.007300431374460459,0.996428906917572
TEST_05137,0.0253499373793602,0.6599281430244446
TEST_05138,0.4220292866230011,0.8831303715705872
TEST_05139,0.016105322167277336,0.8486915230751038
TEST_05140,0.03961778059601784,0.9954741597175598
TEST_05141,0.9747000932693481,0.08532142639160156
TEST_05142,0.9380931258201599,0.4698645770549774
TEST_05143,0.018438462167978287,0.9922155737876892
TEST_05144,0.004095011856406927,0.9778438806533813
TEST_05145,0.0022156517952680588,0.9940345883369446
TEST_05146,0.021166864782571793,0.9636440277099609
TEST_05147,0.010737325064837933,0.999288022518158
TEST_05148,0.007400589529424906,0.9972608089447021
TEST_05149,0.009346609003841877,0.9925248026847839
TEST_05150,0.01423867978155613,0.9537798166275024
TEST_05151,0.00010562348325038329,0.9999510049819946
TEST_05152,0.0006511558894999325,0.998704195022583
TEST_05153,0.013500066474080086,0.9962098598480225
TEST_05154,0.0013524481328204274,0.9999949932098389
TEST_05155,0.0013153244508430362,0.9988452196121216
TEST_05156,0.004583124071359634,0.9956369996070862
TEST_05157,0.9198673367500305,0.8705185055732727
TEST_05158,1.964529110409785e-05,0.9984639883041382
TEST_05159,0.0066215880215168,0.998788058757782
TEST_05160,0.0032631135545670986,0.9999107122421265
TEST_05161,0.04111047089099884,0.8909571170806885
TEST_05162,0.02155642956495285,0.9994638562202454
TEST_05163,0.9743536114692688,0.29524746537208557
TEST_05164,0.007665319833904505,0.9968957901000977
TEST_05165,0.011798922903835773,0.9967290163040161
TEST_05166,0.01931259222328663,0.9650886058807373
TEST_05167,0.00013718185073230416,0.9963257908821106
TEST_05168,0.010366732254624367,0.9720529317855835
TEST_05169,0.4677574038505554,0.8585459589958191
TEST_05170,0.03939274325966835,0.9448996186256409
TEST_05171,0.00042828251025639474,0.9999626874923706
TEST_05172,0.00827288068830967,0.9965502023696899
TEST_05173,0.008428876288235188,0.98243248462677
TEST_05174,0.0017729222308844328,0.9677770137786865
TEST_05175,0.032257936894893646,0.9722179770469666
TEST_05176,0.025305211544036865,0.9933425784111023
TEST_05177,0.001177697442471981,0.9963498115539551
TEST_05178,0.021919094026088715,0.7613060474395752
TEST_05179,0.01896190084517002,0.9945361614227295
TEST_05180,0.005708233918994665,0.9913429021835327
TEST_05181,0.9994117021560669,0.04850070923566818
TEST_05182,0.02386614680290222,0.9856507182121277
TEST_05183,0.04332253709435463,0.992271900177002
TEST_05184,0.39564698934555054,0.10975044965744019
TEST_05185,0.000541951390914619,0.998206377029419
TEST_05186,0.46127334237098694,0.7796971201896667
TEST_05187,0.04045189544558525,0.9465202689170837
TEST_05188,0.09078238904476166,0.9578266143798828
TEST_05189,0.01392096932977438,0.991830050945282
TEST_05190,0.002545089228078723,0.9978986978530884
TEST_05191,0.12674842774868011,0.9636228680610657
TEST_05192,0.007627737242728472,0.997096061706543
TEST_05193,0.008782968856394291,0.9742537140846252
TEST_05194,0.015004266053438187,0.9870211482048035
TEST_05195,0.04097338765859604,0.9057925343513489
TEST_05196,0.004928348585963249,0.964659571647644
TEST_05197,0.016029439866542816,0.9952966570854187
TEST_05198,0.03568335622549057,0.8649302124977112
TEST_05199,0.07879045605659485,0.9961297512054443
TEST_05200,0.00034164483076892793,0.99925297498703
TEST_05201,0.008756304159760475,0.9345978498458862
TEST_05202,0.00826341100037098,0.9663465619087219
TEST_05203,0.00036685369559563696,0.9976552724838257
TEST_05204,0.3120152950286865,0.4052402973175049
TEST_05205,0.018738621845841408,0.9915789365768433
TEST_05206,0.04201560840010643,0.9791624546051025
TEST_05207,0.46241211891174316,0.9031548500061035
TEST_05208,0.21577873826026917,0.6846328973770142
TEST_05209,0.008774160407483578,0.9841359853744507
TEST_05210,0.000816318322904408,0.9999381303787231
TEST_05211,0.024669094011187553,0.9917451739311218
TEST_05212,0.99598228931427,0.07424704730510712
TEST_05213,0.14873948693275452,0.23468828201293945
TEST_05214,0.03528272360563278,0.9999997615814209
TEST_05215,0.19608049094676971,0.9959455132484436
TEST_05216,0.03559240326285362,0.9125854969024658
TEST_05217,0.0700313001871109,0.9926593899726868
TEST_05218,0.04820408672094345,0.4682016670703888
TEST_05219,0.005449450109153986,0.9839851260185242
TEST_05220,0.204569473862648,0.9573719501495361
TEST_05221,0.009689689613878727,0.9983212351799011
TEST_05222,0.38709282875061035,0.9149155616760254
TEST_05223,0.003099696943536401,0.915015459060669
TEST_05224,0.0083336615934968,1.0
TEST_05225,0.012878317385911942,0.9979785084724426
TEST_05226,0.0024556992575526237,0.9884804487228394
TEST_05227,0.0026750012766569853,0.9365181922912598
TEST_05228,0.0007992400787770748,0.9831041097640991
TEST_05229,0.07919158041477203,0.8709169030189514
TEST_05230,0.025466090068221092,0.8902305960655212
TEST_05231,0.3265056908130646,0.9934790134429932
TEST_05232,0.02061500959098339,0.9689151644706726
TEST_05233,0.00013193802442401648,0.999974250793457
TEST_05234,0.0032941941171884537,0.8981923460960388
TEST_05235,0.0021795956417918205,0.9773741960525513
TEST_05236,0.028939824551343918,0.789078414440155
TEST_05237,0.0036296662874519825,0.9999842643737793
TEST_05238,0.0008463507401756942,0.9983444213867188
TEST_05239,0.008322005160152912,0.9992788434028625
TEST_05240,0.005399647634476423,0.9008139371871948
TEST_05241,0.007975999265909195,0.9552444219589233
TEST_05242,0.004538604058325291,0.9807792901992798
TEST_05243,0.6414239406585693,0.9882746934890747
TEST_05244,0.01140234712511301,0.9853095412254333
TEST_05245,0.2877197563648224,0.7263349294662476
TEST_05246,0.38885021209716797,0.7558119297027588
TEST_05247,0.007352361921221018,0.9678431153297424
TEST_05248,0.0022560583893209696,0.9930248260498047
TEST_05249,0.11879567056894302,0.9677976965904236
TEST_05250,0.007344522979110479,0.9881857633590698
TEST_05251,0.008748137392103672,0.9972484707832336
TEST_05252,0.027544131502509117,0.9129102230072021
TEST_05253,7.543795800302178e-05,0.9991476535797119
TEST_05254,0.004491325467824936,0.9742108583450317
TEST_05255,0.002050369745120406,0.9663388729095459
TEST_05256,0.040063031017780304,0.9833158850669861
TEST_05257,0.02016327530145645,0.9633621573448181
TEST_05258,0.016068430617451668,0.9511415362358093
TEST_05259,0.012136057019233704,0.9784135818481445
TEST_05260,0.05114920437335968,0.8978762030601501
TEST_05261,0.0037182713858783245,0.9887240529060364
TEST_05262,0.022635580971837044,0.9259989857673645
TEST_05263,0.045490607619285583,0.9395275115966797
TEST_05264,0.0027323137037456036,0.9815593957901001
TEST_05265,0.1319596916437149,0.9822044968605042
TEST_05266,0.0014294206630438566,0.9994919300079346
TEST_05267,0.023974908515810966,0.9374963641166687
TEST_05268,0.026207711547613144,0.9520787596702576
TEST_05269,0.1103983148932457,0.9865608811378479
TEST_05270,0.21816186606884003,0.8980430960655212
TEST_05271,0.09761756658554077,0.983842134475708
TEST_05272,2.8881759135401808e-05,0.9999887943267822
TEST_05273,0.0014453439507633448,0.9970887303352356
TEST_05274,0.011092117987573147,0.9938656687736511
TEST_05275,0.0011684407945722342,0.8397499322891235
TEST_05276,0.01475154235959053,0.9383712410926819
TEST_05277,0.6266431212425232,0.9108248949050903
TEST_05278,0.06533494591712952,0.9401180148124695
TEST_05279,0.028385449200868607,0.9113327264785767
TEST_05280,0.05262518301606178,0.9666489958763123
TEST_05281,0.014749838039278984,0.6303607821464539
TEST_05282,0.38440313935279846,0.9544943571090698
TEST_05283,0.006960604805499315,0.9985639452934265
TEST_05284,0.023943724110722542,0.9886210560798645
TEST_05285,0.014999332837760448,0.9444493651390076
TEST_05286,0.18694894015789032,0.8371005654335022
TEST_05287,0.0065368954092264175,0.9521164894104004
TEST_05288,0.026891589164733887,0.9718055725097656
TEST_05289,0.0024710558354854584,0.86002117395401
TEST_05290,0.012582702562212944,0.9969161748886108
TEST_05291,0.9993128776550293,0.0013326684711501002
TEST_05292,0.0003256409545429051,0.9992271661758423
TEST_05293,0.13810040056705475,0.9639157652854919
TEST_05294,0.9994668364524841,0.38853487372398376
TEST_05295,0.025608086958527565,0.993233859539032
TEST_05296,0.13947035372257233,0.964392364025116
TEST_05297,0.9698781371116638,0.7052618861198425
TEST_05298,0.9950893521308899,0.568469762802124
TEST_05299,0.026788726449012756,0.9470769166946411
TEST_05300,0.003326692385599017,0.9779260754585266
TEST_05301,0.04124464467167854,0.9329099655151367
TEST_05302,0.005577063653618097,0.9996848106384277
TEST_05303,0.019317984580993652,0.9758986234664917
TEST_05304,0.33767378330230713,0.976098358631134
TEST_05305,0.002933739684522152,0.9990739822387695
TEST_05306,0.0006118523888289928,0.9873391389846802
TEST_05307,0.06276272982358932,0.9943341016769409
TEST_05308,0.0009628572151996195,0.9991500377655029
TEST_05309,0.762723982334137,0.973332405090332
TEST_05310,0.0029836201574653387,0.9985515475273132
TEST_05311,0.5242109894752502,0.9806011915206909
TEST_05312,0.025235703215003014,0.975338339805603
TEST_05313,0.009379785507917404,0.9960796236991882
TEST_05314,0.008094209246337414,0.9879932403564453
TEST_05315,0.003887754864990711,0.9984649419784546
TEST_05316,0.01581832394003868,0.48423153162002563
TEST_05317,0.17860859632492065,0.2578756809234619
TEST_05318,0.0804615467786789,0.9880980849266052
TEST_05319,0.6489078998565674,0.9584541320800781
TEST_05320,0.06583382934331894,0.9614657759666443
TEST_05321,0.005688617005944252,0.9880148768424988
TEST_05322,0.03761094808578491,0.996788501739502
TEST_05323,0.02068931981921196,0.99424147605896
TEST_05324,0.9423285722732544,0.4866563379764557
TEST_05325,0.0003315032518003136,0.9989566802978516
TEST_05326,0.003252744674682617,0.9985906481742859
TEST_05327,0.010283859446644783,0.9992619156837463
TEST_05328,0.46278899908065796,0.7250385284423828
TEST_05329,0.028257623314857483,0.955284059047699
TEST_05330,0.026330096647143364,0.9957643747329712
TEST_05331,0.010343932546675205,0.9901988506317139
TEST_05332,0.03232261911034584,0.9228553175926208
TEST_05333,0.28607040643692017,0.09153972566127777
TEST_05334,0.0005437645013444126,0.9999841451644897
TEST_05335,0.04231711104512215,0.99605393409729
TEST_05336,0.028094012290239334,0.9345880150794983
TEST_05337,0.0013280698331072927,0.9942504167556763
TEST_05338,0.005735092796385288,0.9964404702186584
TEST_05339,0.5029454231262207,0.8553173542022705
TEST_05340,0.1315167248249054,0.8530405759811401
TEST_05341,0.008736579678952694,0.9847822785377502
TEST_05342,0.9244420528411865,0.0312642827630043
TEST_05343,0.02259393408894539,0.9959800243377686
TEST_05344,0.0013982719974592328,0.9999741315841675
TEST_05345,0.022803518921136856,0.9140388369560242
TEST_05346,0.0013170952443033457,0.9980248212814331
TEST_05347,0.0012902385788038373,0.9987444877624512
TEST_05348,0.042827922850847244,0.9264066219329834
TEST_05349,0.0015400442061945796,0.9996753931045532
TEST_05350,0.19509339332580566,0.6889955401420593
TEST_05351,0.08139437437057495,0.9969841837882996
TEST_05352,0.06299298256635666,0.9958189129829407
TEST_05353,0.028062455356121063,0.9771435260772705
TEST_05354,0.0011811339063569903,0.90301114320755
TEST_05355,0.015208675526082516,0.9397412538528442
TEST_05356,0.004298904445022345,0.9979097247123718
TEST_05357,0.008902043104171753,0.9998526573181152
TEST_05358,0.08160566538572311,0.38498663902282715
TEST_05359,0.03479652479290962,0.7477417588233948
TEST_05360,0.17365965247154236,0.9285292625427246
TEST_05361,0.015235730446875095,0.9239789247512817
TEST_05362,0.01249734777957201,0.9672293663024902
TEST_05363,0.8831303715705872,0.7308464050292969
TEST_05364,0.030630139634013176,0.9530118107795715
TEST_05365,0.0017110711196437478,0.9979752898216248
TEST_05366,0.0006542197661474347,0.9970600008964539
TEST_05367,0.7537835836410522,0.4392566382884979
TEST_05368,0.0017307748785242438,0.9895020127296448
TEST_05369,0.0005349982529878616,0.9983853101730347
TEST_05370,0.0007189935422502458,0.9992679953575134
TEST_05371,0.0013502576621249318,0.9999784231185913
TEST_05372,0.3172765076160431,0.8936352729797363
TEST_05373,0.0037682498805224895,0.968302309513092
TEST_05374,0.004088815301656723,0.9924726486206055
TEST_05375,0.2027892768383026,0.9841048121452332
TEST_05376,0.658656656742096,0.6216303110122681
TEST_05377,0.005276533775031567,0.9987659454345703
TEST_05378,0.861903727054596,0.8601080775260925
TEST_05379,0.028447085991501808,0.9925268888473511
TEST_05380,0.02346956916153431,0.940224289894104
TEST_05381,0.007547791115939617,0.9874829053878784
TEST_05382,0.06880511343479156,0.9385993480682373
TEST_05383,0.0010490332497283816,0.9981698989868164
TEST_05384,0.01553824171423912,0.9998014569282532
TEST_05385,0.0017766215605661273,0.996101975440979
TEST_05386,0.0010252856882289052,0.9954311847686768
TEST_05387,0.6022629737854004,0.9616663455963135
TEST_05388,0.04118702560663223,0.9152095913887024
TEST_05389,0.008317539468407631,0.9729887843132019
TEST_05390,0.8975212574005127,0.007737156003713608
TEST_05391,0.024692384526133537,0.9992133378982544
TEST_05392,0.0027004953008145094,0.9928337335586548
TEST_05393,0.006863007787615061,0.9706365466117859
TEST_05394,0.00022592175810132176,0.9996472597122192
TEST_05395,0.0028988984413444996,0.9777323007583618
TEST_05396,0.01543065719306469,0.986828088760376
TEST_05397,0.15139342844486237,0.9795114994049072
TEST_05398,0.07158976793289185,0.9937268495559692
TEST_05399,0.23583032190799713,0.9676623940467834
TEST_05400,0.0026291683316230774,0.9977673292160034
TEST_05401,0.1308632344007492,0.8692553639411926
TEST_05402,0.07268919050693512,0.9275631904602051
TEST_05403,0.016344398260116577,0.9935418367385864
TEST_05404,0.06100912392139435,0.9905984997749329
TEST_05405,0.02279083989560604,0.9988144636154175
TEST_05406,0.009235215373337269,0.9444921612739563
TEST_05407,0.01421717181801796,0.43289321660995483
TEST_05408,0.0059542544186115265,0.9696515798568726
TEST_05409,0.0716780424118042,0.7834423780441284
TEST_05410,0.04478674754500389,0.9817189574241638
TEST_05411,0.04130413010716438,0.9390330910682678
TEST_05412,0.00012106163921998814,0.9876442551612854
TEST_05413,0.07066940516233444,0.9949632883071899
TEST_05414,0.02995673567056656,0.8993487358093262
TEST_05415,0.19567587971687317,0.9217390418052673
TEST_05416,0.8247945308685303,0.9643263220787048
TEST_05417,0.003031852189451456,0.9874468445777893
TEST_05418,0.0004552764294203371,0.9954677820205688
TEST_05419,0.00616017822176218,0.9428374767303467
TEST_05420,0.3091854751110077,0.8954068422317505
TEST_05421,0.013105565682053566,0.9767483472824097
TEST_05422,0.7083569169044495,0.03064609505236149
TEST_05423,0.053899191319942474,0.9920259118080139
TEST_05424,0.000515603693202138,0.9996509552001953
TEST_05425,0.2331264615058899,0.9556934833526611
TEST_05426,0.006766650825738907,0.9996111989021301
TEST_05427,0.04189532622694969,0.9227186441421509
TEST_05428,0.002481626346707344,0.9976162910461426
TEST_05429,0.026594921946525574,0.9787001013755798
TEST_05430,0.04132101684808731,0.9994868040084839
TEST_05431,0.004746485501527786,0.9990326166152954
TEST_05432,0.1337820440530777,0.9684496521949768
TEST_05433,0.014632251113653183,0.9893550872802734
TEST_05434,0.010816222988069057,0.9498865008354187
TEST_05435,0.0017826528055593371,0.9636527895927429
TEST_05436,0.04886062443256378,0.9803836941719055
TEST_05437,0.006878530606627464,0.9811692833900452
TEST_05438,0.006167019251734018,0.9764922261238098
TEST_05439,0.00938054732978344,0.9947628378868103
TEST_05440,0.037322331219911575,0.887088418006897
TEST_05441,0.014829308725893497,0.9962177872657776
TEST_05442,0.02302963100373745,0.9997747540473938
TEST_05443,0.9080629348754883,0.5379347801208496
TEST_05444,0.011924182064831257,0.9957549571990967
TEST_05445,0.966775119304657,0.5149472951889038
TEST_05446,0.037115901708602905,0.8872684836387634
TEST_05447,0.9983130693435669,0.0003331758198328316
TEST_05448,0.022459251806139946,0.9349812865257263
TEST_05449,0.00023680634330958128,0.999833345413208
TEST_05450,0.027709072455763817,0.9787882566452026
TEST_05451,0.0010413700947538018,0.9908846020698547
TEST_05452,0.0013427006779238582,0.9966354966163635
TEST_05453,0.07212119549512863,0.9508810639381409
TEST_05454,0.008684122003614902,0.9994403719902039
TEST_05455,0.054028090089559555,0.9307987689971924
TEST_05456,0.9271238446235657,0.31128445267677307
TEST_05457,0.021171443164348602,0.9700036644935608
TEST_05458,0.02742614969611168,0.9969637989997864
TEST_05459,0.08525364845991135,0.9786059260368347
TEST_05460,0.20196083188056946,0.9888637065887451
TEST_05461,0.4106941223144531,0.9753071665763855
TEST_05462,0.00039029179606586695,0.9980802536010742
TEST_05463,0.0031066976953297853,0.9962371587753296
TEST_05464,0.00394896324723959,0.9964748024940491
TEST_05465,0.04514690488576889,0.9996001124382019
TEST_05466,0.057400546967983246,0.9538848996162415
TEST_05467,0.001656062202528119,0.9994263648986816
TEST_05468,0.331811785697937,0.9661163091659546
TEST_05469,0.017292581498622894,0.9239134192466736
TEST_05470,0.021006228402256966,0.993427038192749
TEST_05471,0.035575494170188904,0.8870993256568909
TEST_05472,0.026797527447342873,0.9270485043525696
TEST_05473,0.021708864718675613,0.975896954536438
TEST_05474,0.0050285328179597855,0.9905301928520203
TEST_05475,0.0023392040748149157,0.9996726512908936
TEST_05476,0.0007929255370981991,0.9999511241912842
TEST_05477,0.010023715905845165,0.9790205955505371
TEST_05478,0.01064216811209917,0.6833298206329346
TEST_05479,0.026264799758791924,0.9927785992622375
TEST_05480,0.44898900389671326,0.8368244767189026
TEST_05481,0.021222030743956566,0.9467263221740723
TEST_05482,0.011979262344539165,0.9840261936187744
TEST_05483,0.020202139392495155,0.95353764295578
TEST_05484,0.5836148262023926,0.7455125451087952
TEST_05485,0.004722829442471266,0.999932050704956
TEST_05486,0.011419673450291157,0.9871134757995605
TEST_05487,0.00041359750321134925,0.9999955892562866
TEST_05488,0.0010991451563313603,0.9999843835830688
TEST_05489,0.0004704809980466962,0.9983365535736084
TEST_05490,0.011126723140478134,0.9972890615463257
TEST_05491,0.019763659685850143,0.9939857125282288
TEST_05492,0.016483359038829803,0.9866507053375244
TEST_05493,0.03707567974925041,0.8778863549232483
TEST_05494,0.09335692971944809,0.9965798258781433
TEST_05495,0.006932506337761879,0.9908472299575806
TEST_05496,0.013258839026093483,0.9927570223808289
TEST_05497,0.10690820962190628,0.6808643341064453
TEST_05498,0.012567534111440182,0.9769036173820496
TEST_05499,0.02675393596291542,0.9948740601539612
TEST_05500,0.0006328587769530714,0.9976956248283386
TEST_05501,0.5084529519081116,0.9760623574256897
TEST_05502,0.0047879908233881,0.998784601688385
TEST_05503,0.0035018741618841887,0.9854958653450012
TEST_05504,0.018398310989141464,0.9981207251548767
TEST_05505,0.027410956099629402,0.9981780052185059
TEST_05506,0.0023629486095160246,0.9716060757637024
TEST_05507,0.00116578524466604,0.9983341097831726
TEST_05508,0.02672087587416172,0.999812662601471
TEST_05509,0.00010596324864309281,0.9996256828308105
TEST_05510,0.00456068804487586,0.9946854114532471
TEST_05511,0.0017042290419340134,0.992712140083313
TEST_05512,0.7159548997879028,0.9584354162216187
TEST_05513,0.007143847644329071,0.9997941851615906
TEST_05514,0.08153973519802094,0.9298153519630432
TEST_05515,0.007322328165173531,0.9959638118743896
TEST_05516,0.0043560778722167015,0.9965590834617615
TEST_05517,0.02980729378759861,0.9829831123352051
TEST_05518,0.01570609025657177,0.7656585574150085
TEST_05519,0.9948471784591675,0.03946272283792496
TEST_05520,0.999990701675415,2.499889706086833e-05
TEST_05521,0.01824166439473629,0.9937897324562073
TEST_05522,0.6068698763847351,0.8544901013374329
TEST_05523,0.490511953830719,0.9258342981338501
TEST_05524,0.003922244533896446,0.9589832425117493
TEST_05525,0.035907186567783356,0.9840397238731384
TEST_05526,0.009419002570211887,0.9977489113807678
TEST_05527,2.8136988476035185e-05,0.9998741149902344
TEST_05528,0.022289004176855087,0.9903040528297424
TEST_05529,0.9986194372177124,0.01417506393045187
TEST_05530,0.24567453563213348,0.8913338780403137
TEST_05531,0.006650886964052916,0.904931366443634
TEST_05532,0.0006653652526438236,0.9983609318733215
TEST_05533,0.9376727342605591,0.8866081237792969
TEST_05534,0.20322468876838684,0.8164767026901245
TEST_05535,0.00426659919321537,0.994366466999054
TEST_05536,0.007394892629235983,0.9983227849006653
TEST_05537,0.015187224373221397,0.9942061901092529
TEST_05538,0.00018099253065884113,0.9997628331184387
TEST_05539,0.0010216282680630684,0.9999796152114868
TEST_05540,0.033004242926836014,0.9814514517784119
TEST_05541,0.5405016541481018,0.39774778485298157
TEST_05542,0.012011746875941753,0.9617807865142822
TEST_05543,0.011379032395780087,0.9333467483520508
TEST_05544,0.029360411688685417,0.9905282258987427
TEST_05545,0.018923258408904076,0.12701024115085602
TEST_05546,0.05079188570380211,0.576636791229248
TEST_05547,0.014000453054904938,0.740118682384491
TEST_05548,0.30697232484817505,0.9894747734069824
TEST_05549,0.0016155251068994403,0.9995759129524231
TEST_05550,0.0540175661444664,0.9973189234733582
TEST_05551,0.9017200469970703,0.9075681567192078
TEST_05552,0.0013604919658973813,0.9868189096450806
TEST_05553,0.023414546623826027,0.9980949759483337
TEST_05554,0.030742572620511055,0.996640682220459
TEST_05555,0.9176903963088989,0.10482659935951233
TEST_05556,0.14690420031547546,0.9898744821548462
TEST_05557,0.005097589921206236,0.9975922703742981
TEST_05558,0.0031051801051944494,0.9867033958435059
TEST_05559,0.07201192528009415,0.403224378824234
TEST_05560,0.004391062539070845,0.9662821888923645
TEST_05561,0.0018106115749105811,0.9924110174179077
TEST_05562,0.006710623390972614,0.9982131719589233
TEST_05563,0.11686293035745621,0.7310529947280884
TEST_05564,0.000996161950752139,0.9979254007339478
TEST_05565,0.0029318679589778185,0.99998939037323
TEST_05566,0.17660965025424957,0.006522990297526121
TEST_05567,0.0003496030403766781,0.9987744688987732
TEST_05568,0.4829476773738861,0.798773467540741
TEST_05569,0.15351469814777374,0.4478023648262024
TEST_05570,0.0030845263972878456,0.9968193769454956
TEST_05571,0.013616844080388546,0.9756920337677002
TEST_05572,0.0008215036359615624,0.9865236878395081
TEST_05573,0.002713964320719242,0.9999442100524902
TEST_05574,0.018689287826418877,0.9792081713676453
TEST_05575,0.012536123394966125,0.9632523059844971
TEST_05576,0.005007608328014612,0.9991451501846313
TEST_05577,0.1924104243516922,0.9972091317176819
TEST_05578,0.015001432038843632,0.9931198358535767
TEST_05579,0.0060622813180089,0.9965193271636963
TEST_05580,0.007071927189826965,0.9924901127815247
TEST_05581,0.04770639166235924,0.905142605304718
TEST_05582,0.022673334926366806,0.9995861649513245
TEST_05583,0.007014851085841656,0.995525062084198
TEST_05584,0.005423081107437611,0.9986997842788696
TEST_05585,0.9924410581588745,0.42392340302467346
TEST_05586,0.0029148973990231752,0.9349744915962219
TEST_05587,0.03230602294206619,0.8642223477363586
TEST_05588,0.01972820796072483,0.9362183213233948
TEST_05589,0.008329052478075027,1.0
TEST_05590,0.02688160166144371,0.9815502166748047
TEST_05591,0.0010072571458294988,0.9926602244377136
TEST_05592,0.0058383578434586525,0.98811274766922
TEST_05593,0.05291348695755005,0.9960631728172302
TEST_05594,0.0040082805790007114,0.9963667392730713
TEST_05595,0.17266111075878143,0.9002422094345093
TEST_05596,0.012401673011481762,0.8199198842048645
TEST_05597,0.012929371558129787,0.9938090443611145
TEST_05598,0.047521330416202545,0.7954140305519104
TEST_05599,0.011172072030603886,0.880641520023346
TEST_05600,0.029954707249999046,0.9975530505180359
TEST_05601,0.005770755931735039,0.9840128421783447
TEST_05602,0.013880835846066475,0.9982432126998901
TEST_05603,0.3319520950317383,0.6848940253257751
TEST_05604,0.02989433892071247,0.9675756692886353
TEST_05605,0.048658400774002075,0.9830397963523865
TEST_05606,0.5675886869430542,0.48083919286727905
TEST_05607,0.005307951010763645,0.7989895939826965
TEST_05608,0.011363283731043339,0.9989209175109863
TEST_05609,0.02970873937010765,0.9326814413070679
TEST_05610,0.00818505696952343,0.9341386556625366
TEST_05611,0.07384047657251358,0.8703771829605103
TEST_05612,0.9753967523574829,0.08120722323656082
TEST_05613,0.0018217095639556646,0.9797756671905518
TEST_05614,0.03212781623005867,0.9286233186721802
TEST_05615,0.9871730804443359,0.11210229992866516
TEST_05616,0.004359108861535788,0.9319618344306946
TEST_05617,0.00699637783691287,0.9977144002914429
TEST_05618,0.006734178401529789,0.9799045324325562
TEST_05619,0.034523770213127136,0.8601750135421753
TEST_05620,0.004922363441437483,0.9970882534980774
TEST_05621,9.861554281087592e-05,0.9992778897285461
TEST_05622,0.470132976770401,0.9979350566864014
TEST_05623,0.0034726373851299286,0.9970663189888
TEST_05624,0.0024514172691851854,0.9752482771873474
TEST_05625,0.0035904927644878626,0.9940021634101868
TEST_05626,0.006181651260703802,0.9867091178894043
TEST_05627,0.0021236713510006666,0.9498017430305481
TEST_05628,0.07442275434732437,0.931747317314148
TEST_05629,0.12085576355457306,0.9779354333877563
TEST_05630,0.02856474369764328,0.9826272130012512
TEST_05631,0.04734228178858757,0.9582418203353882
TEST_05632,0.5128403902053833,0.9926608800888062
TEST_05633,0.0007343709585256875,0.9875043034553528
TEST_05634,0.0042232912965118885,0.996023416519165
TEST_05635,0.15007466077804565,0.9960852861404419
TEST_05636,0.013691363856196404,0.9923632144927979
TEST_05637,0.011130878701806068,0.8885909914970398
TEST_05638,0.9447460770606995,0.012521987780928612
TEST_05639,0.013286602683365345,0.983246386051178
TEST_05640,0.08070722967386246,0.24091382324695587
TEST_05641,0.02536020800471306,0.772313117980957
TEST_05642,0.0023929362650960684,0.9991493225097656
TEST_05643,0.0004776398418471217,0.9994637370109558
TEST_05644,0.15613874793052673,0.9637923836708069
TEST_05645,0.0015954183181747794,0.9991808533668518
TEST_05646,0.0018459231359884143,0.9994643330574036
TEST_05647,0.006672549061477184,0.9985089898109436
TEST_05648,0.022804049775004387,0.9886143207550049
TEST_05649,0.0051766447722911835,0.9984889030456543
TEST_05650,0.06544353067874908,0.8871015310287476
TEST_05651,0.01447356678545475,0.9928941130638123
TEST_05652,0.42406439781188965,0.9531280994415283
TEST_05653,0.018685810267925262,0.9939415454864502
TEST_05654,0.9686318039894104,0.0013868361711502075
TEST_05655,0.9888010025024414,0.6830157041549683
TEST_05656,0.10724280029535294,0.9694868326187134
TEST_05657,0.0034890349488705397,0.9829150438308716
TEST_05658,0.06771278381347656,0.9829288721084595
TEST_05659,0.04882797226309776,0.9893397688865662
TEST_05660,0.008981077931821346,0.9488442540168762
TEST_05661,0.003530886024236679,0.9577455520629883
TEST_05662,0.00024386959557887167,0.9897963404655457
TEST_05663,0.02753438800573349,0.9398027658462524
TEST_05664,0.000581245927605778,0.9998095631599426
TEST_05665,0.0017252168618142605,0.9842374920845032
TEST_05666,0.003635833039879799,0.9972589015960693
TEST_05667,0.003312865272164345,0.9958541393280029
TEST_05668,0.9005576372146606,0.8879303336143494
TEST_05669,0.03379000350832939,0.9839411377906799
TEST_05670,0.04300855100154877,0.9799544215202332
TEST_05671,0.007322099059820175,0.9994763731956482
TEST_05672,0.5758527517318726,0.9919746518135071
TEST_05673,0.010810505598783493,0.9738004207611084
TEST_05674,0.8517360687255859,0.8427693843841553
TEST_05675,0.0003310576139483601,0.9960775971412659
TEST_05676,0.0007082201191224158,0.9994503855705261
TEST_05677,0.11708402633666992,0.9898836016654968
TEST_05678,0.006648459006100893,0.9999998807907104
TEST_05679,0.02512546256184578,0.9783045053482056
TEST_05680,0.13090482354164124,0.8413248658180237
TEST_05681,0.052544206380844116,0.9618874788284302
TEST_05682,0.7096123695373535,0.8829042911529541
TEST_05683,0.012194029055535793,0.9984709620475769
TEST_05684,0.13871188461780548,0.983941376209259
TEST_05685,0.0010551492450758815,0.9976094961166382
TEST_05686,0.010579494759440422,0.9730158448219299
TEST_05687,0.015521780587732792,0.9836217761039734
TEST_05688,0.014784281142055988,0.9826032519340515
TEST_05689,0.582423985004425,0.9886766672134399
TEST_05690,0.005456031300127506,0.9727382659912109
TEST_05691,0.007895169779658318,0.9963539838790894
TEST_05692,0.8388618230819702,0.7285733819007874
TEST_05693,0.014362765476107597,0.9894028902053833
TEST_05694,0.07814954966306686,0.9931697845458984
TEST_05695,0.0005221833125688136,0.9999489784240723
TEST_05696,0.0006786220474168658,0.9975752234458923
TEST_05697,0.008594614453613758,0.9496825933456421
TEST_05698,0.23550763726234436,0.9021002054214478
TEST_05699,0.0018705363618209958,0.9999505281448364
TEST_05700,0.0042371805757284164,0.9348138570785522
TEST_05701,0.08573918044567108,0.2047392576932907
TEST_05702,0.011054745875298977,0.9648085236549377
TEST_05703,0.002454923465847969,0.9833436608314514
TEST_05704,0.037008292973041534,0.9629498720169067
TEST_05705,0.032318029552698135,0.9655802845954895
TEST_05706,0.003877547336742282,0.9999610185623169
TEST_05707,0.04220154881477356,0.8925459980964661
TEST_05708,0.02978982962667942,0.998683512210846
TEST_05709,0.01712745614349842,0.9943315982818604
TEST_05710,2.9547116355388425e-05,0.999994158744812
TEST_05711,0.0029527798760682344,0.9663529992103577
TEST_05712,0.005791354924440384,0.9864389896392822
TEST_05713,5.582181256613694e-05,0.9999028444290161
TEST_05714,0.8737912178039551,0.8624613881111145
TEST_05715,0.29966309666633606,0.05325222387909889
TEST_05716,0.006032303906977177,0.9893368482589722
TEST_05717,0.003049894468858838,0.9999605417251587
TEST_05718,0.0841757208108902,0.9294905662536621
TEST_05719,0.003935379441827536,0.9953800439834595
TEST_05720,0.1160096526145935,0.9897729754447937
TEST_05721,0.0043437303975224495,0.987779974937439
TEST_05722,0.004050221294164658,0.9997221827507019
TEST_05723,0.01462141890078783,0.9329079985618591
TEST_05724,0.07406171411275864,0.9211175441741943
TEST_05725,0.00640860153362155,0.9928481578826904
TEST_05726,0.04784397780895233,0.9601867198944092
TEST_05727,0.0008575369720347226,0.9955196380615234
TEST_05728,0.0666382908821106,0.9695950746536255
TEST_05729,0.03323899582028389,0.8863694071769714
TEST_05730,0.009275226853787899,0.9962350726127625
TEST_05731,0.03318185731768608,0.882745087146759
TEST_05732,0.004475533962249756,0.9986640214920044
TEST_05733,0.9968699812889099,0.0002617906720843166
TEST_05734,0.01659388653934002,0.9720279574394226
TEST_05735,0.00736979441717267,0.9914748668670654
TEST_05736,0.0039148032665252686,0.9860936403274536
TEST_05737,3.263709004386328e-05,0.9999547004699707
TEST_05738,0.02324557863175869,0.9548295140266418
TEST_05739,0.004438172560185194,0.9999421834945679
TEST_05740,0.23928575217723846,0.9589518904685974
TEST_05741,0.06365892291069031,0.9802888631820679
TEST_05742,0.02404159866273403,0.9635372161865234
TEST_05743,0.0027080196887254715,0.9990181922912598
TEST_05744,0.00042585452320054173,0.989413857460022
TEST_05745,0.006559502799063921,0.9995996356010437
TEST_05746,0.10841604322195053,0.8816871643066406
TEST_05747,0.9997310042381287,0.0017149567138403654
TEST_05748,0.01756429858505726,0.9912093877792358
TEST_05749,0.998272180557251,0.03275341913104057
TEST_05750,0.020817849785089493,0.9955717325210571
TEST_05751,0.01752643845975399,0.9623206853866577
TEST_05752,0.5684086680412292,0.9332114458084106
TEST_05753,0.038866303861141205,0.8878286480903625
TEST_05754,0.0048756347969174385,0.981101393699646
TEST_05755,0.13251881301403046,0.9900330901145935
TEST_05756,0.0032591423951089382,0.9892431497573853
TEST_05757,0.0034463871270418167,0.999553382396698
TEST_05758,0.2522215247154236,0.439580500125885
TEST_05759,0.008189075626432896,0.998594343662262
TEST_05760,0.02349110320210457,0.9054062366485596
TEST_05761,0.005391162354499102,0.9923123717308044
TEST_05762,0.0007785053458064795,0.9987444877624512
TEST_05763,0.0003341285337228328,0.9997716546058655
TEST_05764,0.04445629566907883,0.9999995231628418
TEST_05765,0.11481457203626633,0.9960063099861145
TEST_05766,0.035000238567590714,0.9913055300712585
TEST_05767,0.0012221361976116896,0.9998637437820435
TEST_05768,0.03532415255904198,0.9683180451393127
TEST_05769,1.0,2.8849413865827955e-05
TEST_05770,0.054342057555913925,0.9719788432121277
TEST_05771,0.0018483969615772367,0.994458794593811
TEST_05772,0.00384991941973567,0.9922823309898376
TEST_05773,0.0008659982704557478,0.9927092790603638
TEST_05774,0.02797047048807144,0.9055970311164856
TEST_05775,0.00022805329354014248,0.9997227787971497
TEST_05776,0.06081678345799446,0.0432993620634079
TEST_05777,0.028989795595407486,0.9950306415557861
TEST_05778,0.03068479336798191,0.9863861799240112
TEST_05779,0.11408734321594238,0.8567073941230774
TEST_05780,0.001446737558580935,0.9955844283103943
TEST_05781,0.013039715588092804,0.9917787909507751
TEST_05782,0.03145337104797363,0.8834988474845886
TEST_05783,0.004988204222172499,0.9932132959365845
TEST_05784,0.0010374917183071375,0.8522850275039673
TEST_05785,0.0009588315733708441,0.998832643032074
TEST_05786,0.004540584050118923,0.9797367453575134
TEST_05787,0.25244835019111633,0.9311688542366028
TEST_05788,0.01420596893876791,0.9928343296051025
TEST_05789,0.003735753707587719,0.9806116223335266
TEST_05790,0.05280443653464317,0.6058035492897034
TEST_05791,0.0032449993304908276,0.9979953765869141
TEST_05792,0.024461235851049423,0.996529757976532
TEST_05793,0.116914764046669,0.7537627816200256
TEST_05794,0.2035667896270752,0.5964139699935913
TEST_05795,0.04656869173049927,0.8735385537147522
TEST_05796,0.01241766195744276,0.9984825253486633
TEST_05797,0.00019843436894007027,0.9884724020957947
TEST_05798,0.003127823583781719,0.9750070571899414
TEST_05799,0.0016978314379230142,0.9997559189796448
TEST_05800,0.0008208572980947793,0.9965566396713257
TEST_05801,0.02289118804037571,0.7224512100219727
TEST_05802,0.015752680599689484,0.9935895204544067
TEST_05803,0.0023645362816751003,0.9974678754806519
TEST_05804,0.18372121453285217,0.9821696877479553
TEST_05805,0.6226029396057129,0.07347510755062103
TEST_05806,0.060689326375722885,0.9656570553779602
TEST_05807,0.0262774471193552,0.9988834261894226
TEST_05808,0.0498289130628109,0.9986200332641602
TEST_05809,0.018064020201563835,0.9620118737220764
TEST_05810,0.007818987593054771,0.9253684878349304
TEST_05811,0.05642513185739517,0.9406012296676636
TEST_05812,0.9019850492477417,0.6612994074821472
TEST_05813,0.9027788043022156,0.07618022710084915
TEST_05814,0.2403547316789627,0.7775697112083435
TEST_05815,0.009661553427577019,0.9578686952590942
TEST_05816,0.1486358642578125,0.18682648241519928
TEST_05817,0.29111355543136597,0.9665858149528503
TEST_05818,0.01407616212964058,0.9890854954719543
TEST_05819,0.0021987382788211107,0.9996545314788818
TEST_05820,0.0054436903446912766,0.9824432134628296
TEST_05821,0.3824540972709656,0.8046213388442993
TEST_05822,0.02156473882496357,0.9640815854072571
TEST_05823,0.0017106664599850774,0.9987938404083252
TEST_05824,0.006729886867105961,0.9838162660598755
TEST_05825,0.00046303682029247284,0.9999126195907593
TEST_05826,0.002309222472831607,0.9715827107429504
TEST_05827,0.5116887092590332,0.8817644715309143
TEST_05828,0.0013414307031780481,0.9412722587585449
TEST_05829,0.005943776108324528,0.9970842003822327
TEST_05830,0.832551896572113,0.8614246845245361
TEST_05831,0.031445715576410294,0.8689243793487549
TEST_05832,0.036541227251291275,0.9398530125617981
TEST_05833,0.006223790347576141,0.983295738697052
TEST_05834,0.008853624574840069,0.9925353527069092
TEST_05835,0.024762023240327835,0.9789395332336426
TEST_05836,0.07069101184606552,0.9981739521026611
TEST_05837,0.8919272422790527,0.8021024465560913
TEST_05838,0.012544606812298298,0.9906684756278992
TEST_05839,9.226200927514583e-05,0.9998676776885986
TEST_05840,0.013997720554471016,0.9718072414398193
TEST_05841,0.02425769343972206,0.9561376571655273
TEST_05842,0.003729522693902254,0.986227810382843
TEST_05843,0.9663002490997314,0.10447651147842407
TEST_05844,0.0011922778794541955,0.9997444748878479
TEST_05845,0.015000340528786182,0.9955263733863831
TEST_05846,0.06094873324036598,0.925908088684082
TEST_05847,0.024260465055704117,0.8195777535438538
TEST_05848,0.0018409567419439554,0.9967548251152039
TEST_05849,0.5565491914749146,0.884242057800293
TEST_05850,0.001587376929819584,0.9972714781761169
TEST_05851,0.008693165145814419,0.9898067116737366
TEST_05852,0.015315110795199871,0.9655002355575562
TEST_05853,0.06869366765022278,0.9584529399871826
TEST_05854,0.003899087430909276,0.9987537860870361
TEST_05855,0.0075325616635382175,0.9958224296569824
TEST_05856,0.5752968788146973,0.7962895631790161
TEST_05857,0.03382176160812378,0.9954615235328674
TEST_05858,0.8952866196632385,0.1269884556531906
TEST_05859,0.01824849285185337,0.9914969801902771
TEST_05860,0.11537735909223557,0.7783629298210144
TEST_05861,0.015631839632987976,0.9830487966537476
TEST_05862,0.008592099882662296,0.9368214011192322
TEST_05863,0.0030860397964715958,0.9841752648353577
TEST_05864,0.0018277316121384501,0.9975963234901428
TEST_05865,0.0034287157468497753,0.9838597774505615
TEST_05866,0.01196321751922369,0.977545440196991
TEST_05867,0.032401539385318756,0.9627795815467834
TEST_05868,0.005961105693131685,0.7135617136955261
TEST_05869,0.2613895833492279,0.8611273765563965
TEST_05870,0.6217416524887085,0.09006685018539429
TEST_05871,0.004138027783483267,0.999206006526947
TEST_05872,0.004698456730693579,0.9996293783187866
TEST_05873,0.008466508239507675,0.9931885004043579
TEST_05874,0.002120468532666564,0.9985913634300232
TEST_05875,0.01272476278245449,0.9932250380516052
TEST_05876,0.009732716716825962,0.976111114025116
TEST_05877,0.009072425775229931,0.9702476859092712
TEST_05878,0.1647316813468933,0.9807524085044861
TEST_05879,0.08664217591285706,0.9003198742866516
TEST_05880,0.06382448971271515,0.958685576915741
TEST_05881,0.023751508444547653,0.974658727645874
TEST_05882,0.0016868734965100884,0.9989926218986511
TEST_05883,0.0026123891584575176,0.9997782111167908
TEST_05884,0.06759703159332275,0.9187795519828796
TEST_05885,0.061022642999887466,0.9261216521263123
TEST_05886,0.0072305151261389256,0.954501748085022
TEST_05887,0.038548532873392105,0.9974060654640198
TEST_05888,0.008617555722594261,0.9797470569610596
TEST_05889,0.011038362048566341,0.9916211366653442
TEST_05890,0.041607677936553955,0.9956153631210327
TEST_05891,0.9445628523826599,0.018002724274992943
TEST_05892,0.05005684494972229,0.8362211585044861
TEST_05893,0.007043012417852879,0.9515672922134399
TEST_05894,0.8234291672706604,0.7329558730125427
TEST_05895,0.02484659105539322,0.9564757347106934
TEST_05896,0.0052006128244102,0.9280501008033752
TEST_05897,0.05293026193976402,0.9982428550720215
TEST_05898,0.009340492077171803,0.9975691437721252
TEST_05899,0.6782757043838501,0.7530307769775391
TEST_05900,0.01800406537950039,0.9560161828994751
TEST_05901,0.37703797221183777,0.9042543172836304
TEST_05902,0.1393701434135437,0.6837738156318665
TEST_05903,0.13696156442165375,0.9860000014305115
TEST_05904,0.0016946556279435754,0.9636548757553101
TEST_05905,0.022087521851062775,0.9657050967216492
TEST_05906,0.8288955092430115,0.9571166634559631
TEST_05907,0.639706015586853,0.5528315305709839
TEST_05908,0.026207931339740753,0.9895500540733337
TEST_05909,0.01022491417825222,0.9912035465240479
TEST_05910,0.019869588315486908,0.9994794726371765
TEST_05911,0.3113323450088501,0.9988479614257812
TEST_05912,0.0016932161524891853,0.9954314231872559
TEST_05913,0.00041194172808900476,0.9991990923881531
TEST_05914,0.021172070875763893,0.9031857848167419
TEST_05915,0.1310441941022873,0.8705282807350159
TEST_05916,0.007253446616232395,0.9940716624259949
TEST_05917,0.003336686408147216,0.99186772108078
TEST_05918,0.05622159317135811,0.6193707585334778
TEST_05919,0.012036898173391819,0.9628553986549377
TEST_05920,0.0037003096658736467,0.9936105608940125
TEST_05921,0.015463974326848984,0.8899508118629456
TEST_05922,0.017531851306557655,0.9975868463516235
TEST_05923,0.0038748662918806076,0.9985802173614502
TEST_05924,0.02859542705118656,0.9932190775871277
TEST_05925,0.0014976940583437681,0.9892695546150208
TEST_05926,0.008352337405085564,0.9969527721405029
TEST_05927,0.10411489754915237,0.876735508441925
TEST_05928,0.021058062091469765,0.9850790500640869
TEST_05929,0.009537703357636929,0.997767448425293
TEST_05930,0.0005422226968221366,0.99433833360672
TEST_05931,0.19384674727916718,0.9669889807701111
TEST_05932,0.014327296987175941,0.8642394542694092
TEST_05933,0.006302799563854933,0.9557127356529236
TEST_05934,0.010705260559916496,0.9821391701698303
TEST_05935,0.5992310643196106,0.7730118036270142
TEST_05936,0.05689125880599022,0.6669424772262573
TEST_05937,0.034296996891498566,0.9457370042800903
TEST_05938,0.041976530104875565,0.9938141107559204
TEST_05939,0.09799568355083466,0.9810066819190979
TEST_05940,0.0001246294705197215,0.9999951124191284
TEST_05941,0.9571024775505066,0.6117737293243408
TEST_05942,0.03530430048704147,0.9074794054031372
TEST_05943,0.42116212844848633,0.8656720519065857
TEST_05944,0.9263359904289246,0.9332946538925171
TEST_05945,0.00302269053645432,0.9969592094421387
TEST_05946,0.012051377445459366,0.9871927499771118
TEST_05947,0.007143745664507151,0.3731837868690491
TEST_05948,0.04872402548789978,0.7376824617385864
TEST_05949,0.006830974481999874,0.9963680505752563
TEST_05950,0.04781532287597656,0.9681379199028015
TEST_05951,0.01977374590933323,0.9880399107933044
TEST_05952,0.0010389996459707618,0.9962798953056335
TEST_05953,0.001889366889372468,0.990835428237915
TEST_05954,0.998083233833313,0.00012774992501363158
TEST_05955,0.11927875876426697,0.8776357173919678
TEST_05956,0.0016089375130832195,0.9967659711837769
TEST_05957,0.8863558173179626,0.8866006135940552
TEST_05958,0.1276732236146927,0.7784001231193542
TEST_05959,0.07262405008077621,0.8861550092697144
TEST_05960,0.010473182424902916,0.9969782829284668
TEST_05961,0.03848789259791374,0.97514408826828
TEST_05962,0.042481325566768646,0.7643243670463562
TEST_05963,0.0019666736479848623,0.9870867729187012
TEST_05964,0.61213219165802,0.997520387172699
TEST_05965,0.011992057785391808,0.9961181879043579
TEST_05966,0.0019251902122050524,0.9998766183853149
TEST_05967,0.017203252762556076,0.9439224600791931
TEST_05968,0.6221758723258972,0.763606071472168
TEST_05969,0.07074284553527832,0.9980695843696594
TEST_05970,0.027989553287625313,0.9024767279624939
TEST_05971,0.011256224475800991,0.9720168113708496
TEST_05972,0.1804797202348709,0.8264027833938599
TEST_05973,0.05439349263906479,0.8236284255981445
TEST_05974,0.004013412166386843,0.9965394735336304
TEST_05975,0.6026212573051453,0.8669021129608154
TEST_05976,0.05120299011468887,0.8396286964416504
TEST_05977,0.0016124341636896133,0.9981216788291931
TEST_05978,0.01079675741493702,0.9942017197608948
TEST_05979,0.0031532030552625656,0.9901843070983887
TEST_05980,0.0010140076046809554,0.9957152009010315
TEST_05981,0.01416942197829485,0.9958469271659851
TEST_05982,0.08700095117092133,0.9832626581192017
TEST_05983,0.0005544965388253331,0.9974074959754944
TEST_05984,0.23518696427345276,0.9973020553588867
TEST_05985,0.002661988604813814,0.9056971073150635
TEST_05986,0.002618161728605628,0.9565157890319824
TEST_05987,0.6832976341247559,0.993751585483551
TEST_05988,0.011478650383651257,0.9928758144378662
TEST_05989,0.005213555414229631,0.9495219588279724
TEST_05990,0.01789313741028309,0.9991492033004761
TEST_05991,0.0014868454309180379,0.9970030188560486
TEST_05992,0.009445970878005028,0.9842795133590698
TEST_05993,0.9831015467643738,0.20728245377540588
TEST_05994,0.002359991893172264,0.9995251893997192
TEST_05995,0.012508249841630459,0.9590871930122375
TEST_05996,0.004754593130201101,0.9967560172080994
TEST_05997,0.015098381787538528,0.9916683435440063
TEST_05998,0.0010629345197230577,0.9995977282524109
TEST_05999,0.0030424874275922775,0.9835034608840942
TEST_06000,0.024148164317011833,0.9880119562149048
TEST_06001,0.6284313201904297,0.0010817776201292872
TEST_06002,0.003297667019069195,0.9880086183547974
TEST_06003,0.0707772895693779,0.9951123595237732
TEST_06004,0.007596646901220083,0.9299128651618958
TEST_06005,0.6842586994171143,0.9490959048271179
TEST_06006,0.6703349947929382,0.9621096253395081
TEST_06007,0.002911766991019249,0.9790611863136292
TEST_06008,0.0018610450206324458,0.9973853230476379
TEST_06009,0.0036403618287295103,0.9957139492034912
TEST_06010,0.1284063756465912,0.8694704174995422
TEST_06011,0.004312027711421251,0.9588140845298767
TEST_06012,0.00967002846300602,0.9509252309799194
TEST_06013,0.00792293157428503,0.9915880560874939
TEST_06014,0.010740977711975574,0.9966230392456055
TEST_06015,0.7621104121208191,0.511216938495636
TEST_06016,0.04815099760890007,0.9875116348266602
TEST_06017,0.01505902037024498,0.9995747208595276
TEST_06018,0.11462846398353577,0.8500356078147888
TEST_06019,0.006410092581063509,0.9840602874755859
TEST_06020,0.008092325180768967,0.9891903400421143
TEST_06021,0.9519479274749756,0.6263793110847473
TEST_06022,0.375494122505188,0.9355869293212891
TEST_06023,0.0019716329406946898,0.9970178604125977
TEST_06024,0.0023833434097468853,0.9976097345352173
TEST_06025,0.014947507530450821,0.9050800800323486
TEST_06026,0.5774248242378235,0.8733593821525574
TEST_06027,0.0004727388150058687,0.9998507499694824
TEST_06028,0.014320774003863335,0.9380174875259399
TEST_06029,0.057321447879076004,0.9873451590538025
TEST_06030,0.0031150795985013247,0.9931352138519287
TEST_06031,0.02573002502322197,0.9927064776420593
TEST_06032,0.0018983912887051702,0.9405010342597961
TEST_06033,0.0005463204579427838,0.9997983574867249
TEST_06034,0.005501989740878344,0.96136474609375
TEST_06035,0.009218890219926834,0.9983092546463013
TEST_06036,0.010164652951061726,0.9855861067771912
TEST_06037,0.021336443722248077,0.8880259990692139
TEST_06038,0.08490794897079468,0.9348439574241638
TEST_06039,0.012128107249736786,0.9317899942398071
TEST_06040,0.013279703445732594,0.9993413090705872
TEST_06041,0.3106435239315033,0.7056616544723511
TEST_06042,0.16206561028957367,0.9917307496070862
TEST_06043,0.003242333885282278,0.9928633570671082
TEST_06044,0.06742605566978455,0.9991925358772278
TEST_06045,0.003203794127330184,0.9994743466377258
TEST_06046,0.024485131725668907,0.9656211733818054
TEST_06047,0.040686409920454025,0.9893726706504822
TEST_06048,0.15615049004554749,0.9364444017410278
TEST_06049,0.4361790716648102,0.6429111957550049
TEST_06050,0.019731145352125168,0.9851621985435486
TEST_06051,0.028727998957037926,0.9497893452644348
TEST_06052,0.05699920654296875,0.9659134745597839
TEST_06053,0.00645780935883522,0.9982404708862305
TEST_06054,0.014874628745019436,0.9979034662246704
TEST_06055,0.006683885585516691,0.994309663772583
TEST_06056,0.020574498921632767,0.9990496039390564
TEST_06057,0.06752969324588776,0.9706665277481079
TEST_06058,0.0005192793905735016,0.9983758926391602
TEST_06059,0.0012471760855987668,0.9999995231628418
TEST_06060,0.9432916641235352,0.6452988982200623
TEST_06061,0.009829878807067871,0.9929753541946411
TEST_06062,0.009150886908173561,0.9868146181106567
TEST_06063,0.0018545460188761353,0.9995469450950623
TEST_06064,0.09697069227695465,0.9546362161636353
TEST_06065,0.06570853292942047,0.986042857170105
TEST_06066,0.042042870074510574,0.9910964965820312
TEST_06067,0.13952893018722534,0.033826980739831924
TEST_06068,0.03567080944776535,0.9833768606185913
TEST_06069,0.05959494784474373,0.8814942836761475
TEST_06070,0.21655486524105072,0.8613540530204773
TEST_06071,0.6767699122428894,0.9011175632476807
TEST_06072,0.2047397345304489,0.9847334027290344
TEST_06073,0.659862220287323,0.8665204644203186
TEST_06074,0.026313988491892815,0.9863698482513428
TEST_06075,0.07773289084434509,0.7546146512031555
TEST_06076,0.00324076390825212,0.9854507446289062
TEST_06077,0.0004539866931736469,0.9992715716362
TEST_06078,0.0024171718396246433,0.9861103296279907
TEST_06079,0.004998663906008005,0.9917798638343811
TEST_06080,0.015545451082289219,0.9268227815628052
TEST_06081,0.022233938798308372,0.9941641688346863
TEST_06082,0.02169521152973175,0.9989688396453857
TEST_06083,0.048181816935539246,0.8473392724990845
TEST_06084,0.0034622205421328545,0.9939132332801819
TEST_06085,0.3853486478328705,0.13895918428897858
TEST_06086,0.20784343779087067,0.985772430896759
TEST_06087,0.2464028000831604,0.997489333152771
TEST_06088,0.004636413883417845,0.9865387678146362
TEST_06089,0.028932321816682816,0.6619126796722412
TEST_06090,0.2166355848312378,0.9076183438301086
TEST_06091,0.8117688298225403,0.6717270016670227
TEST_06092,0.016030162572860718,0.9454715251922607
TEST_06093,0.005477629601955414,0.9916281700134277
TEST_06094,0.021227804943919182,0.9924190044403076
TEST_06095,0.050098832696676254,0.9167933464050293
TEST_06096,0.0007421137997880578,0.9992063641548157
TEST_06097,0.04741993546485901,0.7387619614601135
TEST_06098,0.012437306344509125,0.995936393737793
TEST_06099,0.08469510078430176,0.8825531601905823
TEST_06100,0.00693004485219717,0.9922956228256226
TEST_06101,0.021889444440603256,0.9786410927772522
TEST_06102,0.002451343694701791,0.9929736852645874
TEST_06103,0.031060142442584038,0.9171989560127258
TEST_06104,0.017775828018784523,0.92918461561203
TEST_06105,0.0014295608270913363,0.9976770281791687
TEST_06106,0.015259946696460247,0.9956420660018921
TEST_06107,0.001817204407416284,0.9997053742408752
TEST_06108,0.3395918309688568,0.9659196138381958
TEST_06109,0.020532405003905296,0.8956335783004761
TEST_06110,0.001366236130706966,0.985802412033081
TEST_06111,0.9596630930900574,0.05660252273082733
TEST_06112,0.002250190358608961,0.9989892840385437
TEST_06113,0.0008665332570672035,0.9994319081306458
TEST_06114,0.008020107634365559,0.9902710914611816
TEST_06115,0.004049221519380808,0.9995915293693542
TEST_06116,0.5564193725585938,0.9174671769142151
TEST_06117,0.029891125857830048,0.982499361038208
TEST_06118,0.7799646258354187,0.8550640344619751
TEST_06119,0.0020017807837575674,0.9996976852416992
TEST_06120,0.0009080513846129179,0.9940641522407532
TEST_06121,0.7484752535820007,0.6917093992233276
TEST_06122,0.0395452082157135,0.9212785363197327
TEST_06123,0.01766597293317318,0.9939751029014587
TEST_06124,0.10286372900009155,0.9353277683258057
TEST_06125,0.9355140924453735,0.2715662121772766
TEST_06126,0.0013940007193014026,0.9981708526611328
TEST_06127,0.892058789730072,0.9363206624984741
TEST_06128,0.03383931517601013,0.92056804895401
TEST_06129,0.002983073005452752,0.9992364645004272
TEST_06130,0.19828665256500244,0.8708536028862
TEST_06131,0.004123504273593426,0.9610320925712585
TEST_06132,0.010955127887427807,0.890302836894989
TEST_06133,0.20238527655601501,0.6986061930656433
TEST_06134,0.002502645133063197,0.996792733669281
TEST_06135,0.09361830353736877,0.9765251874923706
TEST_06136,0.092241071164608,0.8586081862449646
TEST_06137,0.002169454237446189,0.9806610345840454
TEST_06138,0.9996809959411621,3.8798683817731217e-05
TEST_06139,0.009141635149717331,0.9991865754127502
TEST_06140,0.00010262354771839455,0.9999678134918213
TEST_06141,0.004821459762752056,0.8955919146537781
TEST_06142,0.9889417290687561,0.054192859679460526
TEST_06143,0.009791534394025803,0.9281614422798157
TEST_06144,0.03138243034482002,0.9015247225761414
TEST_06145,0.030637254938483238,0.5385993123054504
TEST_06146,0.014971362426877022,0.9793788194656372
TEST_06147,0.029152166098356247,0.9191375374794006
TEST_06148,0.0013422295451164246,0.9997871518135071
TEST_06149,0.00494394451379776,0.9977807402610779
TEST_06150,0.0032444719690829515,0.9940395355224609
TEST_06151,0.0016198386438190937,0.996425211429596
TEST_06152,0.17055724561214447,0.9492301344871521
TEST_06153,0.03644103184342384,0.9328939914703369
TEST_06154,0.0076307374984025955,0.9984332919120789
TEST_06155,0.14155003428459167,0.920534610748291
TEST_06156,0.0012718490324914455,0.9947836995124817
TEST_06157,0.023624055087566376,0.9910837411880493
TEST_06158,0.009752807207405567,0.9968562126159668
TEST_06159,0.08834609389305115,0.8732126355171204
TEST_06160,0.15479452908039093,0.9154238104820251
TEST_06161,0.006936348509043455,0.9891344308853149
TEST_06162,0.0027623826172202826,0.9832846522331238
TEST_06163,0.000813577848020941,0.9790951013565063
TEST_06164,0.026568518951535225,0.9679170250892639
TEST_06165,0.040942464023828506,0.8746925592422485
TEST_06166,0.048347607254981995,0.8869335651397705
TEST_06167,0.0005688973469659686,0.9984791874885559
TEST_06168,0.04365207254886627,0.8891553282737732
TEST_06169,0.002967578126117587,0.9985476136207581
TEST_06170,0.03127988427877426,0.9092121124267578
TEST_06171,0.0540737621486187,0.9850320816040039
TEST_06172,0.01239792350679636,0.9136319756507874
TEST_06173,0.004669096786528826,0.992402195930481
TEST_06174,0.29330718517303467,0.9973421692848206
TEST_06175,0.0003783714200835675,0.999195396900177
TEST_06176,0.07276294380426407,0.884290874004364
TEST_06177,0.07588017731904984,0.9997853636741638
TEST_06178,0.005138340871781111,0.9930745363235474
TEST_06179,0.008261289447546005,0.9999996423721313
TEST_06180,0.007496451027691364,0.989006757736206
TEST_06181,0.09142515063285828,0.8622785806655884
TEST_06182,0.00031154087628237903,0.9998263716697693
TEST_06183,0.02028428576886654,0.9998550415039062
TEST_06184,0.9986686706542969,0.0025741849094629288
TEST_06185,0.4124850630760193,0.9051581025123596
TEST_06186,0.12997154891490936,0.3454732298851013
TEST_06187,0.18896156549453735,0.6615843772888184
TEST_06188,0.09522858262062073,0.8685346245765686
TEST_06189,0.6442644596099854,0.7681492567062378
TEST_06190,0.003576120128855109,0.9998514652252197
TEST_06191,0.40792322158813477,0.9974338412284851
TEST_06192,0.2864318788051605,0.8470085859298706
TEST_06193,0.014596205204725266,0.999971866607666
TEST_06194,0.08880428224802017,0.992375910282135
TEST_06195,0.04718713462352753,0.9824426174163818
TEST_06196,0.8398529291152954,0.9631417989730835
TEST_06197,0.1668718457221985,0.8394989967346191
TEST_06198,0.006668375339359045,0.9997170567512512
TEST_06199,0.035465266555547714,0.9825103878974915
TEST_06200,0.09918627887964249,0.9381771683692932
TEST_06201,0.006384747568517923,0.9954249262809753
TEST_06202,0.02717134729027748,0.9613137245178223
TEST_06203,0.004409126937389374,0.8290340304374695
TEST_06204,0.558038055896759,0.9770451784133911
TEST_06205,0.016626879572868347,0.9984079003334045
TEST_06206,0.011126838624477386,0.9932234287261963
TEST_06207,0.09746292978525162,0.979568362236023
TEST_06208,0.03620869666337967,0.9633970260620117
TEST_06209,0.046082671731710434,0.9687545895576477
TEST_06210,7.547122322648647e-07,0.9999845027923584
TEST_06211,0.01285182498395443,0.9975658655166626
TEST_06212,0.9973560571670532,0.13401219248771667
TEST_06213,0.9746485352516174,0.09358258545398712
TEST_06214,0.002484905067831278,0.994187593460083
TEST_06215,0.010250154882669449,0.9955984354019165
TEST_06216,0.047949958592653275,0.9692736864089966
TEST_06217,0.007445947732776403,0.9996092915534973
TEST_06218,0.01602461375296116,0.9825758934020996
TEST_06219,0.01906290464103222,0.9947644472122192
TEST_06220,0.05330507084727287,0.8689589500427246
TEST_06221,0.00042643462074920535,0.9989787340164185
TEST_06222,0.06464982777833939,0.7182900309562683
TEST_06223,0.005240384954959154,0.9929700493812561
TEST_06224,0.011925596743822098,0.9167740345001221
TEST_06225,0.09979980438947678,0.942173182964325
TEST_06226,0.6707874536514282,0.10652096569538116
TEST_06227,0.2111683338880539,0.07905755192041397
TEST_06228,0.02578652650117874,0.9141749143600464
TEST_06229,0.005502989050000906,0.9995660185813904
TEST_06230,0.8385958075523376,0.1384570449590683
TEST_06231,0.0006038972642272711,0.9869931936264038
TEST_06232,0.015466363169252872,0.9444055557250977
TEST_06233,0.1399739384651184,0.9433791041374207
TEST_06234,0.9164496064186096,0.9544687271118164
TEST_06235,0.06150144338607788,0.9454202651977539
TEST_06236,0.8828856945037842,0.9371418952941895
TEST_06237,0.09041858464479446,0.9706469774246216
TEST_06238,0.006278003565967083,0.99846351146698
TEST_06239,0.033845797181129456,0.8947455286979675
TEST_06240,0.013954667374491692,0.9955272078514099
TEST_06241,6.55214098514989e-05,0.9999383687973022
TEST_06242,0.026083406060934067,0.9412290453910828
TEST_06243,0.05542514845728874,0.10122571140527725
TEST_06244,0.005399709101766348,0.9941569566726685
TEST_06245,0.305666446685791,0.6716336011886597
TEST_06246,0.009734008461236954,0.793764054775238
TEST_06247,0.004334729630500078,0.9987565279006958
TEST_06248,0.00817151553928852,0.9974842071533203
TEST_06249,0.003829430090263486,0.9997478127479553
TEST_06250,0.0008146961336024106,0.9992461204528809
TEST_06251,0.9999998807907104,1.268524556508055e-06
TEST_06252,0.00036243919748812914,0.9997815489768982
TEST_06253,0.011564350686967373,0.9997583031654358
TEST_06254,0.8667914867401123,0.8464683294296265
TEST_06255,0.00035820723860524595,0.9988566637039185
TEST_06256,0.00030845889705233276,0.9999998807907104
TEST_06257,0.002823466435074806,0.9943144917488098
TEST_06258,0.011738132685422897,0.9623148441314697
TEST_06259,0.019462088122963905,0.9929491281509399
TEST_06260,0.00027200544718652964,0.999326229095459
TEST_06261,0.00481057446449995,0.9803056716918945
TEST_06262,0.013779991306364536,0.9755048155784607
TEST_06263,0.015965083613991737,0.9748563766479492
TEST_06264,0.5878876447677612,0.9172989130020142
TEST_06265,0.007698636502027512,0.9945270419120789
TEST_06266,0.2411504089832306,0.9984815716743469
TEST_06267,0.0061460332944989204,0.9851228594779968
TEST_06268,0.05462579056620598,0.9418696165084839
TEST_06269,0.033359650522470474,0.9415712356567383
TEST_06270,0.0025749392807483673,0.999065101146698
TEST_06271,0.14645183086395264,0.8798143267631531
TEST_06272,0.6401736736297607,0.5051984190940857
TEST_06273,0.006367385853081942,0.9640251994132996
TEST_06274,0.4203580915927887,0.6529409289360046
TEST_06275,0.007739272899925709,0.9975336790084839
TEST_06276,0.0038711298257112503,0.995466947555542
TEST_06277,0.008439458906650543,0.8378884196281433
TEST_06278,0.04681744799017906,0.9842958450317383
TEST_06279,0.001334609929472208,0.9815032482147217
TEST_06280,0.00748085742816329,0.9806334376335144
TEST_06281,0.00789593905210495,0.9947399497032166
TEST_06282,0.15149836242198944,0.9847325682640076
TEST_06283,0.0106172701343894,0.7792192101478577
TEST_06284,0.013256879523396492,0.9948740601539612
TEST_06285,0.001690033939667046,0.9969258904457092
TEST_06286,0.997543215751648,0.546226441860199
TEST_06287,0.007554924581199884,0.9573155045509338
TEST_06288,0.0032482969108968973,0.9995212554931641
TEST_06289,0.029559213668107986,0.9026229977607727
TEST_06290,0.002578564453870058,0.828515350818634
TEST_06291,0.018996382132172585,0.9933820962905884
TEST_06292,0.01949099265038967,0.8960883021354675
TEST_06293,0.943251371383667,0.4782317578792572
TEST_06294,0.0698331817984581,0.7683752775192261
TEST_06295,0.009621717035770416,0.9924871921539307
TEST_06296,0.0013877029996365309,0.9994716048240662
TEST_06297,0.037270862609148026,0.8810216784477234
TEST_06298,0.10413427650928497,0.9979187846183777
TEST_06299,0.03027116321027279,0.9955387711524963
TEST_06300,0.022338835522532463,0.9954063892364502
TEST_06301,0.0812164768576622,0.9372028112411499
TEST_06302,0.010766238905489445,0.9963425993919373
TEST_06303,0.006125271320343018,0.9922709465026855
TEST_06304,0.012948433868587017,0.9968097805976868
TEST_06305,0.01481606438755989,0.9891425967216492
TEST_06306,0.0003902093740180135,0.9996241331100464
TEST_06307,0.016704531386494637,0.958733320236206
TEST_06308,0.06233733147382736,0.9982157945632935
TEST_06309,0.0023353835567831993,0.996269941329956
TEST_06310,0.0031169813591986895,0.994398295879364
TEST_06311,0.001187885645776987,0.9954073429107666
TEST_06312,0.3920964300632477,0.9984307885169983
TEST_06313,0.001329748542048037,0.9986240863800049
TEST_06314,0.03442353382706642,0.11298608779907227
TEST_06315,0.0003163373621646315,0.9998425245285034
TEST_06316,0.002353448886424303,0.8942367434501648
TEST_06317,0.0034318161197006702,0.9999932050704956
TEST_06318,0.03178161755204201,0.8742486238479614
TEST_06319,0.0005015943897888064,0.9895272254943848
TEST_06320,0.043081991374492645,0.8973307013511658
TEST_06321,0.0064476109109818935,0.9338586926460266
TEST_06322,0.027399614453315735,0.17650389671325684
TEST_06323,0.3329046666622162,0.9296554923057556
TEST_06324,0.011517162434756756,0.9650922417640686
TEST_06325,0.0449037030339241,0.9396044611930847
TEST_06326,0.04252356290817261,0.8934978246688843
TEST_06327,0.022698910906910896,0.9900152087211609
TEST_06328,0.001201028935611248,0.9987749457359314
TEST_06329,0.8234543204307556,0.9731206893920898
TEST_06330,0.000978816649876535,0.999555766582489
TEST_06331,0.0026218213606625795,0.9998857975006104
TEST_06332,0.055946946144104004,0.9959845542907715
TEST_06333,0.31256628036499023,0.9800865650177002
TEST_06334,0.004488684702664614,0.996056079864502
TEST_06335,0.008764253929257393,0.9529148936271667
TEST_06336,0.08215513825416565,0.9204397201538086
TEST_06337,0.0007214658544398844,0.9999698400497437
TEST_06338,0.1843448132276535,0.9868443012237549
TEST_06339,0.011102112010121346,0.9766720533370972
TEST_06340,0.006564146839082241,0.9989200830459595
TEST_06341,0.015556779690086842,0.9935897588729858
TEST_06342,0.9890941977500916,0.6467930674552917
TEST_06343,0.01627246104180813,0.9846588373184204
TEST_06344,0.0021515816915780306,0.9815300107002258
TEST_06345,0.00024536080309189856,0.9980352520942688
TEST_06346,0.0007287636399269104,0.9938418865203857
TEST_06347,0.399196982383728,0.6296223998069763
TEST_06348,0.37670135498046875,0.9691898822784424
TEST_06349,0.2765601575374603,0.8762872815132141
TEST_06350,0.8256980776786804,0.05240989476442337
TEST_06351,0.9531441926956177,0.8175545930862427
TEST_06352,0.008439435623586178,0.9973284006118774
TEST_06353,0.0009231270523741841,0.9956877827644348
TEST_06354,0.0009396609384566545,0.9994240999221802
TEST_06355,0.020050808787345886,0.8554911017417908
TEST_06356,0.04275095462799072,0.8733376264572144
TEST_06357,0.0021225479431450367,0.979573130607605
TEST_06358,0.013799602165818214,0.9851105213165283
TEST_06359,0.001525227096863091,0.9980613589286804
TEST_06360,0.00435324152931571,0.9994706511497498
TEST_06361,0.008338088169693947,0.9911971092224121
TEST_06362,0.43749910593032837,0.9912959337234497
TEST_06363,0.006530389655381441,0.9874355792999268
TEST_06364,0.005369075573980808,0.9877849817276001
TEST_06365,0.9947031140327454,0.1733407825231552
TEST_06366,0.0004667321627493948,0.9997249245643616
TEST_06367,0.07166323810815811,0.9818314909934998
TEST_06368,0.008389981463551521,0.9936823844909668
TEST_06369,0.9933671355247498,0.1826173961162567
TEST_06370,0.0101382527500391,0.9999914169311523
TEST_06371,0.25624263286590576,0.6943449974060059
TEST_06372,0.0008357701590284705,0.9973112344741821
TEST_06373,0.0005483169225044549,0.9302360415458679
TEST_06374,0.0010466495295986533,0.9997342228889465
TEST_06375,0.013496961444616318,0.9965072274208069
TEST_06376,0.27438288927078247,0.3773849904537201
TEST_06377,0.027614424005150795,0.9660218358039856
TEST_06378,0.27756667137145996,0.9726099371910095
TEST_06379,0.012170680798590183,0.990007758140564
TEST_06380,0.0014530509943142533,0.9974944591522217
TEST_06381,0.1931060552597046,0.8001716732978821
TEST_06382,0.0138688450679183,0.9896397590637207
TEST_06383,0.006285906303673983,0.9965173006057739
TEST_06384,0.005160462576895952,0.9975860118865967
TEST_06385,0.013215620070695877,0.9199152588844299
TEST_06386,0.010054633021354675,0.9203903675079346
TEST_06387,0.14838702976703644,0.9536495804786682
TEST_06388,0.9745123386383057,0.8269823789596558
TEST_06389,0.641596794128418,0.004690026398748159
TEST_06390,0.19323663413524628,0.9785192608833313
TEST_06391,0.025899726897478104,0.9986017346382141
TEST_06392,0.0004389206587802619,0.9880680441856384
TEST_06393,0.000184373784577474,0.9998483657836914
TEST_06394,0.001457847305573523,0.9858973026275635
TEST_06395,0.0211027804762125,0.9990575909614563
TEST_06396,0.0012126525398343801,0.9961632490158081
TEST_06397,0.002704109065234661,0.9980190992355347
TEST_06398,0.041119497269392014,0.9605955481529236
TEST_06399,0.005339546594768763,0.9812943935394287
TEST_06400,0.000607712659984827,0.9987296462059021
TEST_06401,0.01879054121673107,0.9469683170318604
TEST_06402,0.017128678038716316,0.9229047298431396
TEST_06403,0.047915078699588776,0.9604510068893433
TEST_06404,0.03601793199777603,0.9837126731872559
TEST_06405,0.0030624368228018284,0.9974653720855713
TEST_06406,0.00769405160099268,0.999509334564209
TEST_06407,0.033343877643346786,0.6872808337211609
TEST_06408,0.03878666087985039,0.9602908492088318
TEST_06409,0.008757748641073704,0.9945595860481262
TEST_06410,0.007775924634188414,0.9966527819633484
TEST_06411,0.03137390688061714,0.9563126564025879
TEST_06412,0.008574383333325386,0.9997475743293762
TEST_06413,0.022047463804483414,0.8084442019462585
TEST_06414,0.0003986280062235892,0.9994968175888062
TEST_06415,0.00019391634850762784,0.9955797791481018
TEST_06416,0.1504335254430771,0.9844017624855042
TEST_06417,0.001892884261906147,0.9965188503265381
TEST_06418,0.20946910977363586,0.8694703578948975
TEST_06419,0.004353377968072891,0.9986841082572937
TEST_06420,0.04235389828681946,0.9852530360221863
TEST_06421,0.04396563395857811,0.8885189890861511
TEST_06422,0.0024241541977971792,0.9996411800384521
TEST_06423,0.000896176032256335,0.9925514459609985
TEST_06424,0.017741791903972626,0.8507329225540161
TEST_06425,0.007417537737637758,0.9998340606689453
TEST_06426,0.018208010122179985,0.9795946478843689
TEST_06427,0.03814511001110077,0.9791833758354187
TEST_06428,0.008628644049167633,0.9966424703598022
TEST_06429,0.1592598706483841,0.9483901858329773
TEST_06430,0.023880135267972946,0.9972124695777893
TEST_06431,0.990478515625,0.4240304231643677
TEST_06432,0.6191824674606323,0.9270281195640564
TEST_06433,0.024241967126727104,0.4921153485774994
TEST_06434,0.041702207177877426,0.9616268873214722
TEST_06435,0.008839944377541542,0.9732505679130554
TEST_06436,0.000502267328556627,0.9999330043792725
TEST_06437,0.00022220016398932785,0.9993857145309448
TEST_06438,0.32557985186576843,0.31845614314079285
TEST_06439,0.0001245794555870816,0.9985145926475525
TEST_06440,0.058190904557704926,0.970476508140564
TEST_06441,0.0015182370552793145,0.984088659286499
TEST_06442,0.013721222057938576,0.2035141885280609
TEST_06443,0.028378762304782867,0.9975606203079224
TEST_06444,0.09381165355443954,0.9093506336212158
TEST_06445,0.029667843133211136,0.981981098651886
TEST_06446,0.2687213718891144,0.9599717855453491
TEST_06447,0.006461738608777523,0.9811214208602905
TEST_06448,0.45512655377388,0.9541745185852051
TEST_06449,0.8634495735168457,0.810748279094696
TEST_06450,0.0007663698634132743,0.9992104768753052
TEST_06451,0.008163314312696457,0.981255292892456
TEST_06452,0.05016419664025307,0.8593735098838806
TEST_06453,0.0003332126943860203,0.9974170923233032
TEST_06454,0.012364222668111324,0.9991707801818848
TEST_06455,0.05542977899312973,0.9984872341156006
TEST_06456,0.012266826815903187,0.9899759888648987
TEST_06457,0.0032430505380034447,0.9956570863723755
TEST_06458,0.08882495760917664,0.9332218766212463
TEST_06459,0.013463860377669334,0.9918129444122314
TEST_06460,0.0014199708821251988,0.9991463422775269
TEST_06461,0.013412918895483017,0.9947298765182495
TEST_06462,0.004632226191461086,0.8332836031913757
TEST_06463,0.002271197736263275,0.9967306852340698
TEST_06464,0.008100776933133602,0.9449601769447327
TEST_06465,0.0037499817553907633,0.9881563186645508
TEST_06466,0.00041730861994437873,0.9974384307861328
TEST_06467,0.9967625141143799,0.6170475482940674
TEST_06468,0.03194991871714592,0.5530479550361633
TEST_06469,0.8694614768028259,0.39813119173049927
TEST_06470,0.527161180973053,0.7433865070343018
TEST_06471,0.12889058887958527,0.9490578770637512
TEST_06472,0.014986643567681313,0.9928713440895081
TEST_06473,0.022974759340286255,0.9692276120185852
TEST_06474,0.0028826456982642412,0.9998835325241089
TEST_06475,0.011907833628356457,0.9965242743492126
TEST_06476,0.14403162896633148,0.8111289739608765
TEST_06477,0.03146105632185936,0.9957481026649475
TEST_06478,0.0011843742104247212,0.9850717782974243
TEST_06479,0.26599764823913574,0.7999915480613708
TEST_06480,0.014501282013952732,0.9966199398040771
TEST_06481,0.04200170561671257,0.8191004991531372
TEST_06482,0.02789749577641487,0.9371487498283386
TEST_06483,0.023466113954782486,0.9277735948562622
TEST_06484,0.21885456144809723,0.9000157713890076
TEST_06485,0.00681676110252738,0.9979591369628906
TEST_06486,0.0002202534960815683,0.9999570846557617
TEST_06487,0.002385946922004223,0.994806706905365
TEST_06488,0.019175412133336067,0.9455594420433044
TEST_06489,0.17293952405452728,0.9977008700370789
TEST_06490,0.010880809277296066,0.9329290390014648
TEST_06491,0.0007623193087056279,0.9984777569770813
TEST_06492,0.001698200823739171,0.9963325262069702
TEST_06493,0.009985578246414661,0.9627823233604431
TEST_06494,0.0035242403391748667,0.9992024302482605
TEST_06495,0.11452950537204742,0.7777881622314453
TEST_06496,0.006233234889805317,0.9961504936218262
TEST_06497,0.0033460352569818497,0.9290841817855835
TEST_06498,0.8032220005989075,0.4792681932449341
TEST_06499,0.03756573796272278,0.9773432016372681
TEST_06500,0.0010963007807731628,0.9944360256195068
TEST_06501,0.042278122156858444,0.9380751848220825
TEST_06502,0.020782072097063065,0.9771504402160645
TEST_06503,0.02584737166762352,0.9340491890907288
TEST_06504,0.0056275371462106705,0.9638327956199646
TEST_06505,0.002844356233254075,0.9946891069412231
TEST_06506,0.0014370783464983106,0.9994624257087708
TEST_06507,0.008773786947131157,0.9935504198074341
TEST_06508,0.005843073595315218,0.9998231530189514
TEST_06509,0.0015775730134919286,0.9943242073059082
TEST_06510,0.3212311565876007,0.8353264331817627
TEST_06511,0.009463020600378513,0.998589813709259
TEST_06512,0.0009233754826709628,0.9961052536964417
TEST_06513,0.7038453221321106,0.6767994165420532
TEST_06514,0.03314770758152008,0.9656833410263062
TEST_06515,0.005921958480030298,0.9931647181510925
TEST_06516,0.056626614183187485,0.9972987771034241
TEST_06517,0.10830824822187424,0.4622170031070709
TEST_06518,0.04667576029896736,0.9965540170669556
TEST_06519,0.0034122795332223177,0.9588797688484192
TEST_06520,0.004582906607538462,0.9504792094230652
TEST_06521,0.005494856275618076,0.9961304664611816
TEST_06522,0.023832278326153755,0.9675938487052917
TEST_06523,0.0009929442312568426,0.9932911396026611
TEST_06524,0.06801781058311462,0.6929227709770203
TEST_06525,0.00295093166641891,0.9997525811195374
TEST_06526,0.8915511965751648,0.9584211707115173
TEST_06527,0.48200738430023193,0.03634288161993027
TEST_06528,0.0065819378942251205,0.9948297142982483
TEST_06529,0.0073947664350271225,0.99703049659729
TEST_06530,0.011072797700762749,0.9995823502540588
TEST_06531,0.2653098404407501,0.7358110547065735
TEST_06532,0.020354557782411575,0.9801726937294006
TEST_06533,0.025107137858867645,0.9675874710083008
TEST_06534,0.0021638658363372087,0.9895851016044617
TEST_06535,0.014686007052659988,0.999093770980835
TEST_06536,0.02692093513906002,0.9522274732589722
TEST_06537,0.06547762453556061,0.9981356859207153
TEST_06538,0.525458037853241,0.7254248261451721
TEST_06539,0.0014035445638000965,0.9995536208152771
TEST_06540,0.010572738945484161,0.9510970115661621
TEST_06541,0.36255502700805664,0.9919506311416626
TEST_06542,0.03402725234627724,0.9595723152160645
TEST_06543,0.010555083863437176,0.9947291016578674
TEST_06544,0.08206484466791153,0.8908200860023499
TEST_06545,0.11088919639587402,0.9950245022773743
TEST_06546,0.007246016059070826,0.9448503255844116
TEST_06547,0.13988402485847473,0.958442747592926
TEST_06548,0.2870621085166931,0.9985283613204956
TEST_06549,0.020621301606297493,0.9661176204681396
TEST_06550,0.027203282341361046,0.9219666123390198
TEST_06551,0.2320193648338318,0.842763364315033
TEST_06552,0.002195360604673624,0.9998182654380798
TEST_06553,0.023030927404761314,0.9663674831390381
TEST_06554,0.07675471156835556,0.9565619230270386
TEST_06555,0.0053857676684856415,0.978772759437561
TEST_06556,0.0012973073171451688,0.9979156851768494
TEST_06557,0.00642281211912632,0.9999370574951172
TEST_06558,0.017889123409986496,0.98536217212677
TEST_06559,0.0008419215446338058,0.9994755387306213
TEST_06560,0.03788721188902855,0.9030688405036926
TEST_06561,0.6941042542457581,0.9900986552238464
TEST_06562,0.005631169769912958,0.9950923919677734
TEST_06563,0.0016764913452789187,0.961298942565918
TEST_06564,0.9971709847450256,0.0011966439196839929
TEST_06565,0.1277484893798828,0.9631691575050354
TEST_06566,0.25427117943763733,0.897718071937561
TEST_06567,0.445602685213089,0.5279216766357422
TEST_06568,0.003930989187210798,0.9983882904052734
TEST_06569,0.017233559861779213,0.9992246627807617
TEST_06570,0.004102687351405621,0.9967593550682068
TEST_06571,0.016488639637827873,0.8820453882217407
TEST_06572,0.029418567195534706,0.9983469247817993
TEST_06573,0.000541713903658092,0.9863805174827576
TEST_06574,0.010671252384781837,0.9988948702812195
TEST_06575,0.002213382162153721,0.996801495552063
TEST_06576,0.002981697442010045,0.9968951940536499
TEST_06577,0.004810693208128214,0.9980145692825317
TEST_06578,0.0023153850343078375,0.985676646232605
TEST_06579,0.04224294051527977,0.9194549918174744
TEST_06580,0.11533181369304657,0.9338933229446411
TEST_06581,0.014200152829289436,0.941448450088501
TEST_06582,0.00426099356263876,0.9838294386863708
TEST_06583,0.05185514688491821,0.9872915148735046
TEST_06584,0.005552175920456648,0.9935901165008545
TEST_06585,0.03506464138627052,0.9708605408668518
TEST_06586,0.03412318229675293,0.9974024891853333
TEST_06587,0.03387593477964401,0.9461686015129089
TEST_06588,0.002598251448944211,0.8751769661903381
TEST_06589,0.5512722134590149,0.8044880032539368
TEST_06590,0.00425803242251277,0.9974023103713989
TEST_06591,0.00038549210876226425,0.9990203380584717
TEST_06592,0.008746355772018433,0.9922683835029602
TEST_06593,0.08801191300153732,0.49535563588142395
TEST_06594,0.03848288953304291,0.9552410840988159
TEST_06595,0.002423298778012395,0.9993359446525574
TEST_06596,0.05224240571260452,0.8494778871536255
TEST_06597,0.016398269683122635,0.7674117684364319
TEST_06598,0.005106696393340826,0.9960695505142212
TEST_06599,0.001376971136778593,0.9998782873153687
TEST_06600,0.004236375913023949,0.9861878752708435
TEST_06601,0.17066028714179993,0.925189197063446
TEST_06602,0.0950167253613472,0.9951399564743042
TEST_06603,0.01027605403214693,0.9961666464805603
TEST_06604,1.1480648964834472e-07,0.9912227392196655
TEST_06605,0.048347391188144684,0.9370737075805664
TEST_06606,0.9997476935386658,4.007542156614363e-05
TEST_06607,0.6183685064315796,0.9671836495399475
TEST_06608,0.0018996258731931448,0.9956364035606384
TEST_06609,0.02082146145403385,0.9749353528022766
TEST_06610,0.011696817353367805,0.9708065390586853
TEST_06611,0.009169423021376133,0.9745398163795471
TEST_06612,0.023667730391025543,0.9988922476768494
TEST_06613,0.00873599760234356,0.844124436378479
TEST_06614,0.051767654716968536,0.8178805112838745
TEST_06615,0.0011834995821118355,0.9925729036331177
TEST_06616,0.002037345664575696,0.9677634835243225
TEST_06617,0.5518136620521545,0.976287841796875
TEST_06618,0.8586833477020264,0.012190256267786026
TEST_06619,0.12362227588891983,0.9825127124786377
TEST_06620,0.005902067292481661,0.9795997142791748
TEST_06621,0.03830680996179581,0.8337697386741638
TEST_06622,0.016868550330400467,0.9681219458580017
TEST_06623,0.14673596620559692,0.961168110370636
TEST_06624,0.8808010220527649,0.2967599034309387
TEST_06625,0.044689878821372986,0.8518540263175964
TEST_06626,0.10750050097703934,0.9412888288497925
TEST_06627,0.7599930763244629,0.6641536951065063
TEST_06628,0.0018342110561206937,1.0
TEST_06629,0.9931256771087646,0.6713113784790039
TEST_06630,0.010010854341089725,0.9909628033638
TEST_06631,0.2426110804080963,0.5912221670150757
TEST_06632,0.026375990360975266,0.9969479441642761
TEST_06633,0.026286857202649117,0.9943464398384094
TEST_06634,0.03042418509721756,0.9865259528160095
TEST_06635,0.0021376549266278744,0.9998279809951782
TEST_06636,0.011385923251509666,0.9749751091003418
TEST_06637,0.008145596832036972,0.9987014532089233
TEST_06638,0.0665561780333519,0.9797179698944092
TEST_06639,9.054602560354397e-05,0.9999330043792725
TEST_06640,0.04672858119010925,0.8265673518180847
TEST_06641,0.0016366310883313417,0.993259608745575
TEST_06642,8.094918302958831e-05,0.9992389678955078
TEST_06643,0.00016849908570293337,0.9992457628250122
TEST_06644,0.00018835622176993638,0.9998045563697815
TEST_06645,0.016650551930069923,0.9954360127449036
TEST_06646,0.9615024328231812,0.7426435351371765
TEST_06647,0.027103889733552933,0.9854552745819092
TEST_06648,0.012157226912677288,0.9720888733863831
TEST_06649,0.001813734183087945,0.9930402040481567
TEST_06650,0.04107755795121193,0.9468273520469666
TEST_06651,0.003174156416207552,0.9682546854019165
TEST_06652,0.002963579725474119,0.9975715279579163
TEST_06653,0.04287114366889,0.5527633428573608
TEST_06654,0.02695132978260517,0.9972039461135864
TEST_06655,0.0019679374527186155,0.9999902248382568
TEST_06656,0.0006113353301770985,0.9980130195617676
TEST_06657,0.03711562976241112,0.9766684174537659
TEST_06658,0.17162275314331055,0.9838700890541077
TEST_06659,0.02090562880039215,0.9823525547981262
TEST_06660,0.014533530920743942,0.9971336126327515
TEST_06661,0.0073034935630857944,0.9972652196884155
TEST_06662,0.03353868052363396,0.976677417755127
TEST_06663,0.018573308363556862,0.9267322421073914
TEST_06664,0.01939687877893448,0.9615801572799683
TEST_06665,0.02775643952190876,0.9711570739746094
TEST_06666,0.004323659464716911,0.9964293837547302
TEST_06667,0.36426153779029846,0.900802493095398
TEST_06668,0.9999300241470337,0.0009284605039283633
TEST_06669,0.0012414478696882725,0.9999077320098877
TEST_06670,0.1410255879163742,0.9415743947029114
TEST_06671,0.0013769579818472266,0.9999536275863647
TEST_06672,0.3700147867202759,0.9947562217712402
TEST_06673,0.0472247414290905,0.9956489205360413
TEST_06674,0.02317235805094242,0.9999550580978394
TEST_06675,0.0026904623955488205,0.9978377223014832
TEST_06676,0.1409757286310196,0.912408709526062
TEST_06677,0.029731813818216324,0.9719288349151611
TEST_06678,0.0309224184602499,0.9606716632843018
TEST_06679,0.06341968476772308,0.8847412467002869
TEST_06680,0.0003356063098181039,0.998357355594635
TEST_06681,8.138914563460276e-05,0.9965536594390869
TEST_06682,0.06455924361944199,0.8681543469429016
TEST_06683,0.02008086070418358,0.8415155410766602
TEST_06684,0.038503263145685196,0.7081629633903503
TEST_06685,0.02780272252857685,0.923560619354248
TEST_06686,0.0012914170511066914,0.9993736147880554
TEST_06687,0.0016440964536741376,0.9929344654083252
TEST_06688,0.0008081691339612007,0.999984860420227
TEST_06689,0.03472350537776947,0.9480644464492798
TEST_06690,0.0790962502360344,0.8469615578651428
TEST_06691,0.31277531385421753,0.1980466991662979
TEST_06692,0.011025418527424335,0.8653151392936707
TEST_06693,0.051414187997579575,0.9076447486877441
TEST_06694,0.022971654310822487,0.982136070728302
TEST_06695,0.9286574125289917,0.9848533868789673
TEST_06696,0.025274470448493958,0.9916777610778809
TEST_06697,0.001980177592486143,0.996157705783844
TEST_06698,0.07705201953649521,0.7952627539634705
TEST_06699,0.01355136651545763,0.9995947480201721
TEST_06700,0.03369303420186043,0.8399320244789124
TEST_06701,0.31081047654151917,0.562550961971283
TEST_06702,0.031112510710954666,0.9207035899162292
TEST_06703,0.05082478001713753,0.8004647493362427
TEST_06704,0.034594543278217316,0.9629528522491455
TEST_06705,0.04792835935950279,0.29756447672843933
TEST_06706,0.5598401427268982,0.06814821809530258
TEST_06707,0.0006294306949712336,0.9994527697563171
TEST_06708,0.019288981333374977,0.9775483012199402
TEST_06709,0.8056867122650146,0.8014255166053772
TEST_06710,0.0003957519365940243,0.9987980127334595
TEST_06711,0.014938011765480042,0.9919174313545227
TEST_06712,0.0038565960712730885,0.9637290239334106
TEST_06713,0.019931700080633163,0.6971347332000732
TEST_06714,0.0489121712744236,0.8285606503486633
TEST_06715,0.0010050429264083505,0.9998481273651123
TEST_06716,0.006020173896104097,0.9914713501930237
TEST_06717,0.016661126166582108,0.8881840705871582
TEST_06718,0.0015754152555018663,0.9964014291763306
TEST_06719,0.0026184730231761932,0.9976577758789062
TEST_06720,0.036269333213567734,0.9581783413887024
TEST_06721,0.8538154363632202,0.28727856278419495
TEST_06722,0.032571230083703995,0.889733612537384
TEST_06723,0.02821669541299343,0.9041763544082642
TEST_06724,0.03975003957748413,0.8930253982543945
TEST_06725,0.00879046879708767,0.9723740816116333
TEST_06726,0.006505274213850498,0.9957222938537598
TEST_06727,0.002667600056156516,0.9605714678764343
TEST_06728,0.00237782159820199,0.9917547702789307
TEST_06729,0.042006224393844604,0.9926818013191223
TEST_06730,0.001623677322641015,0.9439859986305237
TEST_06731,0.04121329262852669,0.9038298726081848
TEST_06732,0.005084625445306301,0.8783005475997925
TEST_06733,0.05153196305036545,0.9567112922668457
TEST_06734,0.01136855036020279,0.9933838248252869
TEST_06735,0.7981459498405457,0.9719741344451904
TEST_06736,0.04226060211658478,0.9944989085197449
TEST_06737,0.002271945821121335,0.9721764326095581
TEST_06738,0.03579835221171379,0.9856352806091309
TEST_06739,0.0359124131500721,0.9456401467323303
TEST_06740,0.00107203412335366,0.9988162517547607
TEST_06741,0.04348533973097801,0.8682291507720947
TEST_06742,0.019980894401669502,0.9162691235542297
TEST_06743,0.017983026802539825,0.9737841486930847
TEST_06744,0.024155469611287117,0.9991961121559143
TEST_06745,0.04977714642882347,0.6790471076965332
TEST_06746,0.010068519972264767,0.9969562292098999
TEST_06747,0.006379168480634689,0.9855797290802002
TEST_06748,0.06216130778193474,0.9656147360801697
TEST_06749,0.004579770844429731,0.9795193076133728
TEST_06750,0.00251411204226315,0.9978764057159424
TEST_06751,0.023244502022862434,0.7638412117958069
TEST_06752,0.019077321514487267,0.7890823483467102
TEST_06753,0.004028668627142906,0.9629343152046204
TEST_06754,0.025483502075076103,0.9961119294166565
TEST_06755,0.012665539979934692,0.9835702180862427
TEST_06756,0.018667398020625114,0.9857057332992554
TEST_06757,0.33283716440200806,0.9427860975265503
TEST_06758,0.06828165054321289,0.9334410429000854
TEST_06759,0.2153715044260025,0.9279312491416931
TEST_06760,0.0020712476689368486,0.9995255470275879
TEST_06761,0.004645261913537979,0.9709528088569641
TEST_06762,0.2023690938949585,0.9582496881484985
TEST_06763,0.0038188472390174866,0.9994039535522461
TEST_06764,0.043675798922777176,0.9944970011711121
TEST_06765,0.0054021961987018585,0.9765157103538513
TEST_06766,0.04152686893939972,0.9838895797729492
TEST_06767,0.009565012529492378,0.997099757194519
TEST_06768,0.03654076159000397,0.9786279797554016
TEST_06769,3.244305116822943e-05,0.9995662569999695
TEST_06770,0.9960542917251587,0.23670555651187897
TEST_06771,0.048717692494392395,0.9844604134559631
TEST_06772,0.05786723271012306,0.8790799379348755
TEST_06773,0.0041708084754645824,0.9884101152420044
TEST_06774,0.22013717889785767,0.968539297580719
TEST_06775,0.1351761817932129,0.9940581321716309
TEST_06776,0.029645424336194992,0.982430636882782
TEST_06777,0.049670442938804626,0.872237503528595
TEST_06778,0.35212424397468567,0.4241602122783661
TEST_06779,0.22513528168201447,0.8932124972343445
TEST_06780,0.02711559273302555,0.8548344969749451
TEST_06781,0.03209739550948143,0.9974853992462158
TEST_06782,0.006164880469441414,0.9878445267677307
TEST_06783,0.0028235793579369783,0.9825859069824219
TEST_06784,0.038703031837940216,0.9076141119003296
TEST_06785,6.481081072706729e-05,0.9994576573371887
TEST_06786,0.010210263542830944,0.9830769300460815
TEST_06787,0.009770197793841362,0.998724639415741
TEST_06788,0.06288869678974152,0.8734752535820007
TEST_06789,0.0008692510309629142,0.9938005805015564
TEST_06790,0.057240430265665054,0.8574971556663513
TEST_06791,0.004116746596992016,0.9995884299278259
TEST_06792,0.8030799627304077,0.5125519037246704
TEST_06793,0.013100138865411282,0.9770328998565674
TEST_06794,0.003229528432711959,0.9998595714569092
TEST_06795,0.04309083893895149,0.9652153849601746
TEST_06796,0.001998588442802429,0.964880108833313
TEST_06797,0.2756262719631195,0.9791521430015564
TEST_06798,0.027479464188218117,0.991041898727417
TEST_06799,0.8589524626731873,0.7985987067222595
TEST_06800,0.5210391879081726,0.9170286655426025
TEST_06801,0.031619008630514145,0.9869056344032288
TEST_06802,0.027778342366218567,0.9906699657440186
TEST_06803,0.01025508064776659,0.9849944710731506
TEST_06804,0.0454079695045948,0.9964126944541931
TEST_06805,0.00017968501197174191,0.9984188079833984
TEST_06806,0.0152374766767025,0.9968710541725159
TEST_06807,0.033553704619407654,0.9231454730033875
TEST_06808,0.026430228725075722,0.988294243812561
TEST_06809,0.11559371650218964,0.986412763595581
TEST_06810,0.00032923585968092084,0.9949941039085388
TEST_06811,0.9797863960266113,0.5057599544525146
TEST_06812,0.013855787925422192,0.9992443323135376
TEST_06813,0.004015463404357433,0.9960973858833313
TEST_06814,0.039209552109241486,0.9110078811645508
TEST_06815,0.0038453415036201477,0.990057647228241
TEST_06816,0.00020647009660024196,0.9999270439147949
TEST_06817,0.032518111169338226,0.9820525050163269
TEST_06818,0.00044498741044662893,0.9991779923439026
TEST_06819,0.28277456760406494,0.9829574227333069
TEST_06820,0.0017926943255588412,0.9928489923477173
TEST_06821,0.04434817656874657,0.8740943074226379
TEST_06822,0.0007763799512758851,0.9927802681922913
TEST_06823,0.912760317325592,0.9932872653007507
TEST_06824,0.998078465461731,0.004107301123440266
TEST_06825,0.39408764243125916,0.08811645209789276
TEST_06826,0.9966089725494385,0.0002682535850908607
TEST_06827,0.003554346039891243,0.9986151456832886
TEST_06828,0.011076557449996471,0.960447371006012
TEST_06829,0.007729650940746069,0.9931632280349731
TEST_06830,0.08570592105388641,0.9351505637168884
TEST_06831,0.014919281005859375,0.9952278137207031
TEST_06832,0.00885064247995615,0.9999123811721802
TEST_06833,0.031128985807299614,0.9206122756004333
TEST_06834,0.016784127801656723,0.8977940678596497
TEST_06835,0.025705412030220032,0.9376245141029358
TEST_06836,0.00012197378964629024,0.9982556700706482
TEST_06837,0.010685895569622517,0.9987761378288269
TEST_06838,0.004223864991217852,0.9936975836753845
TEST_06839,0.03199668601155281,0.9803380966186523
TEST_06840,0.027576502412557602,0.845469057559967
TEST_06841,0.00047870201524347067,0.9998606443405151
TEST_06842,0.002900966675952077,0.9972635507583618
TEST_06843,0.0718643069267273,0.9939590692520142
TEST_06844,0.003499008482322097,0.9983152151107788
TEST_06845,0.03948534280061722,0.9143937230110168
TEST_06846,0.8898804783821106,0.5924394130706787
TEST_06847,0.03595597669482231,0.9799904823303223
TEST_06848,0.015616321004927158,0.9975376129150391
TEST_06849,0.0872885137796402,0.9849978089332581
TEST_06850,0.004625261761248112,0.9920933842658997
TEST_06851,0.003419785760343075,0.9966517090797424
TEST_06852,0.06447497755289078,0.8518281579017639
TEST_06853,0.0016636280342936516,0.9985644221305847
TEST_06854,0.008831663988530636,0.984325647354126
TEST_06855,0.6976330876350403,0.9319243431091309
TEST_06856,0.016376320272684097,0.7333736419677734
TEST_06857,0.014378895051777363,0.9790554642677307
TEST_06858,0.002708165207877755,0.9954588413238525
TEST_06859,0.003482332220301032,0.99566251039505
TEST_06860,0.0003690020239446312,0.9993000030517578
TEST_06861,0.0003556796000339091,0.9983934760093689
TEST_06862,0.02391131781041622,0.9633371829986572
TEST_06863,0.007959765382111073,0.9995303153991699
TEST_06864,0.01569979637861252,0.9925284385681152
TEST_06865,0.08806466311216354,0.984701931476593
TEST_06866,0.2492484450340271,0.0969173014163971
TEST_06867,0.02969188429415226,0.9162958860397339
TEST_06868,0.005268795881420374,0.945496141910553
TEST_06869,0.026046758517622948,0.994174063205719
TEST_06870,0.00027094167307950556,0.9984520673751831
TEST_06871,0.001513878582045436,0.9935896396636963
TEST_06872,0.03817456215620041,0.9664372801780701
TEST_06873,0.003250040812417865,0.9917539358139038
TEST_06874,0.004317017737776041,0.9958899617195129
TEST_06875,0.0010713606607168913,0.9973223805427551
TEST_06876,0.0005638139555230737,0.999969482421875
TEST_06877,0.03315521031618118,0.9719732999801636
TEST_06878,1.160913598141633e-05,0.9999829530715942
TEST_06879,0.5471084117889404,0.5232475399971008
TEST_06880,0.0012936046114191413,0.9953765869140625
TEST_06881,0.004700814373791218,0.9803153872489929
TEST_06882,0.012497677467763424,0.9454805850982666
TEST_06883,0.0248859953135252,0.9990003705024719
TEST_06884,0.0001246653700945899,0.9997473359107971
TEST_06885,0.000799178727902472,0.9981691837310791
TEST_06886,0.0005011845496483147,0.999723494052887
TEST_06887,0.033258628100156784,0.8573058843612671
TEST_06888,0.21181003749370575,0.6643111109733582
TEST_06889,0.001105775241740048,0.9946907162666321
TEST_06890,0.04149379953742027,0.9886513948440552
TEST_06891,0.999305009841919,0.006290543358772993
TEST_06892,0.013777651824057102,0.9749146103858948
TEST_06893,0.5031446814537048,0.5534577369689941
TEST_06894,0.0010424882639199495,0.999716579914093
TEST_06895,0.021993175148963928,0.9973143935203552
TEST_06896,0.03892518952488899,0.9834266901016235
TEST_06897,0.0035924401599913836,0.926584005355835
TEST_06898,0.0029827184043824673,0.9962809681892395
TEST_06899,0.013079921714961529,0.999859094619751
TEST_06900,0.011246231384575367,0.9982389211654663
TEST_06901,0.15485815703868866,0.914465606212616
TEST_06902,0.0011804618407040834,0.999677300453186
TEST_06903,0.9909138679504395,0.4921345114707947
TEST_06904,0.05982350558042526,0.9345656633377075
TEST_06905,0.0010632333578541875,0.9958980679512024
TEST_06906,0.002924367319792509,0.9864833950996399
TEST_06907,0.007729793898761272,0.9764040112495422
TEST_06908,0.0013076469767838717,0.9816635847091675
TEST_06909,0.016409549862146378,0.9554151296615601
TEST_06910,0.03831617534160614,0.9742448925971985
TEST_06911,0.022106556221842766,0.983017086982727
TEST_06912,0.07457423210144043,0.9652332067489624
TEST_06913,0.06808137148618698,0.9974709749221802
TEST_06914,0.0038743934128433466,0.9990454316139221
TEST_06915,0.2850976288318634,0.7437630295753479
TEST_06916,0.9897220730781555,0.5499380826950073
TEST_06917,0.04392803832888603,0.7636359333992004
TEST_06918,0.2031041979789734,0.9308373928070068
TEST_06919,0.36031508445739746,0.9512504935264587
TEST_06920,0.009822933934628963,0.9553609490394592
TEST_06921,0.08885236829519272,0.8680794835090637
TEST_06922,0.014317252673208714,0.996396005153656
TEST_06923,0.03329471871256828,0.3023562431335449
TEST_06924,0.03978116437792778,0.8044572472572327
TEST_06925,0.021835535764694214,0.8970798254013062
TEST_06926,0.9982314705848694,0.11181769520044327
TEST_06927,0.0005753685254603624,0.9995942711830139
TEST_06928,0.9999727010726929,0.0022916735615581274
TEST_06929,0.007375967223197222,0.9916926622390747
TEST_06930,0.6740012764930725,0.9562304615974426
TEST_06931,0.7669019103050232,0.935560941696167
TEST_06932,0.004442709032446146,0.9991027116775513
TEST_06933,0.027211086824536324,0.8415704965591431
TEST_06934,0.003839485812932253,0.9588449001312256
TEST_06935,0.7806766629219055,0.46204590797424316
TEST_06936,0.007660272531211376,0.9943856000900269
TEST_06937,0.10809829831123352,0.991435706615448
TEST_06938,0.05254989489912987,0.8669946193695068
TEST_06939,0.0015713043976575136,0.999086856842041
TEST_06940,0.054723434150218964,0.8272740244865417
TEST_06941,0.40749362111091614,0.9953025579452515
TEST_06942,0.6843512058258057,0.9940464496612549
TEST_06943,0.0037652405444532633,0.9991913437843323
TEST_06944,0.00032778579043224454,0.9996446371078491
TEST_06945,0.008719519712030888,0.9995678067207336
TEST_06946,0.674691915512085,0.02801126055419445
TEST_06947,0.0021602262277156115,0.9974392652511597
TEST_06948,0.0059603480622172356,0.9870266318321228
TEST_06949,0.003871874650940299,0.9994717240333557
TEST_06950,0.0013205185532569885,0.5894572138786316
TEST_06951,0.21810677647590637,0.9013032913208008
TEST_06952,0.5553985834121704,0.531471312046051
TEST_06953,0.04658634588122368,0.9227333068847656
TEST_06954,0.0060545336455106735,0.9993811845779419
TEST_06955,0.029805107042193413,0.9828929305076599
TEST_06956,0.0010334525723010302,0.9983493089675903
TEST_06957,0.9998619556427002,0.006036102771759033
TEST_06958,0.03204154968261719,0.9886263012886047
TEST_06959,0.06827795505523682,0.9246498942375183
TEST_06960,0.004600032232701778,0.9995847344398499
TEST_06961,0.033041540533304214,0.9125045537948608
TEST_06962,0.005591364577412605,0.9971778392791748
TEST_06963,0.8118308186531067,0.9998337030410767
TEST_06964,0.0021165392827242613,0.9994669556617737
TEST_06965,0.468335896730423,0.9989894032478333
TEST_06966,0.5019809603691101,0.918129026889801
TEST_06967,0.0069343652576208115,0.8676984906196594
TEST_06968,0.9997246861457825,0.0021297894418239594
TEST_06969,0.6431654095649719,0.7895864844322205
TEST_06970,0.02915431186556816,0.9893823862075806
TEST_06971,0.010208250023424625,0.9773178100585938
TEST_06972,0.0006504044868052006,0.9949718713760376
TEST_06973,0.9248138070106506,0.4691237509250641
TEST_06974,0.0016381650930270553,0.9990394711494446
TEST_06975,0.44718074798583984,0.6461216807365417
TEST_06976,0.08329066634178162,0.8653498291969299
TEST_06977,0.02066427655518055,0.9866480231285095
TEST_06978,0.0015756343491375446,0.999896764755249
TEST_06979,0.16724509000778198,0.43837326765060425
TEST_06980,0.004884693771600723,0.9993755221366882
TEST_06981,0.16181740164756775,0.3946765661239624
TEST_06982,0.06398986279964447,0.9336175918579102
TEST_06983,0.11980694532394409,0.9827010035514832
TEST_06984,0.016739679500460625,0.9861652851104736
TEST_06985,0.1518242508172989,0.944649875164032
TEST_06986,0.0034839457366615534,0.9986401200294495
TEST_06987,0.04923861101269722,0.8798313736915588
TEST_06988,0.3304763436317444,0.9874425530433655
TEST_06989,0.0019917122554033995,0.9943142533302307
TEST_06990,0.020298482850193977,0.9831667542457581
TEST_06991,0.23213200271129608,0.816713809967041
TEST_06992,0.026356583461165428,0.9988715052604675
TEST_06993,0.04552622511982918,0.9940662384033203
TEST_06994,0.007447590120136738,0.982546329498291
TEST_06995,0.001964783063158393,0.9938398003578186
TEST_06996,0.012151503004133701,0.8598006367683411
TEST_06997,0.02020392008125782,0.9973586201667786
TEST_06998,0.0007437822641804814,0.9944660067558289
TEST_06999,0.0016882247291505337,0.9993135929107666
TEST_07000,0.0741187185049057,0.97408127784729
TEST_07001,0.0127701535820961,0.999913215637207
TEST_07002,0.13369108736515045,0.5794737339019775
TEST_07003,0.01991940662264824,0.9682086110115051
TEST_07004,0.02820325456559658,0.9943239688873291
TEST_07005,0.018969537690281868,0.9976732134819031
TEST_07006,0.0010008023818954825,0.9980239868164062
TEST_07007,0.00489019462838769,0.9813891053199768
TEST_07008,0.7074989080429077,0.358823299407959
TEST_07009,0.0009550883551128209,0.9961685538291931
TEST_07010,0.016579605638980865,0.9766736626625061
TEST_07011,0.034386828541755676,0.9761145114898682
TEST_07012,0.002937549725174904,0.9910673499107361
TEST_07013,0.03450841084122658,0.36370378732681274
TEST_07014,0.04951665177941322,0.9438812732696533
TEST_07015,0.008097711950540543,0.9859210848808289
TEST_07016,0.7885853052139282,0.8844887614250183
TEST_07017,0.005218419246375561,0.9857258796691895
TEST_07018,0.002520377514883876,0.9981216788291931
TEST_07019,0.49075254797935486,0.1758955419063568
TEST_07020,0.020064203068614006,0.889526903629303
TEST_07021,0.015659349039196968,0.9003245830535889
TEST_07022,0.000609313661698252,0.9996612071990967
TEST_07023,0.0002347068948438391,0.999808132648468
TEST_07024,0.5436656475067139,0.06883648037910461
TEST_07025,0.015235144644975662,0.9986315369606018
TEST_07026,0.02350645326077938,0.9693654179573059
TEST_07027,0.022180723026394844,0.8579698204994202
TEST_07028,0.06290975213050842,0.9601123332977295
TEST_07029,0.012845570221543312,0.8781672120094299
TEST_07030,0.038197409361600876,0.9985947012901306
TEST_07031,0.003284131409600377,0.9957772493362427
TEST_07032,0.057341329753398895,0.9916031956672668
TEST_07033,0.07675838470458984,0.7420381307601929
TEST_07034,0.19224703311920166,0.7179329991340637
TEST_07035,0.02750086784362793,0.9106751680374146
TEST_07036,0.26184800267219543,0.8722893595695496
TEST_07037,0.0037411453668028116,0.9980157613754272
TEST_07038,0.6035951375961304,0.9761852622032166
TEST_07039,0.018691135570406914,0.9842239022254944
TEST_07040,0.004985014908015728,0.9394733309745789
TEST_07041,0.0010975338518619537,0.9996166229248047
TEST_07042,0.038648221641778946,0.9852128028869629
TEST_07043,0.01707075722515583,0.8983249664306641
TEST_07044,0.0676397755742073,0.895559549331665
TEST_07045,0.012320161797106266,0.9987428784370422
TEST_07046,0.06145700812339783,0.9715264439582825
TEST_07047,0.03812006860971451,0.9872829914093018
TEST_07048,0.01258769165724516,0.9302058219909668
TEST_07049,0.010701362043619156,0.9915907382965088
TEST_07050,0.0032914963085204363,0.9947171807289124
TEST_07051,0.01336755696684122,0.9955671429634094
TEST_07052,0.24995239078998566,0.98011714220047
TEST_07053,0.011032606475055218,0.9709801077842712
TEST_07054,0.01864420622587204,0.9489569664001465
TEST_07055,0.002623612293973565,0.9920725226402283
TEST_07056,0.02511763758957386,0.9618591070175171
TEST_07057,0.011736273765563965,0.9656157493591309
TEST_07058,0.00735658872872591,0.9648140072822571
TEST_07059,0.002203576732426882,0.9995865225791931
TEST_07060,0.022516995668411255,0.9847612380981445
TEST_07061,0.0013728132471442223,0.9968823194503784
TEST_07062,0.014852802269160748,0.9948881268501282
TEST_07063,0.0947333425283432,0.9370108842849731
TEST_07064,0.038129933178424835,0.8301011323928833
TEST_07065,0.055155739188194275,0.9406384229660034
TEST_07066,0.011034541763365269,0.9025975465774536
TEST_07067,0.2573349177837372,0.8015371561050415
TEST_07068,0.021594399586319923,0.9786623120307922
TEST_07069,0.021168049424886703,0.9768585562705994
TEST_07070,0.02408931590616703,0.9164981842041016
TEST_07071,0.10888786613941193,0.9048471450805664
TEST_07072,0.01968294009566307,0.9587677717208862
TEST_07073,0.01547902263700962,0.9524518251419067
TEST_07074,0.016613833606243134,0.5154960751533508
TEST_07075,0.07671301066875458,0.9235287308692932
TEST_07076,0.0038807217497378588,0.9207809567451477
TEST_07077,0.0017218024004250765,0.9994059801101685
TEST_07078,0.001452150521799922,0.9975125789642334
TEST_07079,0.0021533023100346327,0.9946900606155396
TEST_07080,0.10635483264923096,0.7833752632141113
TEST_07081,0.010008244775235653,0.9955176711082458
TEST_07082,0.00842864066362381,0.9919782876968384
TEST_07083,0.3699549734592438,0.9760742783546448
TEST_07084,0.01765626110136509,0.9880005717277527
TEST_07085,0.03625764325261116,0.9981498718261719
TEST_07086,0.1194298043847084,0.9452034831047058
TEST_07087,0.011741888709366322,0.9882962107658386
TEST_07088,0.0007845833315514028,0.9991017580032349
TEST_07089,0.0008359386119991541,0.9976588487625122
TEST_07090,0.001795354182831943,0.9902488589286804
TEST_07091,0.02293851226568222,0.9204949140548706
TEST_07092,0.9559417963027954,0.9484130144119263
TEST_07093,0.0022075348533689976,0.9659554362297058
TEST_07094,0.004496917128562927,0.9898307919502258
TEST_07095,0.03681216761469841,0.9669333696365356
TEST_07096,0.012569310143589973,0.9690965414047241
TEST_07097,0.7356556057929993,0.8506239652633667
TEST_07098,0.0035549167077988386,0.9975088834762573
TEST_07099,0.022512631490826607,0.9851052761077881
TEST_07100,0.014648836106061935,0.9991590976715088
TEST_07101,0.1789599508047104,0.517831027507782
TEST_07102,0.18939197063446045,0.5228078365325928
TEST_07103,0.006896646227687597,0.9998916387557983
TEST_07104,0.00017675760318525136,0.9997645020484924
TEST_07105,0.0017409843858331442,0.9992792010307312
TEST_07106,0.07136735320091248,0.961521327495575
TEST_07107,0.0025498848408460617,0.9903751015663147
TEST_07108,0.06097064167261124,0.9455568790435791
TEST_07109,0.9859462380409241,0.00040710577741265297
TEST_07110,0.08061317354440689,0.8627966046333313
TEST_07111,0.007304700091481209,0.9999998807907104
TEST_07112,0.040341950953006744,0.7547882795333862
TEST_07113,0.001708507421426475,0.9326745271682739
TEST_07114,0.03571561351418495,0.9796516299247742
TEST_07115,0.011555768549442291,0.9497417211532593
TEST_07116,0.014253908768296242,0.6948638558387756
TEST_07117,0.10327734053134918,0.9408818483352661
TEST_07118,0.7243130207061768,0.6184079051017761
TEST_07119,0.03380075469613075,0.9935088157653809
TEST_07120,0.0013155988417565823,0.9928889274597168
TEST_07121,0.006462785415351391,0.9847496747970581
TEST_07122,0.028168335556983948,0.992496132850647
TEST_07123,0.1314312219619751,0.42019718885421753
TEST_07124,0.1033560037612915,0.9866500496864319
TEST_07125,0.0007545857224613428,0.9998038411140442
TEST_07126,0.09401826560497284,0.9680671691894531
TEST_07127,0.0020496146753430367,0.9954308271408081
TEST_07128,0.0028278331737965345,0.9963682889938354
TEST_07129,0.021984893828630447,0.9995744824409485
TEST_07130,0.031032400205731392,0.9015558958053589
TEST_07131,0.003655489766970277,0.9643282890319824
TEST_07132,0.3921459913253784,0.9144685864448547
TEST_07133,0.010979752987623215,0.9999088048934937
TEST_07134,0.563492476940155,0.1641135960817337
TEST_07135,0.029383372515439987,0.9694660902023315
TEST_07136,0.0011851370800286531,0.9897447228431702
TEST_07137,0.00851146038621664,0.9675163626670837
TEST_07138,0.05613846331834793,0.9717859625816345
TEST_07139,0.0027771443128585815,0.9999994039535522
TEST_07140,0.0007108153076842427,0.9997294545173645
TEST_07141,0.035911925137043,0.8573499917984009
TEST_07142,0.015922971069812775,0.9696627855300903
TEST_07143,0.016713736578822136,0.9734253883361816
TEST_07144,0.07251571118831635,0.9611294269561768
TEST_07145,0.006604487542062998,0.998725950717926
TEST_07146,0.004683033563196659,0.994093120098114
TEST_07147,0.025218326598405838,0.9235424399375916
TEST_07148,0.0038572410121560097,0.9638762474060059
TEST_07149,0.011676263995468616,0.9981482028961182
TEST_07150,0.0037928824312984943,0.9985408782958984
TEST_07151,0.07386904209852219,0.7580240964889526
TEST_07152,0.008786668069660664,0.9993158578872681
TEST_07153,0.1412322074174881,0.9905643463134766
TEST_07154,0.002870237221941352,0.9804261922836304
TEST_07155,0.5520049333572388,0.9860630631446838
TEST_07156,0.005883327219635248,0.9996200799942017
TEST_07157,0.006167869549244642,0.9978540539741516
TEST_07158,0.03385169059038162,0.8524039387702942
TEST_07159,0.0010797482682392001,0.9994708895683289
TEST_07160,0.005455741658806801,0.4467465877532959
TEST_07161,0.0175920482724905,0.8380215167999268
TEST_07162,0.0017639306606724858,0.9996553659439087
TEST_07163,0.013333551585674286,0.9105163216590881
TEST_07164,0.0007596485665999353,0.9996086955070496
TEST_07165,0.006010254845023155,0.9919860363006592
TEST_07166,0.12343449145555496,0.8480552434921265
TEST_07167,0.9971798658370972,0.8025245070457458
TEST_07168,0.02575988695025444,0.9170515537261963
TEST_07169,0.004334954544901848,0.9993956089019775
TEST_07170,0.10871417820453644,0.8722079396247864
TEST_07171,0.17602857947349548,0.878283679485321
TEST_07172,0.012353960424661636,0.9998801946640015
TEST_07173,0.008795227855443954,0.9968398809432983
TEST_07174,0.013140229508280754,0.9825198650360107
TEST_07175,0.7949701547622681,0.9657445549964905
TEST_07176,0.00763677665963769,0.9992626309394836
TEST_07177,0.17373159527778625,0.6101641654968262
TEST_07178,0.0023821410723030567,0.8778970837593079
TEST_07179,0.07468127459287643,0.8837075233459473
TEST_07180,0.9991275668144226,0.0042426809668540955
TEST_07181,0.08205291628837585,0.9809445142745972
TEST_07182,0.23369644582271576,0.9128371477127075
TEST_07183,0.01176360435783863,0.9819225072860718
TEST_07184,0.019163938239216805,0.9900615215301514
TEST_07185,0.00035423602093942463,0.9987900853157043
TEST_07186,0.0030802330002188683,0.9898924827575684
TEST_07187,0.030085736885666847,0.9850910902023315
TEST_07188,0.06147754564881325,0.4214443266391754
TEST_07189,0.03362816944718361,0.42805057764053345
TEST_07190,0.11009439080953598,0.9245454668998718
TEST_07191,0.12722031772136688,0.8059813380241394
TEST_07192,0.06580505520105362,0.867862343788147
TEST_07193,0.009730308316648006,0.9970182180404663
TEST_07194,0.005241928622126579,0.9109410047531128
TEST_07195,0.11962109059095383,0.9946513772010803
TEST_07196,0.02728418819606304,0.9008966088294983
TEST_07197,0.0051545072346925735,0.9896836280822754
TEST_07198,0.07608511298894882,0.8610647320747375
TEST_07199,0.08195650577545166,0.7843205332756042
TEST_07200,0.0051689837127923965,0.9999904632568359
TEST_07201,0.3576221466064453,0.7545881867408752
TEST_07202,0.004203189630061388,0.9665737152099609
TEST_07203,0.07835310697555542,0.9746628403663635
TEST_07204,0.4164598882198334,0.8753080368041992
TEST_07205,0.0008425720152445138,0.9995415210723877
TEST_07206,0.10030213743448257,0.38602542877197266
TEST_07207,0.005713538266718388,0.978967010974884
TEST_07208,0.006699454039335251,0.9691432118415833
TEST_07209,0.010343228466808796,0.9570911526679993
TEST_07210,0.004853997845202684,0.9934613704681396
TEST_07211,0.0008578136330470443,0.9993764758110046
TEST_07212,0.032105788588523865,0.9451507329940796
TEST_07213,0.18009358644485474,0.9320805072784424
TEST_07214,0.001476250123232603,0.9966806769371033
TEST_07215,0.011684014461934566,0.9895707368850708
TEST_07216,0.006130477879196405,0.9840132594108582
TEST_07217,0.007020775228738785,0.9471741318702698
TEST_07218,0.0028645084239542484,0.9865031242370605
TEST_07219,0.08983311802148819,0.8051871657371521
TEST_07220,0.04350726306438446,0.9981866478919983
TEST_07221,0.00577558996155858,0.8990000486373901
TEST_07222,0.6485920548439026,0.6542479991912842
TEST_07223,0.8297794461250305,0.8150386810302734
TEST_07224,0.9062207341194153,0.2797912359237671
TEST_07225,0.00652187829837203,0.9809562563896179
TEST_07226,0.002919148188084364,0.9972700476646423
TEST_07227,0.007126200944185257,0.9153148531913757
TEST_07228,0.008282807655632496,0.8956818580627441
TEST_07229,0.034314293414354324,0.9224731922149658
TEST_07230,0.08063718676567078,0.9644597768783569
TEST_07231,0.17618684470653534,0.9963659048080444
TEST_07232,0.0027678762562572956,0.9207238554954529
TEST_07233,0.0005438743974082172,0.9899733066558838
TEST_07234,0.0022477146703749895,0.9996042847633362
TEST_07235,0.007082448340952396,0.9997674822807312
TEST_07236,0.9998961687088013,0.022835854440927505
TEST_07237,0.032281652092933655,0.9409222602844238
TEST_07238,0.9924558401107788,0.7822397947311401
TEST_07239,0.4032508134841919,0.9168090224266052
TEST_07240,0.9954527020454407,0.8632559180259705
TEST_07241,0.7899670600891113,0.8865572214126587
TEST_07242,0.07122840732336044,0.9623404145240784
TEST_07243,0.006929106079041958,0.9984221458435059
TEST_07244,0.002880916465073824,0.9974688291549683
TEST_07245,0.18266361951828003,0.9332661032676697
TEST_07246,0.00042251794366165996,0.9999816417694092
TEST_07247,0.002404208993539214,0.9956669807434082
TEST_07248,0.038490716367959976,0.7805339097976685
TEST_07249,0.0006493033142760396,0.9999330043792725
TEST_07250,0.08461979776620865,0.4459916055202484
TEST_07251,0.000473002262879163,0.9993588328361511
TEST_07252,0.4923460781574249,0.01837470382452011
TEST_07253,0.006920849438756704,0.9789551496505737
TEST_07254,0.0024226002860814333,0.9902223348617554
TEST_07255,0.0270603746175766,0.9956585168838501
TEST_07256,0.0034522879868745804,0.9858435988426208
TEST_07257,0.00042382878018543124,0.997866690158844
TEST_07258,0.0014869084116071463,0.9854152202606201
TEST_07259,0.0025855812709778547,0.9988787770271301
TEST_07260,0.8620668649673462,0.8959903120994568
TEST_07261,0.9902329444885254,0.6447644233703613
TEST_07262,0.03307346627116203,0.7151280641555786
TEST_07263,0.000534713501110673,0.9998601675033569
TEST_07264,0.000979286851361394,0.9973101615905762
TEST_07265,0.36484670639038086,0.9030771851539612
TEST_07266,0.01613541506230831,0.9713754653930664
TEST_07267,0.015507214702665806,0.9906213283538818
TEST_07268,0.004165296442806721,0.9974983334541321
TEST_07269,0.01371118426322937,0.9944769740104675
TEST_07270,0.025166630744934082,0.9975296854972839
TEST_07271,0.09572827070951462,0.9923345446586609
TEST_07272,0.0051599727012217045,0.9924771189689636
TEST_07273,0.6444492340087891,0.78323894739151
TEST_07274,0.008514446206390858,0.9612352848052979
TEST_07275,0.019751396030187607,0.9970647692680359
TEST_07276,0.6753888726234436,0.9058317542076111
TEST_07277,0.03032841347157955,0.8573581576347351
TEST_07278,0.07547328621149063,0.8915492296218872
TEST_07279,0.07359649240970612,0.9745014905929565
TEST_07280,0.009401530027389526,0.927238404750824
TEST_07281,0.018958989530801773,0.9709897041320801
TEST_07282,0.00253673130646348,0.9843180179595947
TEST_07283,0.02178216725587845,0.9220414757728577
TEST_07284,0.005644329823553562,0.999525785446167
TEST_07285,0.061683233827352524,0.9982559084892273
TEST_07286,0.7573530673980713,0.4797170162200928
TEST_07287,0.012192673981189728,0.9938317537307739
TEST_07288,0.011261709034442902,0.990797758102417
TEST_07289,0.005923750344663858,0.967279851436615
TEST_07290,0.000817956228274852,0.9984667897224426
TEST_07291,0.0034323118161410093,0.9998569488525391
TEST_07292,0.0037022102624177933,0.9987965822219849
TEST_07293,0.03340325504541397,0.9786827564239502
TEST_07294,0.0002597615821287036,0.9985842704772949
TEST_07295,0.022666150704026222,0.9780444502830505
TEST_07296,0.0953279510140419,0.9673219323158264
TEST_07297,0.6546474695205688,0.9358506798744202
TEST_07298,0.02749696560204029,0.9234768748283386
TEST_07299,0.0003231387527193874,0.9991631507873535
TEST_07300,0.0004533081955742091,0.9910065531730652
TEST_07301,0.05483810231089592,0.9865823984146118
TEST_07302,0.0007440626504831016,0.9971975088119507
TEST_07303,0.4624080955982208,0.9984241724014282
TEST_07304,0.13023340702056885,0.931180477142334
TEST_07305,0.03523506224155426,0.976330041885376
TEST_07306,0.003179894993081689,0.9528790712356567
TEST_07307,0.019155412912368774,0.9311920404434204
TEST_07308,0.0040451656095683575,0.9985051155090332
TEST_07309,0.016087394207715988,0.9963328838348389
TEST_07310,0.006659246981143951,0.9811627864837646
TEST_07311,0.0013966324040666223,0.9892027974128723
TEST_07312,0.09109345078468323,0.8737238645553589
TEST_07313,0.005719869863241911,0.7930749654769897
TEST_07314,0.40821585059165955,0.4320905804634094
TEST_07315,0.010427944362163544,0.9502302408218384
TEST_07316,0.0005321227945387363,0.9995352029800415
TEST_07317,0.007371789775788784,0.988878607749939
TEST_07318,0.0008859200752340257,0.9976230263710022
TEST_07319,0.0009781636763364077,0.9999624490737915
TEST_07320,0.995893120765686,0.004208623897284269
TEST_07321,0.05035168677568436,0.9058228731155396
TEST_07322,0.0044659958221018314,0.9503072500228882
TEST_07323,0.03632388263940811,0.9088050723075867
TEST_07324,0.038203295320272446,0.8584970235824585
TEST_07325,0.0603870265185833,0.4635094404220581
TEST_07326,0.05851323530077934,0.9792096614837646
TEST_07327,0.005995374638587236,0.9956384301185608
TEST_07328,0.4030962288379669,0.028091030195355415
TEST_07329,0.0022160650696605444,0.9964475631713867
TEST_07330,0.0032173681538552046,0.9800519943237305
TEST_07331,0.019077066332101822,0.968716561794281
TEST_07332,0.00038725105696357787,0.9998893737792969
TEST_07333,0.028280576691031456,0.9979648590087891
TEST_07334,0.0007057912298478186,0.9990164041519165
TEST_07335,0.03663230687379837,0.9949329495429993
TEST_07336,0.011625643819570541,0.9833956956863403
TEST_07337,0.014124988578259945,0.9971305727958679
TEST_07338,0.1931212693452835,0.9920803904533386
TEST_07339,0.1351414918899536,0.7771569490432739
TEST_07340,0.003864212892949581,0.9818856120109558
TEST_07341,0.0024401117116212845,0.9771142601966858
TEST_07342,0.001917337765917182,0.9544158577919006
TEST_07343,0.028024952858686447,0.9861246347427368
TEST_07344,0.027938537299633026,0.97571861743927
TEST_07345,0.2598784267902374,0.36250197887420654
TEST_07346,0.035259805619716644,0.8883752822875977
TEST_07347,0.008951552212238312,0.9243014454841614
TEST_07348,0.001855232985690236,0.9955444931983948
TEST_07349,0.03886919096112251,0.9772943258285522
TEST_07350,0.12543000280857086,0.9963451027870178
TEST_07351,0.028862392529845238,0.9470216631889343
TEST_07352,0.3909265398979187,0.971268355846405
TEST_07353,0.04174673557281494,0.9832757711410522
TEST_07354,0.017834359779953957,0.9108214378356934
TEST_07355,0.04177553951740265,0.9461584687232971
TEST_07356,0.002212658990174532,0.9983008503913879
TEST_07357,0.045766495168209076,0.9807465672492981
TEST_07358,0.35714104771614075,0.2828689515590668
TEST_07359,0.048011668026447296,0.9316810369491577
TEST_07360,0.0004541126254480332,0.9900866150856018
TEST_07361,0.0064926850609481335,0.9563714265823364
TEST_07362,0.010932428762316704,0.8613658547401428
TEST_07363,0.9252505302429199,0.8211686611175537
TEST_07364,0.02220110408961773,0.8835393786430359
TEST_07365,0.3448233902454376,0.8905885219573975
TEST_07366,0.0013903300277888775,0.9946743249893188
TEST_07367,0.005881913006305695,0.9763848185539246
TEST_07368,0.0055036465637385845,0.9947159886360168
TEST_07369,0.0038830211851745844,0.9996675252914429
TEST_07370,0.973213255405426,0.07839407026767731
TEST_07371,0.00904072355479002,0.9864331483840942
TEST_07372,0.09352931380271912,0.9966307282447815
TEST_07373,0.02060736157000065,0.9015591740608215
TEST_07374,0.017723990604281425,0.9769949913024902
TEST_07375,0.012350592762231827,0.9759149551391602
TEST_07376,0.0010601216927170753,0.9980446100234985
TEST_07377,0.17407438158988953,0.898293137550354
TEST_07378,0.018725566565990448,0.8535500764846802
TEST_07379,0.002305413596332073,0.9740757346153259
TEST_07380,0.003742089495062828,0.9971519708633423
TEST_07381,0.0273464135825634,0.9546816349029541
TEST_07382,0.03063785657286644,0.9953203797340393
TEST_07383,0.04855411499738693,0.2102922797203064
TEST_07384,0.0031352245714515448,0.998908519744873
TEST_07385,0.04912092164158821,0.991524875164032
TEST_07386,0.03904112055897713,0.9259480834007263
TEST_07387,0.03298521786928177,0.9198994040489197
TEST_07388,0.04417029395699501,0.9879986047744751
TEST_07389,0.008750630542635918,0.9957914352416992
TEST_07390,0.17356985807418823,0.12710051238536835
TEST_07391,0.0016849000239744782,0.9998611211776733
TEST_07392,0.026772737503051758,0.9942954182624817
TEST_07393,0.037237923592329025,0.9993840456008911
TEST_07394,0.033719126135110855,0.6686816811561584
TEST_07395,0.010539146140217781,0.9966757297515869
TEST_07396,0.11560548841953278,0.6985621452331543
TEST_07397,0.022622114047408104,0.9884703159332275
TEST_07398,0.10315307974815369,0.9605627655982971
TEST_07399,0.372825562953949,0.9916338920593262
TEST_07400,0.048204705119132996,0.9948548078536987
TEST_07401,0.006481925491243601,0.9966993927955627
TEST_07402,0.010883626528084278,0.9071336984634399
TEST_07403,0.012800578959286213,0.9932809472084045
TEST_07404,0.0028958693146705627,0.999072790145874
TEST_07405,0.23237408697605133,0.9756971597671509
TEST_07406,0.09781859070062637,0.9883328080177307
TEST_07407,0.021389495581388474,0.9950799942016602
TEST_07408,0.17293603718280792,0.8970882892608643
TEST_07409,0.16296102106571198,0.8769857287406921
TEST_07410,0.08098451793193817,0.9713848829269409
TEST_07411,0.8744520545005798,0.9733172655105591
TEST_07412,0.07966534048318863,0.9249365925788879
TEST_07413,0.03148661181330681,0.6323590278625488
TEST_07414,0.000930969079490751,0.9953560829162598
TEST_07415,0.0013720316346734762,0.9998134970664978
TEST_07416,0.01769883930683136,0.9920569062232971
TEST_07417,0.10248812288045883,0.7381013035774231
TEST_07418,0.0005353632150217891,0.9976571798324585
TEST_07419,0.03645886480808258,0.9642496109008789
TEST_07420,0.9974954724311829,0.6914634108543396
TEST_07421,0.018168985843658447,0.9964608550071716
TEST_07422,0.010953101329505444,0.9993017911911011
TEST_07423,0.9691944718360901,0.09313466399908066
TEST_07424,0.0004622018022928387,0.9821512699127197
TEST_07425,0.061067719012498856,0.9944944977760315
TEST_07426,0.002639260608702898,0.9992450475692749
TEST_07427,0.038295578211545944,0.9582180976867676
TEST_07428,0.036009714007377625,0.9202374815940857
TEST_07429,0.0033138194121420383,0.9883004426956177
TEST_07430,0.0017738912720233202,0.9939157366752625
TEST_07431,0.06336559355258942,0.8661064505577087
TEST_07432,0.2593518793582916,0.9923654198646545
TEST_07433,0.03465285152196884,0.881462574005127
TEST_07434,0.04007405787706375,0.8143609166145325
TEST_07435,0.002974123228341341,0.9947916269302368
TEST_07436,0.050226807594299316,0.9811200499534607
TEST_07437,0.00347115402109921,0.989096462726593
TEST_07438,0.12103366106748581,0.8663615584373474
TEST_07439,0.021975653246045113,0.798611581325531
TEST_07440,0.01272923219949007,0.9928584098815918
TEST_07441,0.0052458010613918304,0.9555251598358154
TEST_07442,0.9952646493911743,0.1730782687664032
TEST_07443,0.0023151745554059744,0.9537897109985352
TEST_07444,0.06818287819623947,0.9967445135116577
TEST_07445,0.0009398914407938719,0.9933552742004395
TEST_07446,0.015087734907865524,0.9959099292755127
TEST_07447,0.07304997742176056,0.9833182096481323
TEST_07448,0.018118899315595627,0.9203557372093201
TEST_07449,0.006395028438419104,0.9989614486694336
TEST_07450,0.000754666281864047,0.9998010993003845
TEST_07451,0.005007855128496885,0.9351807832717896
TEST_07452,0.0016403922345489264,0.9989935755729675
TEST_07453,0.011926215142011642,0.9583521485328674
TEST_07454,0.015591800212860107,0.9947457313537598
TEST_07455,0.04393140599131584,0.9617448449134827
TEST_07456,0.41979527473449707,0.11720652878284454
TEST_07457,0.0017720296746119857,0.9980560541152954
TEST_07458,0.545314610004425,0.5623899102210999
TEST_07459,0.006696316413581371,0.9999721050262451
TEST_07460,0.014379734173417091,0.9959622025489807
TEST_07461,0.013135907240211964,0.9880174398422241
TEST_07462,0.008924257941544056,0.998904824256897
TEST_07463,0.9694245457649231,0.2722536027431488
TEST_07464,0.02917311154305935,0.9398647546768188
TEST_07465,0.003256929572671652,0.9954777359962463
TEST_07466,0.007721755653619766,0.9094277620315552
TEST_07467,0.009874301962554455,0.9991200566291809
TEST_07468,7.680294402234722e-06,0.9997069239616394
TEST_07469,0.0006299065425992012,0.9992819428443909
TEST_07470,0.0038161342963576317,0.9967357516288757
TEST_07471,0.08239151537418365,0.9568545818328857
TEST_07472,0.009527672082185745,0.9877790808677673
TEST_07473,0.010651716962456703,0.9996222257614136
TEST_07474,0.0030133959371596575,0.9790245294570923
TEST_07475,0.0019225806463509798,0.9905514717102051
TEST_07476,0.004880968481302261,0.839829683303833
TEST_07477,0.04288097470998764,0.9663033485412598
TEST_07478,0.02277304232120514,0.949833869934082
TEST_07479,0.044312648475170135,0.468405157327652
TEST_07480,0.0004966957494616508,0.9924477338790894
TEST_07481,0.0029172280337661505,0.9935848116874695
TEST_07482,0.0003726122959051281,0.9971715807914734
TEST_07483,0.1388264000415802,0.821166455745697
TEST_07484,0.002767968224361539,0.9594978094100952
TEST_07485,0.02686007134616375,0.9334706664085388
TEST_07486,0.5512725710868835,0.9194594025611877
TEST_07487,0.0014841238735243678,0.9992930889129639
TEST_07488,0.0027478192932903767,0.9965375661849976
TEST_07489,0.004729688633233309,0.9677780270576477
TEST_07490,0.012678910046815872,0.9879050254821777
TEST_07491,0.016545850783586502,0.9919494390487671
TEST_07492,0.09567675739526749,0.8130808472633362
TEST_07493,0.43775254487991333,0.781234860420227
TEST_07494,0.8308508992195129,0.1646793782711029
TEST_07495,0.15312114357948303,0.9901189804077148
TEST_07496,0.019881298765540123,0.9579565525054932
TEST_07497,0.011151078157126904,0.975105345249176
TEST_07498,0.9793175458908081,0.04101480543613434
TEST_07499,0.7601637840270996,0.55533367395401
TEST_07500,0.004940258339047432,0.991534948348999
TEST_07501,0.001944897579960525,0.9778164625167847
TEST_07502,0.0008548956830054522,0.9998406171798706
TEST_07503,0.007619854528456926,0.9926062822341919
TEST_07504,0.007197756785899401,0.9902267456054688
TEST_07505,0.005541396792978048,0.6355154514312744
TEST_07506,0.015421663410961628,0.9240956902503967
TEST_07507,0.007960334420204163,0.5947666764259338
TEST_07508,0.003980345092713833,0.9794840812683105
TEST_07509,0.5897706747055054,0.8768265843391418
TEST_07510,0.011009348556399345,0.2774695158004761
TEST_07511,0.014621179550886154,0.9997954964637756
TEST_07512,0.42188534140586853,0.9078713655471802
TEST_07513,0.0047975885681807995,0.9997531771659851
TEST_07514,0.008411438204348087,0.9851662516593933
TEST_07515,0.0025459101889282465,0.9643573760986328
TEST_07516,0.06618188321590424,0.9835154414176941
TEST_07517,0.0027127335779368877,0.8785142302513123
TEST_07518,0.03587281331419945,0.9082096219062805
TEST_07519,0.05796611309051514,0.9642417430877686
TEST_07520,0.003171205287799239,0.999961256980896
TEST_07521,0.05383961275219917,0.9997159838676453
TEST_07522,0.01676010712981224,0.9706377983093262
TEST_07523,0.2580178678035736,0.8879096508026123
TEST_07524,0.011175938881933689,0.8880437612533569
TEST_07525,0.0004400633042678237,0.9987321496009827
TEST_07526,0.42357560992240906,0.1874147206544876
TEST_07527,0.03125708922743797,0.9179174304008484
TEST_07528,0.04144985228776932,0.9821258783340454
TEST_07529,0.00021557848958764225,0.9999995231628418
TEST_07530,0.0031319046393036842,0.9860073924064636
TEST_07531,0.024445869028568268,0.9845983982086182
TEST_07532,0.9723201990127563,0.27033016085624695
TEST_07533,0.014028132893145084,0.6322903633117676
TEST_07534,0.00038409302942454815,0.9996333122253418
TEST_07535,0.031015288084745407,0.9880714416503906
TEST_07536,0.0341966450214386,0.985071063041687
TEST_07537,0.0014514073263853788,0.9968754053115845
TEST_07538,0.05733976140618324,0.8566086292266846
TEST_07539,0.006366157904267311,0.9898616075515747
TEST_07540,0.01714438758790493,0.998948872089386
TEST_07541,0.0011026925640180707,0.9973867535591125
TEST_07542,0.004966491833329201,0.9891437888145447
TEST_07543,0.05372630059719086,0.810265064239502
TEST_07544,0.10935325175523758,0.9458112716674805
TEST_07545,0.02981700375676155,0.7669495940208435
TEST_07546,0.02592683769762516,0.9369507431983948
TEST_07547,0.003114422084763646,0.9815160036087036
TEST_07548,0.07775580883026123,0.9686676859855652
TEST_07549,0.004560269881039858,0.9855124354362488
TEST_07550,0.0022379327565431595,0.9620188474655151
TEST_07551,0.0013383986661210656,0.9986374974250793
TEST_07552,0.004361563827842474,0.996311604976654
TEST_07553,0.016183653846383095,0.8353639841079712
TEST_07554,0.8995203375816345,0.48803436756134033
TEST_07555,0.15406493842601776,0.8827682137489319
TEST_07556,0.5572108626365662,0.8140659928321838
TEST_07557,0.04635169357061386,0.9757392406463623
TEST_07558,0.0015435382956638932,0.9999974966049194
TEST_07559,0.00277876784093678,0.9981628060340881
TEST_07560,0.68483966588974,0.6173758506774902
TEST_07561,0.036365047097206116,0.9568279385566711
TEST_07562,0.0006927333888597786,0.9982600808143616
TEST_07563,0.0059066042304039,0.9751843810081482
TEST_07564,0.005491636227816343,0.999755322933197
TEST_07565,0.6403353214263916,0.9990443587303162
TEST_07566,0.03371977061033249,0.8970657587051392
TEST_07567,0.0023688990622758865,0.9970811009407043
TEST_07568,0.0010918648913502693,0.9972243309020996
TEST_07569,0.027103833854198456,0.6762404441833496
TEST_07570,0.027246221899986267,0.9024303555488586
TEST_07571,0.09366165101528168,0.9130597114562988
TEST_07572,0.6294497847557068,0.7932347059249878
TEST_07573,0.963460385799408,0.8760272860527039
TEST_07574,0.010509058833122253,0.9890081882476807
TEST_07575,0.047609686851501465,0.8073533773422241
TEST_07576,0.9775698184967041,0.5879634022712708
TEST_07577,0.9685218334197998,0.9785869717597961
TEST_07578,0.044888947159051895,0.9829940795898438
TEST_07579,0.0003212211886420846,0.9998362064361572
TEST_07580,0.006144489627331495,0.9903282523155212
TEST_07581,0.001261228579096496,0.9980280995368958
TEST_07582,1.4106517483014613e-05,0.9997790455818176
TEST_07583,0.007146600633859634,0.9996755123138428
TEST_07584,0.24140535295009613,0.7506566047668457
TEST_07585,0.0008154542301781476,0.9996837377548218
TEST_07586,0.10673877596855164,0.44237852096557617
TEST_07587,0.2729981541633606,0.9536332488059998
TEST_07588,0.7561076879501343,0.9765672087669373
TEST_07589,0.0023204938042908907,0.9736253619194031
TEST_07590,0.5066222548484802,0.9055328965187073
TEST_07591,0.055339619517326355,0.9280577301979065
TEST_07592,0.0035907540004700422,0.9984710812568665
TEST_07593,0.01147784385830164,0.9661419987678528
TEST_07594,0.0075613269582390785,0.9914072155952454
TEST_07595,0.00968144740909338,0.9745553731918335
TEST_07596,0.0007658464019186795,0.999373733997345
TEST_07597,0.002052150433883071,0.998896598815918
TEST_07598,0.010485376231372356,0.990588903427124
TEST_07599,0.011185395531356335,0.9896719455718994
TEST_07600,0.02225668728351593,0.997163712978363
TEST_07601,0.0045706043019890785,0.9992307424545288
TEST_07602,0.011496416293084621,0.9998594522476196
TEST_07603,0.004996432922780514,0.983588457107544
TEST_07604,0.006651939824223518,0.9691949486732483
TEST_07605,0.0023936419747769833,0.9979815483093262
TEST_07606,0.00047307420754805207,0.9993070363998413
TEST_07607,0.04178604111075401,0.9556583166122437
TEST_07608,0.03288164362311363,0.924369215965271
TEST_07609,0.6290899515151978,0.9815757274627686
TEST_07610,0.00015316302597057074,0.9954113364219666
TEST_07611,0.4175378680229187,0.9577532410621643
TEST_07612,0.2671259045600891,0.8829929828643799
TEST_07613,0.0429491251707077,0.9928054213523865
TEST_07614,0.19006365537643433,0.8844605684280396
TEST_07615,0.01703689806163311,0.6157159209251404
TEST_07616,0.013517205603420734,0.993563175201416
TEST_07617,0.006546058226376772,0.9956581592559814
TEST_07618,0.006349373143166304,0.9970200657844543
TEST_07619,0.05079858750104904,0.9989328980445862
TEST_07620,0.00043698851368390024,0.9998917579650879
TEST_07621,0.620137095451355,0.03144269809126854
TEST_07622,0.004472403321415186,0.9574726223945618
TEST_07623,0.2765127718448639,0.9844984412193298
TEST_07624,0.04115164652466774,0.8545592427253723
TEST_07625,0.021877078339457512,0.992573618888855
TEST_07626,0.8652380108833313,0.12553592026233673
TEST_07627,0.02005217783153057,0.9577044248580933
TEST_07628,0.03431783244013786,0.861240804195404
TEST_07629,0.03045162744820118,0.6719411611557007
TEST_07630,0.03908668830990791,0.9304044842720032
TEST_07631,0.2925272285938263,0.9795140027999878
TEST_07632,0.04265615716576576,0.925777792930603
TEST_07633,0.0074960608035326,0.9833167195320129
TEST_07634,0.9999624490737915,0.0010859681060537696
TEST_07635,0.0411711260676384,0.9668743014335632
TEST_07636,0.0022356968838721514,0.9945966005325317
TEST_07637,0.003212166950106621,0.9994831085205078
TEST_07638,0.000696674978826195,0.9949045181274414
TEST_07639,0.0008025744464248419,0.9999663829803467
TEST_07640,0.04137749224901199,0.994093120098114
TEST_07641,0.0032959994859993458,0.9043527841567993
TEST_07642,0.3956015706062317,0.9835004806518555
TEST_07643,0.006536074914038181,0.9784550070762634
TEST_07644,0.9837680459022522,0.22891898453235626
TEST_07645,0.0011270950781181455,0.9998458623886108
TEST_07646,0.9984020590782166,0.0006750632892362773
TEST_07647,0.26299673318862915,0.9980777502059937
TEST_07648,0.8512424826622009,0.8997074961662292
TEST_07649,0.12155421078205109,0.978104293346405
TEST_07650,0.03791394457221031,0.8984972834587097
TEST_07651,0.005475266370922327,0.9480637311935425
TEST_07652,0.2999379336833954,0.8384715914726257
TEST_07653,0.016872994601726532,0.7890691757202148
TEST_07654,0.004428583662956953,0.9822158813476562
TEST_07655,0.010581032373011112,0.999546468257904
TEST_07656,0.0037800862919539213,0.7477672100067139
TEST_07657,0.08235925436019897,0.991489052772522
TEST_07658,0.00014214949624147266,0.9997236132621765
TEST_07659,0.016039973124861717,0.9860484600067139
TEST_07660,0.5382119417190552,0.9575501084327698
TEST_07661,0.003913225140422583,0.9984166622161865
TEST_07662,0.13720625638961792,0.9454882144927979
TEST_07663,0.012379160150885582,0.9486995339393616
TEST_07664,0.014851506799459457,0.9494569897651672
TEST_07665,0.004937570542097092,0.9504856467247009
TEST_07666,0.003209935501217842,0.9856642484664917
TEST_07667,0.9875677824020386,0.00249252631329
TEST_07668,0.06722784042358398,0.9916406869888306
TEST_07669,0.01615123637020588,0.8981800079345703
TEST_07670,0.02635066770017147,0.9807661771774292
TEST_07671,0.024533823132514954,0.9999451637268066
TEST_07672,0.01035518478602171,0.9894143342971802
TEST_07673,0.39995139837265015,0.9920744895935059
TEST_07674,0.07120773941278458,0.9001415371894836
TEST_07675,0.0020938932429999113,0.981255829334259
TEST_07676,0.013282627798616886,0.9921250939369202
TEST_07677,0.0012782112462446094,0.9980862140655518
TEST_07678,0.09432371705770493,0.871410608291626
TEST_07679,0.037116874009370804,0.8689361810684204
TEST_07680,0.011824843473732471,0.9910552501678467
TEST_07681,0.01471254788339138,0.9378297924995422
TEST_07682,0.032361581921577454,0.896102786064148
TEST_07683,0.0022008123341947794,0.9955933690071106
TEST_07684,0.38983744382858276,0.8809747695922852
TEST_07685,0.006658729165792465,0.9725437164306641
TEST_07686,0.011697990819811821,0.9748734831809998
TEST_07687,0.04606286808848381,0.9539489150047302
TEST_07688,0.022377613931894302,0.9806525707244873
TEST_07689,0.27347078919410706,0.7816661596298218
TEST_07690,0.01991095580160618,0.9926042556762695
TEST_07691,0.02979966253042221,0.9049245715141296
TEST_07692,0.5851105451583862,0.4422245919704437
TEST_07693,0.21420536935329437,0.9489920735359192
TEST_07694,0.013587537221610546,0.5707273483276367
TEST_07695,0.004818908870220184,0.9992961883544922
TEST_07696,0.000845685601234436,0.9999769926071167
TEST_07697,0.03771002218127251,0.8796374201774597
TEST_07698,0.9915640354156494,0.5653105974197388
TEST_07699,0.38704031705856323,0.9634511470794678
TEST_07700,0.899197518825531,0.2932589054107666
TEST_07701,0.13972246646881104,0.2773279845714569
TEST_07702,0.014743360690772533,0.9977781176567078
TEST_07703,0.007594278082251549,0.9999997615814209
TEST_07704,0.9313612580299377,0.8205320835113525
TEST_07705,0.396340936422348,0.8957659602165222
TEST_07706,0.020459547638893127,0.7353872656822205
TEST_07707,0.011079217307269573,0.9097270965576172
TEST_07708,0.00444552768021822,0.9986377358436584
TEST_07709,0.01489641796797514,0.963716983795166
TEST_07710,0.049879010766744614,0.6449748277664185
TEST_07711,0.02367611974477768,0.9117324948310852
TEST_07712,0.14670777320861816,0.9336071610450745
TEST_07713,0.08854954689741135,0.9016283750534058
TEST_07714,0.005243401043117046,0.9852777123451233
TEST_07715,0.008052664808928967,0.9190711975097656
TEST_07716,0.0019736080430448055,0.9994359612464905
TEST_07717,0.033205270767211914,0.8940171003341675
TEST_07718,0.006629804149270058,0.9905070066452026
TEST_07719,0.6591940522193909,0.9929215312004089
TEST_07720,0.03356894105672836,0.969439685344696
TEST_07721,0.6088792681694031,0.9989714622497559
TEST_07722,0.010162502527236938,0.98764568567276
TEST_07723,0.005789965856820345,0.8957473635673523
TEST_07724,0.0012464819010347128,0.9971601963043213
TEST_07725,0.008205423131585121,0.9183893799781799
TEST_07726,0.3913765549659729,0.8989228010177612
TEST_07727,0.39120033383369446,0.912695586681366
TEST_07728,0.009941181167960167,0.9989057779312134
TEST_07729,0.008519302122294903,0.968140721321106
TEST_07730,0.0011120055569335818,0.9882820248603821
TEST_07731,0.7709236741065979,0.8381018042564392
TEST_07732,0.0006769222673028708,0.9966704249382019
TEST_07733,0.004494211170822382,0.964634895324707
TEST_07734,0.0018287304555997252,0.9939066767692566
TEST_07735,0.012468626722693443,0.9994767308235168
TEST_07736,0.024251431226730347,0.9670059084892273
TEST_07737,0.0012773429043591022,0.9136279821395874
TEST_07738,0.00015225529205054045,0.9953752756118774
TEST_07739,0.012454027310013771,0.8890798687934875
TEST_07740,0.001794306794181466,0.9961317777633667
TEST_07741,0.0027784411795437336,0.9948786497116089
TEST_07742,0.06278561800718307,0.9799495339393616
TEST_07743,0.13967791199684143,0.8493937253952026
TEST_07744,0.23294930160045624,0.9552209377288818
TEST_07745,0.21431300044059753,0.8498069643974304
TEST_07746,0.0025813716929405928,0.9635270237922668
TEST_07747,0.001870354637503624,0.9487870931625366
TEST_07748,0.06692802160978317,0.9878892302513123
TEST_07749,0.18632909655570984,0.8672876954078674
TEST_07750,0.9700974225997925,0.9954894185066223
TEST_07751,0.6409892439842224,0.00043316709343343973
TEST_07752,0.001642751507461071,0.9969366788864136
TEST_07753,0.0005997099215164781,0.9980241060256958
TEST_07754,0.007587017957121134,0.9748989939689636
TEST_07755,0.9893396496772766,0.5039356350898743
TEST_07756,0.10686509311199188,0.6678087711334229
TEST_07757,0.026236824691295624,0.9946486353874207
TEST_07758,0.021892433986067772,0.9955416321754456
TEST_07759,0.0053284005261957645,0.8767995834350586
TEST_07760,0.005655497778207064,0.8428011536598206
TEST_07761,0.029117625206708908,0.9560494422912598
TEST_07762,0.006736108101904392,0.9785709977149963
TEST_07763,0.0015056940028443933,0.996609091758728
TEST_07764,0.022382715716958046,0.9390711188316345
TEST_07765,0.027875948697328568,0.9960393905639648
TEST_07766,0.5026236772537231,0.5691930055618286
TEST_07767,0.0014523206045851111,0.98764568567276
TEST_07768,0.07411057502031326,0.9979224801063538
TEST_07769,0.0007051209104247391,0.9997530579566956
TEST_07770,0.012248438782989979,0.9033806324005127
TEST_07771,0.989840567111969,0.5905270576477051
TEST_07772,0.007890423759818077,0.9404427409172058
TEST_07773,0.001564288279041648,0.9499199390411377
TEST_07774,0.015405047684907913,0.9741353988647461
TEST_07775,7.449105760315433e-05,0.998868465423584
TEST_07776,0.12471438944339752,0.9917454123497009
TEST_07777,0.01662997528910637,0.9878931641578674
TEST_07778,0.04900241270661354,0.970838189125061
TEST_07779,0.01485814806073904,0.9814335703849792
TEST_07780,0.0003323627170175314,0.9985224604606628
TEST_07781,0.2606361210346222,0.9307315349578857
TEST_07782,0.014369471929967403,0.9999972581863403
TEST_07783,0.8155863881111145,0.2037605494260788
TEST_07784,0.40576717257499695,0.34734266996383667
TEST_07785,0.0073825339786708355,0.9754515290260315
TEST_07786,0.0430452786386013,0.6769152879714966
TEST_07787,0.9998595714569092,1.1095166883023921e-05
TEST_07788,0.0032671308144927025,0.992255687713623
TEST_07789,5.5782693380024284e-05,0.9996863603591919
TEST_07790,0.011409100145101547,0.9663655757904053
TEST_07791,0.9919827580451965,0.8933491110801697
TEST_07792,0.010630697011947632,0.9955556988716125
TEST_07793,0.02545415796339512,0.9748579859733582
TEST_07794,0.020959993824362755,0.9970800280570984
TEST_07795,0.001971651567146182,0.9999940395355225
TEST_07796,0.015794016420841217,0.9863293766975403
TEST_07797,0.9289902448654175,0.9430157542228699
TEST_07798,0.7738373875617981,0.7781466841697693
TEST_07799,0.009230142459273338,0.9918755292892456
TEST_07800,0.11372480541467667,0.897682249546051
TEST_07801,0.0182028878480196,0.6849889755249023
TEST_07802,0.039160605520009995,0.9078584313392639
TEST_07803,0.008098462596535683,0.9773373007774353
TEST_07804,0.0016990287695080042,0.9935929179191589
TEST_07805,0.001214367221109569,0.9994791150093079
TEST_07806,0.011632708832621574,0.8781636357307434
TEST_07807,0.005101316142827272,0.9992161989212036
TEST_07808,0.03460995480418205,0.9912902116775513
TEST_07809,0.0002692973066587001,0.995101809501648
TEST_07810,0.004944939631968737,0.9997088313102722
TEST_07811,0.3165498673915863,0.2749258875846863
TEST_07812,0.06810595840215683,0.8506566286087036
TEST_07813,0.27564099431037903,0.9839609861373901
TEST_07814,0.0007299389690160751,0.9938669800758362
TEST_07815,0.0004393892886582762,0.9999194145202637
TEST_07816,0.026107897982001305,0.1064935252070427
TEST_07817,0.00022848337539471686,0.9996471405029297
TEST_07818,0.008875157684087753,0.9367343783378601
TEST_07819,0.011104385368525982,0.9785184860229492
TEST_07820,0.03272293508052826,0.9770036339759827
TEST_07821,0.0530969500541687,0.8750216960906982
TEST_07822,0.5926520824432373,0.9405168294906616
TEST_07823,0.44142019748687744,0.23049654066562653
TEST_07824,0.003866728628054261,0.993166983127594
TEST_07825,0.05561896413564682,0.9130955338478088
TEST_07826,0.01070266030728817,0.9814321994781494
TEST_07827,5.620503543468658e-06,0.9975516200065613
TEST_07828,0.000999538809992373,0.9951393604278564
TEST_07829,0.0013574226759374142,0.9963094592094421
TEST_07830,0.5272602438926697,0.6162309050559998
TEST_07831,0.0001367611694149673,0.9986419081687927
TEST_07832,0.11814581602811813,0.8891405463218689
TEST_07833,0.0003605517267715186,0.9857855439186096
TEST_07834,0.012504346668720245,0.9871806502342224
TEST_07835,0.002445968333631754,0.987829327583313
TEST_07836,0.03484376147389412,0.9789308309555054
TEST_07837,0.05806900933384895,0.9683408737182617
TEST_07838,0.003727889619767666,0.9956531524658203
TEST_07839,0.6503559947013855,0.8558923602104187
TEST_07840,0.15307645499706268,0.9748603701591492
TEST_07841,0.47730767726898193,0.968858003616333
TEST_07842,0.004322524182498455,0.9897903800010681
TEST_07843,0.03393702954053879,0.9861447811126709
TEST_07844,0.0035364169161766768,0.9981973767280579
TEST_07845,0.0005417649517767131,0.9993461966514587
TEST_07846,0.0009130120743066072,0.9942225813865662
TEST_07847,0.004340421408414841,0.9992424249649048
TEST_07848,0.0032317102886736393,0.9983261227607727
TEST_07849,0.019300786778330803,0.9819447994232178
TEST_07850,0.14811870455741882,0.6669765710830688
TEST_07851,0.11915769428014755,0.9943392872810364
TEST_07852,0.018057048320770264,0.9911477565765381
TEST_07853,0.00644821859896183,0.9028589725494385
TEST_07854,0.005018570460379124,0.9093122482299805
TEST_07855,0.023504359647631645,0.8830039501190186
TEST_07856,0.025111563503742218,0.9996742010116577
TEST_07857,0.01903529465198517,0.9973195195198059
TEST_07858,0.15148000419139862,0.999414324760437
TEST_07859,0.28669267892837524,0.9081765413284302
TEST_07860,0.009273724630475044,0.9971408843994141
TEST_07861,0.023775799199938774,0.9995635151863098
TEST_07862,0.0013741859002038836,0.9889979958534241
TEST_07863,0.04416018724441528,0.9083686470985413
TEST_07864,0.013277853839099407,0.9939426779747009
TEST_07865,0.002639908343553543,0.9847634434700012
TEST_07866,0.02711956948041916,0.995648205280304
TEST_07867,0.0038862479850649834,0.8540734052658081
TEST_07868,0.026153504848480225,0.9309971332550049
TEST_07869,0.0016441292827948928,0.9938778281211853
TEST_07870,0.8545560836791992,0.9789817929267883
TEST_07871,0.1337747573852539,0.9515784978866577
TEST_07872,0.021288860589265823,0.9989666938781738
TEST_07873,0.0011228855000808835,0.9898785352706909
TEST_07874,0.03414786607027054,0.9623652696609497
TEST_07875,0.028858503326773643,0.9981237053871155
TEST_07876,0.005348121281713247,0.9979269504547119
TEST_07877,0.0005936530069448054,0.9988815188407898
TEST_07878,0.012147536501288414,0.869136393070221
TEST_07879,0.033272635191679,0.917435884475708
TEST_07880,0.9536200165748596,0.7568859457969666
TEST_07881,0.013051306828856468,0.9994992017745972
TEST_07882,0.038839031010866165,0.3498819172382355
TEST_07883,0.43729808926582336,0.7847563028335571
TEST_07884,0.027286384254693985,0.9623029828071594
TEST_07885,0.035948388278484344,0.8956307768821716
TEST_07886,0.009511135518550873,0.9192913174629211
TEST_07887,0.04187163710594177,0.8775680661201477
TEST_07888,0.0032805358059704304,0.9980131387710571
TEST_07889,0.013361702673137188,0.9262901544570923
TEST_07890,0.5180721282958984,0.5622957348823547
TEST_07891,0.009127935394644737,0.9655163884162903
TEST_07892,0.010729396715760231,0.9899877905845642
TEST_07893,0.0035559420939534903,0.9991063475608826
TEST_07894,0.008057820610702038,0.9996778964996338
TEST_07895,0.0006638491177000105,0.9946869611740112
TEST_07896,0.002774953143671155,0.8430520296096802
TEST_07897,0.000703842262737453,0.9972780346870422
TEST_07898,0.9955311417579651,0.13196180760860443
TEST_07899,0.02506343647837639,0.992928683757782
TEST_07900,0.0018035037210211158,0.9978753328323364
TEST_07901,0.0018402454443275928,0.9970609545707703
TEST_07902,0.1426120549440384,0.641602635383606
TEST_07903,0.2754170894622803,0.5512852072715759
TEST_07904,0.8952163457870483,0.011249645613133907
TEST_07905,0.017848439514636993,0.9988812804222107
TEST_07906,0.9857097864151001,0.21885867416858673
TEST_07907,0.008073103614151478,0.9992290735244751
TEST_07908,0.9335102438926697,0.7252197861671448
TEST_07909,0.00029450247529894114,0.9998928308486938
TEST_07910,0.3999278247356415,0.975728452205658
TEST_07911,0.024955276399850845,0.9889634847640991
TEST_07912,0.04381623864173889,0.972646951675415
TEST_07913,0.8694482445716858,0.2698935568332672
TEST_07914,0.029912039637565613,0.9874081611633301
TEST_07915,0.0492277592420578,0.9253491163253784
TEST_07916,0.010623607784509659,0.8202615976333618
TEST_07917,0.012904993258416653,0.9747933745384216
TEST_07918,0.6161700487136841,0.7745830416679382
TEST_07919,0.0212788637727499,0.9973428845405579
TEST_07920,0.025011684745550156,0.9808295965194702
TEST_07921,0.14012372493743896,0.9849939942359924
TEST_07922,0.0035292678512632847,0.9960123300552368
TEST_07923,0.014431817457079887,0.9738673567771912
TEST_07924,0.6498656868934631,0.9641414284706116
TEST_07925,0.027610069140791893,0.8943083882331848
TEST_07926,0.012748806737363338,0.9814711213111877
TEST_07927,0.0008366354159079492,0.9971640706062317
TEST_07928,0.007316029164940119,0.999701201915741
TEST_07929,0.003113821381703019,0.9991199374198914
TEST_07930,0.002532327314838767,0.9961494207382202
TEST_07931,0.9477567076683044,0.15399491786956787
TEST_07932,0.0010088926646858454,0.9985681772232056
TEST_07933,0.43991920351982117,0.9927564263343811
TEST_07934,0.062368787825107574,0.9997509121894836
TEST_07935,0.004613376222550869,0.9989223480224609
TEST_07936,0.08976592123508453,0.98919278383255
TEST_07937,0.6686946153640747,0.8168203830718994
TEST_07938,0.97014319896698,0.9297155737876892
TEST_07939,0.09543561935424805,0.9349802136421204
TEST_07940,0.4060728847980499,0.9393922090530396
TEST_07941,0.04512866586446762,0.9034051299095154
TEST_07942,0.0011218382278457284,0.9604613780975342
TEST_07943,0.006377062294632196,0.9959619641304016
TEST_07944,0.02964901365339756,0.9881238341331482
TEST_07945,0.000614345190115273,0.9936489462852478
TEST_07946,0.011121164076030254,0.8494110703468323
TEST_07947,0.1624026894569397,0.7840398550033569
TEST_07948,0.0343596450984478,0.9604917168617249
TEST_07949,0.0048165819607675076,0.9939420819282532
TEST_07950,0.08410114049911499,0.8243916034698486
TEST_07951,0.5283533930778503,0.9899712800979614
TEST_07952,0.12080115079879761,0.9244193434715271
TEST_07953,0.030890142545104027,0.9420097470283508
TEST_07954,0.45588433742523193,0.059629347175359726
TEST_07955,0.003264740342274308,0.9871980547904968
TEST_07956,0.00020241604943294078,0.9999632835388184
TEST_07957,0.03145496919751167,0.9128885865211487
TEST_07958,0.005215267185121775,0.9864213466644287
TEST_07959,0.360903799533844,0.5472527146339417
TEST_07960,0.15136516094207764,0.36058729887008667
TEST_07961,0.10800548642873764,0.9082397818565369
TEST_07962,0.0382915735244751,0.9146434664726257
TEST_07963,0.026242762804031372,0.9952027797698975
TEST_07964,0.04185080900788307,0.8160672783851624
TEST_07965,0.3807148337364197,0.23827865719795227
TEST_07966,0.02545640431344509,0.9573272466659546
TEST_07967,0.02138213999569416,0.917119026184082
TEST_07968,0.045354001224040985,0.9997425675392151
TEST_07969,0.14035823941230774,0.9693410992622375
TEST_07970,0.5913339853286743,0.9816941618919373
TEST_07971,0.0027821562252938747,0.995293915271759
TEST_07972,0.215603306889534,0.8971682190895081
TEST_07973,0.003572861198335886,0.997532844543457
TEST_07974,2.2579176857107086e-06,0.999496340751648
TEST_07975,0.01288048829883337,0.9938291907310486
TEST_07976,0.028376484289765358,0.9887873530387878
TEST_07977,0.014383065514266491,0.9890333414077759
TEST_07978,0.12853337824344635,0.9403741955757141
TEST_07979,0.0057955957017838955,0.9962450861930847
TEST_07980,0.006580448243767023,0.99429851770401
TEST_07981,0.004906034097075462,0.7234107851982117
TEST_07982,0.011215233244001865,0.991124153137207
TEST_07983,0.06378263980150223,0.8725631237030029
TEST_07984,0.9952114224433899,0.9174780249595642
TEST_07985,0.04913286119699478,0.9497146010398865
TEST_07986,0.03848523274064064,0.9603221416473389
TEST_07987,0.16785183548927307,0.8937990665435791
TEST_07988,0.024584269151091576,0.9981440305709839
TEST_07989,0.00015206521493382752,0.9999167919158936
TEST_07990,0.00813507940620184,0.9970115423202515
TEST_07991,0.056914251297712326,0.9585540294647217
TEST_07992,0.0095355324447155,0.998690664768219
TEST_07993,0.059534747153520584,0.79265296459198
TEST_07994,0.02720247209072113,0.9590548276901245
TEST_07995,0.0022689427714794874,0.9869007468223572
TEST_07996,0.9223470687866211,0.46047887206077576
TEST_07997,0.033791761845350266,0.8723390698432922
TEST_07998,0.0008980719139799476,0.9994698166847229
TEST_07999,0.0005659374292008579,0.9900283217430115
TEST_08000,0.01896587200462818,0.8839224576950073
TEST_08001,0.0010919917840510607,0.9999881982803345
TEST_08002,0.004026849288493395,0.9959892630577087
TEST_08003,0.018342971801757812,0.892121434211731
TEST_08004,0.988419771194458,0.1659277379512787
TEST_08005,0.011802859604358673,0.9960911870002747
TEST_08006,0.012262245640158653,0.9977546334266663
TEST_08007,0.0013077029725536704,0.9985226988792419
TEST_08008,0.03950774297118187,0.9753665924072266
TEST_08009,0.03428809717297554,0.8816840052604675
TEST_08010,0.006801705341786146,0.9640796184539795
TEST_08011,0.017705868929624557,0.9785207509994507
TEST_08012,0.001482052612118423,0.9969654679298401
TEST_08013,0.01602386124432087,0.9178950786590576
TEST_08014,0.04328562319278717,0.9967737793922424
TEST_08015,0.00827944464981556,0.9999991655349731
TEST_08016,0.029684247449040413,0.9202815890312195
TEST_08017,0.006129220128059387,0.9974749684333801
TEST_08018,0.6708967685699463,0.8142111301422119
TEST_08019,0.08822808414697647,0.9817534685134888
TEST_08020,0.07177236676216125,0.8023157715797424
TEST_08021,0.002827511867508292,0.9835634231567383
TEST_08022,0.10018613934516907,0.0029469637665897608
TEST_08023,0.021975206211209297,0.9535945057868958
TEST_08024,0.03050869330763817,0.9348445534706116
TEST_08025,0.007297104224562645,0.9942711591720581
TEST_08026,0.13614147901535034,0.8270552754402161
TEST_08027,0.019590171054005623,0.9865998029708862
TEST_08028,0.0033310302533209324,0.9253952503204346
TEST_08029,0.004495128523558378,0.9805868864059448
TEST_08030,0.04930443316698074,0.9996219873428345
TEST_08031,0.004536108113825321,0.9889470934867859
TEST_08032,0.00465790368616581,0.9933032393455505
TEST_08033,0.023716088384389877,0.9983275532722473
TEST_08034,0.9922438263893127,0.965286910533905
TEST_08035,0.030550969764590263,0.9787629246711731
TEST_08036,0.8605718016624451,0.04618171975016594
TEST_08037,0.0053143748082220554,0.9705103039741516
TEST_08038,0.002885574707761407,0.997617781162262
TEST_08039,0.029244903475046158,0.9917775392532349
TEST_08040,0.5135329961776733,0.8603483438491821
TEST_08041,0.022207411006093025,0.9211551547050476
TEST_08042,0.09466221183538437,0.9677155017852783
TEST_08043,0.012167034670710564,0.980038046836853
TEST_08044,0.020306704565882683,0.8996685147285461
TEST_08045,0.33212000131607056,0.890631914138794
TEST_08046,0.003565995953977108,0.9874338507652283
TEST_08047,0.29743245244026184,0.9788530468940735
TEST_08048,0.08514191210269928,0.6457650661468506
TEST_08049,0.050708625465631485,0.9295284152030945
TEST_08050,0.0014527500607073307,0.9989748001098633
TEST_08051,0.02145540341734886,0.9991849064826965
TEST_08052,0.016357528045773506,0.9220008254051208
TEST_08053,0.11139342933893204,0.8756980895996094
TEST_08054,0.04075225815176964,0.9432644248008728
TEST_08055,0.007324816659092903,0.9797946810722351
TEST_08056,0.9986553192138672,0.0019554379396140575
TEST_08057,0.9392715692520142,0.8463791608810425
TEST_08058,0.0009110285900533199,0.9995484948158264
TEST_08059,0.002435759175568819,0.9996683597564697
TEST_08060,0.964365541934967,0.1751965880393982
TEST_08061,0.00029121979605406523,0.9998093247413635
TEST_08062,0.00041869128472171724,0.9989128112792969
TEST_08063,0.005602574907243252,0.9995307922363281
TEST_08064,0.007846424356102943,0.9979127049446106
TEST_08065,0.025202704593539238,0.9315643310546875
TEST_08066,0.5291998982429504,0.8912795186042786
TEST_08067,0.0019171515014022589,0.9991083741188049
TEST_08068,0.010104604996740818,0.9993467926979065
TEST_08069,0.02748437598347664,0.9494583606719971
TEST_08070,0.015425927937030792,0.9996656179428101
TEST_08071,0.028401078656315804,0.8966425061225891
TEST_08072,0.0029250429943203926,0.9937463998794556
TEST_08073,0.9987578392028809,0.027195408940315247
TEST_08074,0.10475017875432968,0.936650812625885
TEST_08075,0.12958122789859772,0.930976152420044
TEST_08076,0.0004614235367625952,0.999842643737793
TEST_08077,0.0194109957665205,0.9821710586547852
TEST_08078,0.008299584500491619,0.9975589513778687
TEST_08079,0.02576071210205555,0.9383044838905334
TEST_08080,0.08347264677286148,0.9972053170204163
TEST_08081,0.011687896214425564,0.9804722666740417
TEST_08082,0.006768455728888512,0.9982478618621826
TEST_08083,0.06069967895746231,0.9706684350967407
TEST_08084,0.003971922677010298,0.9869202375411987
TEST_08085,0.006964745465666056,0.9953536987304688
TEST_08086,0.0009992216946557164,0.9986760020256042
TEST_08087,0.031194372102618217,0.8699834942817688
TEST_08088,0.03852951526641846,0.9855459928512573
TEST_08089,0.06922198832035065,0.9430220127105713
TEST_08090,0.004631849937140942,0.98487788438797
TEST_08091,0.005093799903988838,0.9989783763885498
TEST_08092,0.0006328376475721598,0.991101861000061
TEST_08093,0.003401458030566573,0.9950023293495178
TEST_08094,0.033534493297338486,0.9933153986930847
TEST_08095,0.006111941300332546,0.9520849585533142
TEST_08096,0.01698649674654007,0.9702127575874329
TEST_08097,0.00945715419948101,0.9994018077850342
TEST_08098,0.038456935435533524,0.9290825128555298
TEST_08099,0.0006751334294676781,0.9858605861663818
TEST_08100,0.0010279855923727155,0.9537543654441833
TEST_08101,0.011851277202367783,0.9764080047607422
TEST_08102,0.21357475221157074,0.8316555023193359
TEST_08103,0.000977490097284317,0.98746258020401
TEST_08104,0.011240272782742977,0.9961179494857788
TEST_08105,0.6488927602767944,0.931540310382843
TEST_08106,0.043625880032777786,0.9142719507217407
TEST_08107,0.7618551254272461,0.8639855980873108
TEST_08108,0.7810714840888977,0.8560997247695923
TEST_08109,0.028091980144381523,0.9785099029541016
TEST_08110,0.16263866424560547,0.9860066175460815
TEST_08111,0.033303406089544296,0.3297228515148163
TEST_08112,0.02065378986299038,0.9368172287940979
TEST_08113,0.07180675864219666,0.8750413060188293
TEST_08114,0.7421841621398926,0.9203243255615234
TEST_08115,0.07900884002447128,0.9679651856422424
TEST_08116,0.051780130714178085,0.932486355304718
TEST_08117,0.17253005504608154,0.527346670627594
TEST_08118,0.0016794652910903096,0.9930865168571472
TEST_08119,0.9967631101608276,0.8820715546607971
TEST_08120,0.03155333548784256,0.9285020232200623
TEST_08121,0.0012785126455128193,0.9995808005332947
TEST_08122,0.0011936068767681718,0.9578090906143188
TEST_08123,0.020957067608833313,0.9709882140159607
TEST_08124,0.002960236743092537,0.994478702545166
TEST_08125,0.0023395137395709753,0.989689826965332
TEST_08126,0.02078462392091751,0.9278700947761536
TEST_08127,0.004836041945964098,0.9987478256225586
TEST_08128,0.04144500195980072,0.8939655423164368
TEST_08129,0.013930345885455608,0.9827523827552795
TEST_08130,0.024299120530486107,0.9758860468864441
TEST_08131,0.8936496376991272,0.9671216607093811
TEST_08132,0.07669998705387115,0.983695387840271
TEST_08133,0.009159741923213005,0.9694269895553589
TEST_08134,0.5862550735473633,0.7472828030586243
TEST_08135,0.042123403400182724,0.9328553080558777
TEST_08136,0.002239369787275791,0.9997705817222595
TEST_08137,0.008785169571638107,0.9994767308235168
TEST_08138,0.0012624472146853805,0.9992189407348633
TEST_08139,0.35490044951438904,0.9874786138534546
TEST_08140,0.9292840361595154,0.04049358144402504
TEST_08141,0.2547172009944916,0.967631459236145
TEST_08142,0.008541087619960308,0.999115526676178
TEST_08143,0.0016554262256249785,0.9941938519477844
TEST_08144,0.9807964563369751,0.040977783501148224
TEST_08145,0.12166830152273178,0.9199134707450867
TEST_08146,0.008869506418704987,0.9845893979072571
TEST_08147,0.01856083981692791,0.9760968089103699
TEST_08148,0.8117950558662415,0.2468944936990738
TEST_08149,0.00018680481298360974,0.997314989566803
TEST_08150,6.729434062435757e-06,0.9999991655349731
TEST_08151,0.02065671794116497,0.7106797695159912
TEST_08152,0.0006835114909335971,0.9940354824066162
TEST_08153,0.013347766362130642,0.9879189133644104
TEST_08154,0.44414710998535156,0.9925428628921509
TEST_08155,0.04110981151461601,0.8697769045829773
TEST_08156,0.00039811458555050194,0.9997724890708923
TEST_08157,0.007691128645092249,0.9835233092308044
TEST_08158,0.004234121646732092,0.999930739402771
TEST_08159,0.04574870318174362,0.9472855925559998
TEST_08160,0.06685086339712143,0.9091254472732544
TEST_08161,0.0009671402513049543,0.9984891414642334
TEST_08162,0.05350590497255325,0.8487840294837952
TEST_08163,0.07682712376117706,0.9127966165542603
TEST_08164,0.004732400644570589,0.9764626622200012
TEST_08165,0.01737331971526146,0.9612917900085449
TEST_08166,0.7576830983161926,0.7758930921554565
TEST_08167,0.09090932458639145,0.9810856580734253
TEST_08168,0.1153680682182312,0.9839329719543457
TEST_08169,0.005668276455253363,0.9929030537605286
TEST_08170,0.018176285549998283,0.9752686023712158
TEST_08171,0.7285739183425903,0.9333277344703674
TEST_08172,0.0011136613320559263,0.9905574321746826
TEST_08173,0.378944993019104,0.9516217708587646
TEST_08174,0.21629519760608673,0.7198190689086914
TEST_08175,0.11262334883213043,0.9745698571205139
TEST_08176,0.1597823053598404,0.6665284037590027
TEST_08177,0.0018521680030971766,0.9979850053787231
TEST_08178,0.03343144804239273,0.9986650943756104
TEST_08179,0.1318446397781372,0.9521292448043823
TEST_08180,0.0024708984419703484,0.9998862743377686
TEST_08181,0.004690044559538364,0.9834592938423157
TEST_08182,0.7515528798103333,0.3569463789463043
TEST_08183,0.2858964502811432,0.982448935508728
TEST_08184,0.012051025405526161,0.9870467185974121
TEST_08185,0.001008311752229929,0.9999939203262329
TEST_08186,0.002651287242770195,0.9876355528831482
TEST_08187,0.0015222815563902259,0.9984326958656311
TEST_08188,0.9873374104499817,0.1892552226781845
TEST_08189,0.0051339673809707165,0.9990432858467102
TEST_08190,0.002114834962412715,0.9998533725738525
TEST_08191,0.0013184606796130538,0.9973862767219543
TEST_08192,0.027469327673316002,0.8914647102355957
TEST_08193,0.24459628760814667,0.545867383480072
TEST_08194,0.005216199904680252,0.958860456943512
TEST_08195,0.0015864054439589381,0.9944527745246887
TEST_08196,0.0023258686996996403,0.9948136806488037
TEST_08197,0.005262192338705063,0.9958815574645996
TEST_08198,0.00607901718467474,0.9696486592292786
TEST_08199,0.008909041993319988,0.9967458248138428
TEST_08200,0.17732787132263184,0.9879172444343567
TEST_08201,0.002927179913967848,0.9876002073287964
TEST_08202,0.00227668066509068,0.9854491353034973
TEST_08203,0.34779563546180725,0.9098449945449829
TEST_08204,0.035731323063373566,0.9172894954681396
TEST_08205,0.13060785830020905,0.9907786846160889
TEST_08206,0.021698856726288795,0.9140511155128479
TEST_08207,0.011949404142796993,0.9976372718811035
TEST_08208,0.0616317093372345,0.9992029070854187
TEST_08209,0.0017198912100866437,0.9986787438392639
TEST_08210,0.0017731096595525742,0.9993925094604492
TEST_08211,0.02682739496231079,0.8176935911178589
TEST_08212,0.0284142903983593,0.9805620312690735
TEST_08213,0.1303493231534958,0.8945867419242859
TEST_08214,0.013667932711541653,0.883806586265564
TEST_08215,0.00658187223598361,0.9937471151351929
TEST_08216,0.030398089438676834,0.956963837146759
TEST_08217,0.04517728462815285,0.9268213510513306
TEST_08218,0.8318865299224854,0.03649955242872238
TEST_08219,0.002327818889170885,0.9937275648117065
TEST_08220,0.005831653252243996,0.9956114888191223
TEST_08221,0.1057005301117897,0.9914345741271973
TEST_08222,0.11699128150939941,0.7585747838020325
TEST_08223,0.017352549359202385,0.7022884488105774
TEST_08224,0.08794418722391129,0.8776525259017944
TEST_08225,0.9994089603424072,9.989240061258897e-05
TEST_08226,0.042575985193252563,0.8995321989059448
TEST_08227,0.010865787044167519,0.9944684505462646
TEST_08228,0.04029921442270279,0.9950311183929443
TEST_08229,0.9290558695793152,0.8424426913261414
TEST_08230,0.8910463452339172,0.3942551612854004
TEST_08231,0.06541886925697327,0.8802131414413452
TEST_08232,0.0042908573523163795,0.9034708738327026
TEST_08233,0.003384934738278389,0.9444513916969299
TEST_08234,0.025374729186296463,0.9945036172866821
TEST_08235,0.015456746332347393,0.9432328939437866
TEST_08236,0.3000198304653168,0.8254615664482117
TEST_08237,0.030112430453300476,0.9519906044006348
TEST_08238,0.007548684254288673,0.986994206905365
TEST_08239,0.001096102292649448,0.9961977601051331
TEST_08240,0.2189306765794754,0.762700080871582
TEST_08241,0.009816874749958515,0.9952808022499084
TEST_08242,0.0009478551219217479,0.9999551773071289
TEST_08243,0.0015742202522233129,0.9453185200691223
TEST_08244,5.186597991269082e-05,0.9999728202819824
TEST_08245,0.028697820380330086,0.9314863085746765
TEST_08246,0.0011090877233073115,0.9879928827285767
TEST_08247,0.015252431854605675,0.7916584610939026
TEST_08248,0.23573565483093262,0.9959349632263184
TEST_08249,0.0006529154488816857,0.9919215440750122
TEST_08250,0.14836375415325165,0.940928041934967
TEST_08251,0.00258734286762774,0.9894578456878662
TEST_08252,0.03053075261414051,0.9939985275268555
TEST_08253,0.03020155057311058,0.9846534132957458
TEST_08254,0.0005800076760351658,0.988631546497345
TEST_08255,0.11541542410850525,0.32568246126174927
TEST_08256,0.0011008091969415545,0.9969821572303772
TEST_08257,0.09851881861686707,0.8239831328392029
TEST_08258,0.037541668862104416,0.8450390696525574
TEST_08259,0.6206311583518982,0.5100961327552795
TEST_08260,0.01117271464318037,0.9840288758277893
TEST_08261,0.04733576253056526,0.8528286218643188
TEST_08262,0.8162331581115723,0.003949990961700678
TEST_08263,0.0011956572998315096,0.9987452030181885
TEST_08264,0.0038372764829546213,0.9980610013008118
TEST_08265,0.018560707569122314,0.9928728342056274
TEST_08266,0.3324701189994812,0.9531004428863525
TEST_08267,0.012166954576969147,0.9831212759017944
TEST_08268,0.0010394789278507233,0.99892657995224
TEST_08269,0.0505712628364563,0.9914422631263733
TEST_08270,0.029270458966493607,0.9919754862785339
TEST_08271,0.0027563415933400393,0.9237407445907593
TEST_08272,0.019992372021079063,0.9629974365234375
TEST_08273,0.994216799736023,0.09441785514354706
TEST_08274,0.0059089032001793385,0.9739450216293335
TEST_08275,0.014646915718913078,0.8435331583023071
TEST_08276,0.01176398154348135,0.9864146113395691
TEST_08277,0.01182723417878151,0.9829141497612
TEST_08278,0.0025058186147361994,0.9975377321243286
TEST_08279,0.07705260813236237,0.9009727835655212
TEST_08280,0.0002785499091260135,0.999715268611908
TEST_08281,0.0008771151187829673,0.9999984502792358
TEST_08282,0.9835698008537292,0.06975404173135757
TEST_08283,0.01067101489752531,0.9830385446548462
TEST_08284,0.14738379418849945,0.006297396495938301
TEST_08285,0.018843071535229683,0.9240174293518066
TEST_08286,0.3034108877182007,0.8782549500465393
TEST_08287,0.0032028518617153168,0.9828858375549316
TEST_08288,0.3125995993614197,0.9459792375564575
TEST_08289,0.02929108962416649,0.9963610768318176
TEST_08290,0.004457526374608278,0.9894999861717224
TEST_08291,0.00857847835868597,0.9976339340209961
TEST_08292,0.8194268345832825,0.9834421277046204
TEST_08293,0.00637282757088542,0.9920491576194763
TEST_08294,0.039006151258945465,0.9842125773429871
TEST_08295,0.9998069405555725,0.0012745186686515808
TEST_08296,0.0013782856985926628,0.998134970664978
TEST_08297,0.17424838244915009,0.9854957461357117
TEST_08298,0.009810172952711582,0.8836978673934937
TEST_08299,0.0504424050450325,0.9775739312171936
TEST_08300,0.03045421838760376,0.9746852517127991
TEST_08301,0.01932942122220993,0.8554007411003113
TEST_08302,0.0005230921669863164,0.9993876218795776
TEST_08303,0.0008398350910283625,0.9915546774864197
TEST_08304,0.03552800416946411,0.9143309593200684
TEST_08305,0.7166447639465332,0.4149751365184784
TEST_08306,0.0007288566557690501,0.9975000023841858
TEST_08307,0.009775185957551003,0.9862422943115234
TEST_08308,0.03442315384745598,0.9751061201095581
TEST_08309,0.0014483958948403597,0.9964538812637329
TEST_08310,0.00579075887799263,0.9976410865783691
TEST_08311,0.9375788569450378,0.27231186628341675
TEST_08312,0.012437405996024609,0.8964112997055054
TEST_08313,0.00934977550059557,0.9710721969604492
TEST_08314,0.3866196870803833,0.7102825045585632
TEST_08315,0.048189401626586914,0.9393442273139954
TEST_08316,0.0340384878218174,0.9995904564857483
TEST_08317,0.0037162317894399166,0.9370329976081848
TEST_08318,0.030489815399050713,0.9808754920959473
TEST_08319,0.0023285942152142525,0.9784973859786987
TEST_08320,0.43139487504959106,0.9071040749549866
TEST_08321,0.0037655550986528397,0.998286783695221
TEST_08322,0.05369986966252327,0.9120564460754395
TEST_08323,0.0020340182818472385,0.9977631568908691
TEST_08324,0.01680760271847248,0.9896699786186218
TEST_08325,0.0006302927504293621,0.9994572997093201
TEST_08326,0.9694288969039917,0.3481817841529846
TEST_08327,0.0032678779680281878,0.9967415928840637
TEST_08328,0.0031706523150205612,0.9987743496894836
TEST_08329,0.08357863128185272,0.822149395942688
TEST_08330,0.0011016735807061195,0.9884833693504333
TEST_08331,0.05396966636180878,0.8570761680603027
TEST_08332,0.0003537445154506713,0.9909293055534363
TEST_08333,0.03753841295838356,0.7335606813430786
TEST_08334,0.8741751909255981,0.9270829558372498
TEST_08335,0.03800501674413681,0.902607262134552
TEST_08336,0.03234342858195305,0.956802248954773
TEST_08337,0.02041262574493885,0.9942538142204285
TEST_08338,0.03333671763539314,0.9233453273773193
TEST_08339,0.009802177548408508,0.9987945556640625
TEST_08340,0.0017326204106211662,0.9998853206634521
TEST_08341,0.03584786877036095,0.8876063823699951
TEST_08342,0.035099148750305176,0.9734798073768616
TEST_08343,0.02107536606490612,0.7607685327529907
TEST_08344,0.005445290822535753,0.9947878122329712
TEST_08345,0.055063750594854355,0.858502984046936
TEST_08346,0.0038011218421161175,0.999997615814209
TEST_08347,0.3348708152770996,0.5737866163253784
TEST_08348,0.9864374399185181,0.002180543728172779
TEST_08349,0.010458352044224739,0.9936227202415466
TEST_08350,0.0036690998822450638,0.9965353012084961
TEST_08351,0.012610554695129395,0.9044553637504578
TEST_08352,0.010178003460168839,0.9934514760971069
TEST_08353,0.18433541059494019,0.5379535555839539
TEST_08354,0.04265997186303139,0.9977896213531494
TEST_08355,0.023981865495443344,0.9951655864715576
TEST_08356,0.003953953739255667,0.9928989410400391
TEST_08357,0.025817235931754112,0.9981573224067688
TEST_08358,0.019400008022785187,0.9945949912071228
TEST_08359,0.9984357953071594,0.36253610253334045
TEST_08360,0.028925523161888123,0.9779880046844482
TEST_08361,0.06486286222934723,0.771203875541687
TEST_08362,0.020280644297599792,0.9973821043968201
TEST_08363,0.0012162193888798356,0.9958217144012451
TEST_08364,0.02441275306046009,0.9812776446342468
TEST_08365,0.1319730430841446,0.8602428436279297
TEST_08366,0.07488524913787842,0.7676902413368225
TEST_08367,0.004236522596329451,0.9724926948547363
TEST_08368,0.4931155741214752,0.14493326842784882
TEST_08369,0.02417912892997265,0.9854725003242493
TEST_08370,0.47084107995033264,0.7515791654586792
TEST_08371,0.007900564931333065,0.9815046191215515
TEST_08372,0.026470670476555824,0.9998433589935303
TEST_08373,0.0035085093695670366,0.9952461123466492
TEST_08374,0.005544240586459637,0.9986556768417358
TEST_08375,0.033672936260700226,0.9258411526679993
TEST_08376,0.02346564643085003,0.9500733613967896
TEST_08377,0.08902151882648468,0.5351940393447876
TEST_08378,0.04930215701460838,0.9164013862609863
TEST_08379,0.00013535805919673294,0.9999988079071045
TEST_08380,0.04622851312160492,0.9138095378875732
TEST_08381,0.034249696880578995,0.5265557765960693
TEST_08382,0.021206842735409737,0.9943122863769531
TEST_08383,0.011732436716556549,0.9808967113494873
TEST_08384,0.0054604108445346355,0.9985053539276123
TEST_08385,0.017016490921378136,0.9312556982040405
TEST_08386,0.032089345157146454,0.9234123229980469
TEST_08387,0.9999978542327881,0.0012056074338033795
TEST_08388,0.07076556235551834,0.8465418219566345
TEST_08389,0.002325229113921523,0.9994180202484131
TEST_08390,0.7815440893173218,0.028904080390930176
TEST_08391,0.8835225105285645,0.7068836688995361
TEST_08392,0.006504629738628864,0.9998062252998352
TEST_08393,0.0008537234389223158,0.998489499092102
TEST_08394,0.013103173114359379,0.9944021105766296
TEST_08395,0.9874588251113892,0.48898476362228394
TEST_08396,0.02687249705195427,0.9901247024536133
TEST_08397,0.08601771295070648,0.9294531345367432
TEST_08398,0.007720100227743387,0.9983959794044495
TEST_08399,0.0058266157284379005,0.9973852038383484
TEST_08400,0.06844929605722427,0.9026902914047241
TEST_08401,0.008264059200882912,0.9887245297431946
TEST_08402,0.021723710000514984,0.9238018989562988
TEST_08403,0.014436266385018826,0.9993687272071838
TEST_08404,0.04615039378404617,0.8619346022605896
TEST_08405,0.004035073332488537,0.9525961875915527
TEST_08406,0.0008829815778881311,0.999521017074585
TEST_08407,0.018087174743413925,0.9547263979911804
TEST_08408,0.050926677882671356,0.9908562898635864
TEST_08409,0.21288099884986877,0.8944228887557983
TEST_08410,0.0038390939589589834,0.8566626906394958
TEST_08411,0.13529109954833984,0.9174884557723999
TEST_08412,0.09269912540912628,0.9832977056503296
TEST_08413,0.0015190837439149618,0.9761514067649841
TEST_08414,0.023776525631546974,0.934171199798584
TEST_08415,0.23890641331672668,0.9156160950660706
TEST_08416,0.002665875246748328,0.9981334805488586
TEST_08417,0.5514057874679565,0.9009342789649963
TEST_08418,0.003809110727161169,0.9878446459770203
TEST_08419,0.020668938755989075,0.9952983260154724
TEST_08420,0.003672318998724222,0.9979860782623291
TEST_08421,0.011629106476902962,0.9126228094100952
TEST_08422,0.0016552411252632737,0.9961215853691101
TEST_08423,0.008138015866279602,0.9763478636741638
TEST_08424,0.004802376963198185,0.9993234872817993
TEST_08425,0.0082070492208004,0.9958898425102234
TEST_08426,0.02220655046403408,0.9997205138206482
TEST_08427,0.007688807789236307,0.9440621733665466
TEST_08428,0.01890568621456623,0.9999260902404785
TEST_08429,0.6724793910980225,0.49250274896621704
TEST_08430,0.9046863317489624,0.7899436950683594
TEST_08431,0.04881393164396286,0.9284440279006958
TEST_08432,0.04138677939772606,0.9062244296073914
TEST_08433,0.08807745575904846,0.2546747326850891
TEST_08434,0.0038878414779901505,0.9985854625701904
TEST_08435,0.8204405903816223,0.9651569724082947
TEST_08436,0.002066004788503051,0.9732710719108582
TEST_08437,0.003093568840995431,0.9910182952880859
TEST_08438,0.15172582864761353,0.9714862704277039
TEST_08439,0.00021973052935209125,0.9999642372131348
TEST_08440,0.06724471598863602,0.8747370839118958
TEST_08441,0.07366876304149628,0.9080072641372681
TEST_08442,0.005854801740497351,0.9647483825683594
TEST_08443,0.014314737170934677,0.9743005633354187
TEST_08444,0.0680660679936409,0.08215425908565521
TEST_08445,0.004421551246196032,0.9978207349777222
TEST_08446,0.23935869336128235,0.4784254729747772
TEST_08447,0.0037941872142255306,0.9883757829666138
TEST_08448,0.030898520722985268,0.9947681427001953
TEST_08449,0.3327808082103729,0.9730679988861084
TEST_08450,0.019671695306897163,0.9937832355499268
TEST_08451,0.0027941097505390644,0.9501445889472961
TEST_08452,0.024292638525366783,0.9450670480728149
TEST_08453,0.0014445362612605095,0.9988371729850769
TEST_08454,0.06747191399335861,0.8840788006782532
TEST_08455,0.0009997893357649446,0.998847484588623
TEST_08456,0.07763663679361343,0.9784188270568848
TEST_08457,0.05311445891857147,0.8723312616348267
TEST_08458,0.0001339335722150281,0.9998797178268433
TEST_08459,0.031198032200336456,0.9891597628593445
TEST_08460,0.008953765965998173,0.9882577061653137
TEST_08461,0.0003016004338860512,0.9991149306297302
TEST_08462,0.008297061547636986,0.996392548084259
TEST_08463,0.01015519630163908,0.986014723777771
TEST_08464,0.7350418567657471,0.8250105977058411
TEST_08465,0.007128846365958452,0.9992825388908386
TEST_08466,0.008165422827005386,0.9981334805488586
TEST_08467,0.00017744135402608663,0.9993091821670532
TEST_08468,0.017941970378160477,0.9207972884178162
TEST_08469,0.3387170732021332,0.9928900003433228
TEST_08470,0.0024437392130494118,0.9989528656005859
TEST_08471,0.08055967092514038,0.8619440793991089
TEST_08472,0.21004173159599304,0.9815064668655396
TEST_08473,0.014042512513697147,0.9607506394386292
TEST_08474,0.006690930109471083,0.9940229058265686
TEST_08475,0.9126108884811401,0.8346861004829407
TEST_08476,0.0068085528910160065,0.9922745823860168
TEST_08477,0.0152890644967556,0.9819190502166748
TEST_08478,0.01548735424876213,0.9976698756217957
TEST_08479,0.0012353337369859219,0.9996011853218079
TEST_08480,0.012150375172495842,0.9803298711776733
TEST_08481,0.032400164753198624,0.9445801973342896
TEST_08482,0.008904344402253628,0.9955765008926392
TEST_08483,0.0007917439215816557,0.9971669316291809
TEST_08484,0.010589571669697762,0.9843500852584839
TEST_08485,0.029865384101867676,0.9585856795310974
TEST_08486,0.02108546532690525,0.8206262588500977
TEST_08487,0.0026744084898382425,0.9970765113830566
TEST_08488,0.008464651182293892,0.9926193356513977
TEST_08489,0.006762829143553972,0.9998281002044678
TEST_08490,0.0031814381945878267,0.9937787652015686
TEST_08491,0.27337557077407837,0.9619691967964172
TEST_08492,0.0021418200340121984,0.9960576295852661
TEST_08493,0.05836285650730133,0.9964399933815002
TEST_08494,0.40397295355796814,0.11570139974355698
TEST_08495,0.003140524262562394,0.9994275569915771
TEST_08496,0.003974101971834898,0.9996914863586426
TEST_08497,0.005210433155298233,0.9999109506607056
TEST_08498,0.026845989748835564,0.9867579340934753
TEST_08499,0.0047120521776378155,0.9978196620941162
TEST_08500,0.011354003101587296,0.9901143312454224
TEST_08501,0.003552105510607362,0.9999715089797974
TEST_08502,0.26385265588760376,0.6199129223823547
TEST_08503,0.0014654113911092281,0.9767767786979675
TEST_08504,0.1894860416650772,0.9957049489021301
TEST_08505,0.003936977591365576,0.9989585876464844
TEST_08506,0.02483023889362812,0.9799391031265259
TEST_08507,0.004671716596931219,0.9716552495956421
TEST_08508,0.0005545351887121797,0.999160647392273
TEST_08509,0.22725173830986023,0.8874484300613403
TEST_08510,0.021697888150811195,0.9100470542907715
TEST_08511,0.09926806390285492,0.9938024282455444
TEST_08512,0.18068993091583252,0.9655130505561829
TEST_08513,0.04128694161772728,0.9099205732345581
TEST_08514,0.001720767468214035,0.9977604150772095
TEST_08515,0.0066418773494660854,0.990545392036438
TEST_08516,0.008587933145463467,0.9207468628883362
TEST_08517,0.0003760735271498561,0.9999748468399048
TEST_08518,0.014749346300959587,0.9997987151145935
TEST_08519,0.0005479491082951427,0.9942198991775513
TEST_08520,0.798039436340332,0.9767088890075684
TEST_08521,0.02440659888088703,0.9970732927322388
TEST_08522,0.0028656935319304466,0.9971314668655396
TEST_08523,0.29795724153518677,0.9833768606185913
TEST_08524,0.0006402855506166816,0.9961056113243103
TEST_08525,0.041475992649793625,0.9959713816642761
TEST_08526,0.019753126427531242,0.9870170950889587
TEST_08527,0.03939487412571907,0.9953611493110657
TEST_08528,0.018029434606432915,0.9568229913711548
TEST_08529,0.0875103622674942,0.8691490888595581
TEST_08530,0.9995294809341431,0.0033710182178765535
TEST_08531,0.8188042640686035,0.2721177339553833
TEST_08532,0.9615586400032043,0.038829654455184937
TEST_08533,0.01091831550002098,0.7721168398857117
TEST_08534,0.005815342999994755,0.987736165523529
TEST_08535,0.0006612397264689207,0.9986891150474548
TEST_08536,0.049460433423519135,0.968195915222168
TEST_08537,0.0032909736037254333,0.9999922513961792
TEST_08538,0.10621613264083862,0.889085054397583
TEST_08539,0.015090172179043293,0.9980512857437134
TEST_08540,0.21984030306339264,0.985988199710846
TEST_08541,0.03155476599931717,0.8279674053192139
TEST_08542,0.0053453571163117886,0.9923650622367859
TEST_08543,0.0940161943435669,0.8817452788352966
TEST_08544,0.1287820041179657,0.9794376492500305
TEST_08545,0.31694936752319336,0.9399020671844482
TEST_08546,0.008793199434876442,0.8371607661247253
TEST_08547,0.06410172581672668,0.8311161398887634
TEST_08548,0.08509095758199692,0.9997931122779846
TEST_08549,0.028795264661312103,0.9849035739898682
TEST_08550,0.02423425391316414,0.9080147743225098
TEST_08551,1.0,1.5283487300621346e-05
TEST_08552,0.0047692907974123955,0.9945164322853088
TEST_08553,0.055306192487478256,0.9663957357406616
TEST_08554,0.003638876136392355,0.9917129278182983
TEST_08555,0.06264541298151016,0.9814241528511047
TEST_08556,0.19319204986095428,0.5707608461380005
TEST_08557,0.006387809291481972,0.9936835765838623
TEST_08558,0.0030059090349823236,0.9498092532157898
TEST_08559,0.07978347688913345,0.9004879593849182
TEST_08560,0.02747451327741146,0.9327991008758545
TEST_08561,0.023204289376735687,0.974925696849823
TEST_08562,0.013547561131417751,0.4510435461997986
TEST_08563,0.007684472482651472,0.9977908134460449
TEST_08564,0.13037307560443878,0.9928136467933655
TEST_08565,0.027941018342971802,0.9933971166610718
TEST_08566,0.008210081607103348,0.893110454082489
TEST_08567,0.001386790070682764,0.9969148635864258
TEST_08568,0.19486106932163239,0.995918333530426
TEST_08569,0.00777079863473773,0.9966392517089844
TEST_08570,0.0944598838686943,0.2862674295902252
TEST_08571,0.5686511993408203,0.8838570713996887
TEST_08572,0.01670062355697155,0.93461012840271
TEST_08573,0.0009964448399841785,0.9998677968978882
TEST_08574,0.018915506079792976,0.9727500081062317
TEST_08575,0.011290038004517555,0.9993036985397339
TEST_08576,0.19402538239955902,0.19028258323669434
TEST_08577,0.025450384244322777,0.5654448866844177
TEST_08578,0.002632821910083294,0.9973763227462769
TEST_08579,0.033145271241664886,0.911771833896637
TEST_08580,0.01988310180604458,0.9768742918968201
TEST_08581,0.008186496794223785,0.9935457110404968
TEST_08582,0.0006766059086658061,0.9981188178062439
TEST_08583,0.007468645926564932,0.9788434505462646
TEST_08584,0.0018837794195860624,0.9657672643661499
TEST_08585,0.0017345555825158954,0.9942680597305298
TEST_08586,0.42783525586128235,0.02709532342851162
TEST_08587,0.006864454131573439,0.9923986792564392
TEST_08588,0.023181457072496414,0.9966840147972107
TEST_08589,0.0002174788824049756,0.9998561143875122
TEST_08590,0.03061659447848797,0.9096710681915283
TEST_08591,0.18148168921470642,0.1549329161643982
TEST_08592,0.0006072054384276271,0.9988352656364441
TEST_08593,0.002051610266789794,0.9643296599388123
TEST_08594,0.004473794251680374,0.9932175278663635
TEST_08595,0.019885104149580002,0.9764833450317383
TEST_08596,0.0018314149929210544,0.9980792999267578
TEST_08597,0.011416330933570862,0.9974623918533325
TEST_08598,0.027202650904655457,0.945357620716095
TEST_08599,0.014957563951611519,0.941858172416687
TEST_08600,0.07860246300697327,0.6994386315345764
TEST_08601,0.02172718569636345,0.9927629828453064
TEST_08602,0.011895496398210526,0.9171966314315796
TEST_08603,0.8518748879432678,0.9734342694282532
TEST_08604,0.43595343828201294,0.8871647119522095
TEST_08605,0.0002806285920087248,0.9990678429603577
TEST_08606,0.0003490583330858499,0.9982576966285706
TEST_08607,0.03257893770933151,0.9586151242256165
TEST_08608,0.12467900663614273,0.8871240019798279
TEST_08609,0.03584049642086029,0.9070231318473816
TEST_08610,0.05363850295543671,0.89667809009552
TEST_08611,0.10128173977136612,0.9801406264305115
TEST_08612,0.003153039375320077,0.9989315867424011
TEST_08613,0.005498148035258055,0.9998192191123962
TEST_08614,0.0006943881744518876,0.9992239475250244
TEST_08615,0.009557309560477734,0.9951403141021729
TEST_08616,0.015551918186247349,0.9994761347770691
TEST_08617,0.00246407906524837,0.9793524146080017
TEST_08618,0.00913994200527668,0.9582903981208801
TEST_08619,0.9986281394958496,0.005663527175784111
TEST_08620,0.0002322388900211081,0.9999197721481323
TEST_08621,0.00858115591108799,0.9924253225326538
TEST_08622,0.025371311232447624,0.9725528955459595
TEST_08623,0.05591268092393875,0.9846473932266235
TEST_08624,0.12778006494045258,0.22171972692012787
TEST_08625,0.9742069840431213,0.05609576404094696
TEST_08626,0.0005105091840960085,0.99777752161026
TEST_08627,0.053883958607912064,0.9697709679603577
TEST_08628,0.9128821492195129,0.20094072818756104
TEST_08629,0.002439651871100068,0.9839731454849243
TEST_08630,0.3413333296775818,0.978452742099762
TEST_08631,1.0251627827528864e-05,0.9999381303787231
TEST_08632,0.0016108304262161255,0.9639373421669006
TEST_08633,0.011427723802626133,0.9729211926460266
TEST_08634,0.0692858099937439,0.9985042810440063
TEST_08635,0.9998064637184143,0.03630610927939415
TEST_08636,0.015453632920980453,0.2775213420391083
TEST_08637,0.0018477248959243298,0.9842830300331116
TEST_08638,8.728740795049816e-05,0.9979768395423889
TEST_08639,0.007781003601849079,0.9982814788818359
TEST_08640,0.017383262515068054,0.9969196319580078
TEST_08641,0.7286650538444519,0.11660304665565491
TEST_08642,0.5487338304519653,0.6227068305015564
TEST_08643,0.0016663316637277603,0.9937689900398254
TEST_08644,0.0026424454990774393,0.9974587559700012
TEST_08645,0.024663886055350304,0.9877970814704895
TEST_08646,0.009443669579923153,0.9797024130821228
TEST_08647,0.02622804045677185,0.99276202917099
TEST_08648,0.0020066029392182827,0.9991377592086792
TEST_08649,0.003324975958094001,0.9946764707565308
TEST_08650,0.21040186285972595,0.833337664604187
TEST_08651,0.08706077188253403,0.9998095631599426
TEST_08652,0.03109213337302208,0.9764022827148438
TEST_08653,0.0013310753274708986,0.9993565678596497
TEST_08654,0.8846633434295654,0.26685574650764465
TEST_08655,0.0008705664658918977,0.9998555183410645
TEST_08656,0.022705500945448875,0.9942025542259216
TEST_08657,0.003056492656469345,0.9896417260169983
TEST_08658,0.0011195638217031956,0.9992347955703735
TEST_08659,0.21556609869003296,0.8615990281105042
TEST_08660,0.0023312487173825502,0.9989733695983887
TEST_08661,0.000947284628637135,0.9985215067863464
TEST_08662,0.06901298463344574,0.9964122176170349
TEST_08663,0.03349601849913597,0.9830784201622009
TEST_08664,0.00744275189936161,0.9986347556114197
TEST_08665,0.003619886003434658,0.9984879493713379
TEST_08666,0.08801741898059845,0.9778406023979187
TEST_08667,0.0036379636730998755,0.999992847442627
TEST_08668,0.02855944074690342,0.9996781349182129
TEST_08669,0.004702806938439608,0.9875703454017639
TEST_08670,0.0449979193508625,0.934683084487915
TEST_08671,0.0033390468452125788,0.9719102382659912
TEST_08672,0.020225925371050835,0.8414543271064758
TEST_08673,0.002623834414407611,0.9984410405158997
TEST_08674,0.0009080280433408916,0.9995042085647583
TEST_08675,0.002731103217229247,0.9968475699424744
TEST_08676,0.01799619384109974,0.9765133261680603
TEST_08677,0.11074894666671753,0.9805700182914734
TEST_08678,0.04287877678871155,0.8363824486732483
TEST_08679,0.008953981101512909,0.9986518025398254
TEST_08680,0.04055360332131386,0.8886540532112122
TEST_08681,0.08364448696374893,0.8738362789154053
TEST_08682,0.002251511672511697,0.9516423940658569
TEST_08683,0.032812751829624176,0.9892789721488953
TEST_08684,0.0023346105590462685,0.9659499526023865
TEST_08685,0.012873008847236633,0.9878671169281006
TEST_08686,0.036818087100982666,0.9990841150283813
TEST_08687,0.10295352339744568,0.8507370948791504
TEST_08688,0.028215600177645683,0.996048629283905
TEST_08689,0.006629490293562412,0.9321264028549194
TEST_08690,0.8715717792510986,0.9629023671150208
TEST_08691,0.003124634735286236,0.9842455983161926
TEST_08692,0.0006938814767636359,0.9944196343421936
TEST_08693,0.9642104506492615,0.9788106679916382
TEST_08694,0.016619972884655,0.960595965385437
TEST_08695,0.24799823760986328,0.889010488986969
TEST_08696,0.009238510392606258,0.9659852385520935
TEST_08697,0.7361783385276794,0.13391776382923126
TEST_08698,0.0034366208128631115,0.9977557063102722
TEST_08699,0.03119070641696453,0.9804438352584839
TEST_08700,0.9058091640472412,0.9906015396118164
TEST_08701,0.00801604613661766,0.8762723803520203
TEST_08702,0.008555013686418533,0.9661465287208557
TEST_08703,0.04382144287228584,0.9375268816947937
TEST_08704,0.5356432795524597,0.046248190104961395
TEST_08705,0.002210338832810521,0.9994819760322571
TEST_08706,0.006760856136679649,0.9973675608634949
TEST_08707,0.0059113940224051476,0.9992424249649048
TEST_08708,0.00798781681805849,0.9724446535110474
TEST_08709,0.017686989158391953,0.9995482563972473
TEST_08710,0.005879546515643597,0.9901109337806702
TEST_08711,0.001985876588150859,0.9966687560081482
TEST_08712,0.6487236618995667,0.3354080021381378
TEST_08713,0.03135785833001137,0.9153566956520081
TEST_08714,0.0019325073808431625,0.985988974571228
TEST_08715,0.016377488151192665,0.9812673330307007
TEST_08716,0.014891521073877811,0.9977343082427979
TEST_08717,0.6719779372215271,0.91201251745224
TEST_08718,0.017669931054115295,0.9952651262283325
TEST_08719,0.03416808322072029,0.7310320734977722
TEST_08720,0.011897782795131207,0.8011385798454285
TEST_08721,0.000816829560790211,0.9951395988464355
TEST_08722,0.008545853197574615,0.9991387128829956
TEST_08723,0.06952859461307526,0.9835754632949829
TEST_08724,0.006181446835398674,0.9970826506614685
TEST_08725,0.020838547497987747,0.9969871640205383
TEST_08726,0.1657751500606537,0.5964598655700684
TEST_08727,0.021847834810614586,0.9947091341018677
TEST_08728,0.033183012157678604,0.8977919816970825
TEST_08729,0.011711223982274532,0.9933311343193054
TEST_08730,0.02844414860010147,0.871798574924469
TEST_08731,0.05061615630984306,0.9082570672035217
TEST_08732,0.019454199820756912,0.9577702879905701
TEST_08733,0.0266411155462265,0.971939742565155
TEST_08734,0.10915853083133698,0.9558761119842529
TEST_08735,0.03590148687362671,0.8537799119949341
TEST_08736,0.010273139923810959,0.9991808533668518
TEST_08737,0.006444041151553392,0.9645248055458069
TEST_08738,0.015288404189050198,0.9944114089012146
TEST_08739,0.147637277841568,0.9982684850692749
TEST_08740,0.08152496814727783,0.9491194486618042
TEST_08741,0.006039261352270842,0.9949577450752258
TEST_08742,0.04300812631845474,0.9756584763526917
TEST_08743,0.6093938946723938,0.9105069637298584
TEST_08744,0.06416494399309158,0.9830984473228455
TEST_08745,0.06146594136953354,0.9971234202384949
TEST_08746,0.00035584138822741807,0.9998252987861633
TEST_08747,0.035084374248981476,0.8655606508255005
TEST_08748,0.0015596842858940363,0.9916924238204956
TEST_08749,0.05516532436013222,0.9878093004226685
TEST_08750,0.0014993799850344658,0.9999116659164429
TEST_08751,0.004857834428548813,0.9400837421417236
TEST_08752,0.4256928563117981,0.5786077976226807
TEST_08753,0.034187208861112595,0.9377104640007019
TEST_08754,0.9857620000839233,0.7884999513626099
TEST_08755,0.009211271069943905,0.991684079170227
TEST_08756,0.0035076458007097244,0.985144853591919
TEST_08757,0.005776736885309219,0.9945934414863586
TEST_08758,0.06595064699649811,0.9997456669807434
TEST_08759,0.0013858091551810503,0.9912139773368835
TEST_08760,0.0008329488919116557,0.9963533878326416
TEST_08761,0.5171380639076233,0.9019345045089722
TEST_08762,0.06805935502052307,0.8900118470191956
TEST_08763,0.005085078999400139,0.9998109936714172
TEST_08764,0.002622789004817605,0.98031085729599
TEST_08765,0.0033952987287193537,0.997055172920227
TEST_08766,0.9700890183448792,0.0015264700632542372
TEST_08767,0.5905558466911316,0.8265489935874939
TEST_08768,0.013475342653691769,0.9836454391479492
TEST_08769,0.015024920925498009,0.9470838904380798
TEST_08770,0.029813632369041443,0.93365478515625
TEST_08771,0.1616542488336563,0.7847911715507507
TEST_08772,0.006641515530645847,0.9952360987663269
TEST_08773,0.0012444561580196023,0.9959685802459717
TEST_08774,0.000652802234981209,0.9956580400466919
TEST_08775,0.9999972581863403,0.00016270940250251442
TEST_08776,0.05411937087774277,0.9787225127220154
TEST_08777,0.0025463218335062265,0.9974216222763062
TEST_08778,0.00300652626901865,0.9985344409942627
TEST_08779,0.9866700768470764,0.6289419531822205
TEST_08780,0.04397863894701004,0.8804324269294739
TEST_08781,0.2280445247888565,0.9042640328407288
TEST_08782,0.011783654801547527,0.9935896396636963
TEST_08783,0.02529296651482582,0.956641674041748
TEST_08784,0.0010019424371421337,0.9975898265838623
TEST_08785,0.023989345878362656,0.9092079401016235
TEST_08786,0.04666369780898094,0.8736832141876221
TEST_08787,0.20446297526359558,0.859088659286499
TEST_08788,0.14438623189926147,0.7875180244445801
TEST_08789,0.9229380488395691,0.9980618357658386
TEST_08790,0.12599700689315796,0.7442713379859924
TEST_08791,0.9933313727378845,0.5282269716262817
TEST_08792,0.16637326776981354,0.9059382677078247
TEST_08793,0.025873880833387375,0.9489029049873352
TEST_08794,0.03511641547083855,0.9265248775482178
TEST_08795,0.0009626302635297179,0.9676920771598816
TEST_08796,0.03155922517180443,0.9009832143783569
TEST_08797,0.016049353405833244,0.7998172640800476
TEST_08798,0.041836321353912354,0.9982560276985168
TEST_08799,0.0014940289547666907,0.9961677193641663
TEST_08800,0.009106026962399483,0.9992192983627319
TEST_08801,0.005858649965375662,0.9997439980506897
TEST_08802,0.0016178395599126816,0.998581051826477
TEST_08803,0.0013014208525419235,0.997063934803009
TEST_08804,0.049502529203891754,0.8912859559059143
TEST_08805,0.0012865186436101794,0.9961521029472351
TEST_08806,0.009745970368385315,0.9602500200271606
TEST_08807,0.0036411902401596308,0.9988051652908325
TEST_08808,0.017371317371726036,0.9859794974327087
TEST_08809,0.9806375503540039,0.20362785458564758
TEST_08810,0.016885140910744667,0.9870118498802185
TEST_08811,0.0011064517311751842,0.9996241331100464
TEST_08812,0.0006429951754398644,0.9998613595962524
TEST_08813,0.0951777994632721,0.7928740382194519
TEST_08814,1.6184385458473116e-05,0.9993577599525452
TEST_08815,0.9934149980545044,0.11360110342502594
TEST_08816,0.008295061066746712,0.9995978474617004
TEST_08817,0.15021000802516937,0.9582991600036621
TEST_08818,0.0045684766955673695,0.9851107597351074
TEST_08819,0.023387957364320755,0.999953031539917
TEST_08820,0.09039819985628128,0.7616111040115356
TEST_08821,0.0518798753619194,0.9640461206436157
TEST_08822,0.011481442488729954,0.9899806380271912
TEST_08823,0.016093622893095016,0.9970898628234863
TEST_08824,0.0010024738730862737,0.9797092080116272
TEST_08825,0.027750251814723015,0.9211345314979553
TEST_08826,0.038246288895606995,0.9598791003227234
TEST_08827,0.0011351649882271886,0.9999998807907104
TEST_08828,0.004275844898074865,0.966682493686676
TEST_08829,0.004732769448310137,0.9940682649612427
TEST_08830,0.10263796150684357,0.9085409641265869
TEST_08831,0.00609976751729846,0.9941126704216003
TEST_08832,0.022589311003684998,0.9939623475074768
TEST_08833,0.002866609487682581,0.9915400147438049
TEST_08834,0.0015973852714523673,0.9998252987861633
TEST_08835,0.41135284304618835,0.6025276780128479
TEST_08836,0.5483083128929138,0.30269855260849
TEST_08837,0.17371083796024323,0.675180971622467
TEST_08838,0.01385579351335764,0.9349254965782166
TEST_08839,0.1091686338186264,0.8866887092590332
TEST_08840,0.005617524031549692,0.9954692125320435
TEST_08841,0.0247024092823267,0.9981865286827087
TEST_08842,0.0009695366607047617,0.9979987740516663
TEST_08843,0.001187529880553484,0.9997929930686951
TEST_08844,0.001014716806821525,0.9895602464675903
TEST_08845,0.019479040056467056,0.9661931991577148
TEST_08846,0.016456378623843193,0.9871953725814819
TEST_08847,0.011990465223789215,0.9548354744911194
TEST_08848,0.09514671564102173,0.9407783150672913
TEST_08849,0.0011853881878778338,0.9959192872047424
TEST_08850,0.010136998258531094,0.9340208768844604
TEST_08851,0.001953275641426444,0.9991616010665894
TEST_08852,0.07326384633779526,0.9440283179283142
TEST_08853,0.30610647797584534,0.9896177649497986
TEST_08854,0.004615073557943106,0.9973756074905396
TEST_08855,0.0197711531072855,0.8971773982048035
TEST_08856,0.03283476084470749,0.9830438494682312
TEST_08857,0.0005446213763207197,0.9995723366737366
TEST_08858,0.09661552309989929,0.9627599120140076
TEST_08859,0.03073969855904579,0.9238178730010986
TEST_08860,0.001429049065336585,0.9967089891433716
TEST_08861,0.6194682121276855,0.9211919903755188
TEST_08862,0.29380932450294495,0.27425506711006165
TEST_08863,0.9906740784645081,0.00038888101698830724
TEST_08864,0.011206897906959057,0.956306517124176
TEST_08865,0.008581598289310932,0.9988825917243958
TEST_08866,0.021491574123501778,0.9930971264839172
TEST_08867,0.006087107118219137,0.9970756769180298
TEST_08868,0.542702317237854,0.8720043897628784
TEST_08869,0.01149503979831934,0.9963488578796387
TEST_08870,0.009127512574195862,0.8925185799598694
TEST_08871,0.0020295879803597927,0.968431293964386
TEST_08872,0.014580435119569302,0.9862825274467468
TEST_08873,0.0007056418689899147,0.9992982149124146
TEST_08874,0.4448404312133789,0.7873950004577637
TEST_08875,0.008184077218174934,0.997490406036377
TEST_08876,0.004588378593325615,0.8108309507369995
TEST_08877,0.7382831573486328,0.9174662828445435
TEST_08878,0.008673791773617268,0.9757872819900513
TEST_08879,0.41013091802597046,0.9246776103973389
TEST_08880,0.0010517531773075461,0.9533191323280334
TEST_08881,0.010497404262423515,0.9997201561927795
TEST_08882,0.023632753640413284,0.9640987515449524
TEST_08883,0.29268911480903625,0.9352829456329346
TEST_08884,0.005851763300597668,0.9996280670166016
TEST_08885,0.9986489415168762,0.0007146403077058494
TEST_08886,0.010882497765123844,0.9972692131996155
TEST_08887,0.007591450586915016,0.9698525667190552
TEST_08888,0.051093995571136475,0.8769576549530029
TEST_08889,0.008870352990925312,0.9934676289558411
TEST_08890,0.5500112175941467,0.9859170317649841
TEST_08891,0.2091572880744934,0.9723544716835022
TEST_08892,0.02615995518863201,0.995598554611206
TEST_08893,0.0009217914193868637,0.9992671608924866
TEST_08894,0.025685930624604225,0.9182220101356506
TEST_08895,0.9896512031555176,0.11674798280000687
TEST_08896,0.010260047391057014,0.997275173664093
TEST_08897,0.014308507554233074,0.9860323667526245
TEST_08898,0.00025546486722305417,0.9996607303619385
TEST_08899,0.1096561849117279,0.8495036363601685
TEST_08900,0.011738060042262077,0.9403941035270691
TEST_08901,7.91113416198641e-06,0.9989615678787231
TEST_08902,0.001362675684504211,0.9988941550254822
TEST_08903,0.006693848874419928,0.9993539452552795
TEST_08904,0.011079477146267891,0.9993264675140381
TEST_08905,0.04001438617706299,0.9766320586204529
TEST_08906,0.00155901990365237,0.9928212761878967
TEST_08907,0.012234525755047798,0.999144434928894
TEST_08908,0.004382359329611063,0.9942725896835327
TEST_08909,0.004953649360686541,0.9898214340209961
TEST_08910,0.004451782908290625,0.9964463114738464
TEST_08911,0.05474066734313965,0.9914652705192566
TEST_08912,2.815000516420696e-05,0.9993811845779419
TEST_08913,0.004790288396179676,0.9964247345924377
TEST_08914,0.002163565019145608,0.9909238219261169
TEST_08915,0.0024709629360586405,0.9817356467247009
TEST_08916,0.01286015659570694,0.9387810826301575
TEST_08917,0.46956321597099304,0.9047084450721741
TEST_08918,0.033358167856931686,0.9783614277839661
TEST_08919,0.010089919902384281,0.9025870561599731
TEST_08920,0.014456592500209808,0.9377251863479614
TEST_08921,0.12771472334861755,0.9257742166519165
TEST_08922,0.995272696018219,0.00030897161923348904
TEST_08923,0.003614797256886959,0.9990893602371216
TEST_08924,0.005659406539052725,0.9977743029594421
TEST_08925,0.01632404699921608,0.9917980432510376
TEST_08926,0.004433394409716129,0.9555853605270386
TEST_08927,0.007739832159131765,0.9968886971473694
TEST_08928,0.832915723323822,0.014546915888786316
TEST_08929,0.724057674407959,0.8728026747703552
TEST_08930,0.04585408791899681,0.8426783084869385
TEST_08931,0.02611554227769375,0.9948989748954773
TEST_08932,0.03926848992705345,0.9937408566474915
TEST_08933,0.7013645768165588,0.47139671444892883
TEST_08934,0.19023427367210388,0.8912897706031799
TEST_08935,0.1908763200044632,0.9179404377937317
TEST_08936,0.6958466172218323,0.6238883137702942
TEST_08937,0.029617590829730034,0.9785028696060181
TEST_08938,0.10791584104299545,0.6508396863937378
TEST_08939,0.0013509412528946996,0.9545737504959106
TEST_08940,0.061052046716213226,0.9551288485527039
TEST_08941,0.04998112469911575,0.9976118803024292
TEST_08942,0.017042703926563263,0.9764076471328735
TEST_08943,0.002286122413352132,0.9983580708503723
TEST_08944,0.20213469862937927,0.9884583353996277
TEST_08945,0.8549701571464539,0.8810154795646667
TEST_08946,0.01675090752542019,0.9998910427093506
TEST_08947,0.9903392195701599,0.7583206295967102
TEST_08948,0.041405219584703445,0.9934544563293457
TEST_08949,0.0902835950255394,0.804989755153656
TEST_08950,0.051435794681310654,0.8748053312301636
TEST_08951,0.060843970626592636,0.8837718963623047
TEST_08952,0.6637828350067139,0.94301438331604
TEST_08953,0.12579567730426788,0.49373772740364075
TEST_08954,0.07091701775789261,0.848583459854126
TEST_08955,0.0019621329847723246,0.9985051155090332
TEST_08956,0.004788654390722513,0.9993129968643188
TEST_08957,0.00367834628559649,0.8873602747917175
TEST_08958,0.0003865815815515816,0.9988877177238464
TEST_08959,0.1642274111509323,0.9780118465423584
TEST_08960,0.0029587745666503906,0.7505265474319458
TEST_08961,0.27026891708374023,0.9539116024971008
TEST_08962,0.02703925408422947,0.9958898425102234
TEST_08963,0.002707485342398286,0.9910405278205872
TEST_08964,0.000834277831017971,0.9971952438354492
TEST_08965,0.004003885667771101,0.9669957756996155
TEST_08966,0.0036884050350636244,0.9963234663009644
TEST_08967,0.03527836129069328,0.9329309463500977
TEST_08968,0.0028703927528113127,0.9996811151504517
TEST_08969,0.037125445902347565,0.9808813333511353
TEST_08970,0.2733771800994873,0.22722625732421875
TEST_08971,0.0015402898425236344,0.9995797276496887
TEST_08972,0.016080496832728386,0.9495767951011658
TEST_08973,0.0387367345392704,0.9877749681472778
TEST_08974,0.12595491111278534,0.9257152080535889
TEST_08975,0.0014741788618266582,0.9928552508354187
TEST_08976,0.002223048359155655,0.9922937154769897
TEST_08977,0.0052958601154387,0.9933596253395081
TEST_08978,0.004498642403632402,0.9851114153862
TEST_08979,0.9783322215080261,0.16073185205459595
TEST_08980,0.04122597351670265,0.9760856628417969
TEST_08981,0.9797302484512329,0.29528751969337463
TEST_08982,0.002297423081472516,0.9997996687889099
TEST_08983,0.018933212384581566,0.9858065843582153
TEST_08984,0.39681288599967957,0.8491086363792419
TEST_08985,0.9980542659759521,0.3950254023075104
TEST_08986,0.0023696867283433676,0.9899740815162659
TEST_08987,0.004133749753236771,0.998426079750061
TEST_08988,0.9506293535232544,0.46111759543418884
TEST_08989,0.055671531707048416,0.9884039163589478
TEST_08990,0.006495355628430843,0.954709529876709
TEST_08991,0.003780783386901021,0.9995110034942627
TEST_08992,0.11113867163658142,0.9535210132598877
TEST_08993,0.014052815735340118,0.9726758003234863
TEST_08994,0.01400452945381403,0.9529127478599548
TEST_08995,0.11018175631761551,0.874792754650116
TEST_08996,0.0784815102815628,0.012856078334152699
TEST_08997,0.03293885663151741,0.9974786639213562
TEST_08998,0.4160085618495941,0.7432178854942322
TEST_08999,0.0039212643168866634,0.9999042749404907
TEST_09000,0.002357738558202982,0.9830743670463562
TEST_09001,0.7612448930740356,0.6953025460243225
TEST_09002,0.018003985285758972,0.995731770992279
TEST_09003,0.004891525022685528,0.999993085861206
TEST_09004,0.022404564544558525,0.852164626121521
TEST_09005,0.09732778370380402,0.9946075677871704
TEST_09006,0.009084977209568024,0.9921116828918457
TEST_09007,0.3198298215866089,0.9429401755332947
TEST_09008,0.017745058983564377,0.9864345788955688
TEST_09009,0.007520814426243305,0.9854761958122253
TEST_09010,0.0002791334700305015,0.9999151229858398
TEST_09011,0.15984299778938293,0.9139447212219238
TEST_09012,0.0008279197500087321,0.9998337030410767
TEST_09013,0.08944819867610931,0.7854740023612976
TEST_09014,0.03242906183004379,0.8871686458587646
TEST_09015,0.002126110950484872,0.9940418601036072
TEST_09016,0.0433548204600811,0.9501641988754272
TEST_09017,0.02932720072567463,0.9564096927642822
TEST_09018,0.0018055032705888152,0.9995606541633606
TEST_09019,0.023233797401189804,0.9988346695899963
TEST_09020,0.028795018792152405,0.9522333145141602
TEST_09021,0.004831209313124418,0.9838901162147522
TEST_09022,0.008430502377450466,0.9955474138259888
TEST_09023,0.03700916841626167,0.9991713762283325
TEST_09024,0.023462845012545586,0.9052045345306396
TEST_09025,0.005723162554204464,0.9952103495597839
TEST_09026,0.0007027247338555753,0.9987866282463074
TEST_09027,0.02621600776910782,0.946215808391571
TEST_09028,0.03359926864504814,0.9969043135643005
TEST_09029,0.6580777764320374,0.9929659366607666
TEST_09030,0.4099009335041046,0.9482887983322144
TEST_09031,0.30531376600265503,0.9125701189041138
TEST_09032,0.022917628288269043,0.9944690465927124
TEST_09033,0.12125400453805923,0.9897869825363159
TEST_09034,0.07662536203861237,0.8854967355728149
TEST_09035,0.8624477982521057,0.9434759616851807
TEST_09036,0.0100624430924654,0.9896191954612732
TEST_09037,0.001982705434784293,0.9083036780357361
TEST_09038,0.004680713638663292,0.9582733511924744
TEST_09039,0.04045657813549042,0.9964158535003662
TEST_09040,0.011363781988620758,0.981806755065918
TEST_09041,0.09141380339860916,0.9933716058731079
TEST_09042,0.23535944521427155,0.9915693402290344
TEST_09043,0.002051394432783127,0.9928311109542847
TEST_09044,0.0014282966731116176,0.9996830224990845
TEST_09045,0.10661999881267548,0.9964848756790161
TEST_09046,0.04561585560441017,0.9733115434646606
TEST_09047,0.017199141904711723,0.9729702472686768
TEST_09048,0.7391400933265686,0.9876625537872314
TEST_09049,0.007056073751300573,0.998420238494873
TEST_09050,0.009658975526690483,0.9931001663208008
TEST_09051,0.008909736759960651,0.9462730288505554
TEST_09052,0.11882197111845016,0.9214795231819153
TEST_09053,0.035167112946510315,0.9626294374465942
TEST_09054,0.004903332330286503,0.9954634308815002
TEST_09055,0.006739363074302673,0.9523184895515442
TEST_09056,0.3098759055137634,0.8928123712539673
TEST_09057,0.1492074579000473,0.8789410591125488
TEST_09058,0.010098924860358238,0.9927776455879211
TEST_09059,0.019398001953959465,0.9975875616073608
TEST_09060,0.031241731718182564,0.9930850267410278
TEST_09061,0.01131894439458847,0.9247227907180786
TEST_09062,0.09267941117286682,0.9786402583122253
TEST_09063,0.021258072927594185,0.8616317510604858
TEST_09064,0.010029489174485207,0.9976938366889954
TEST_09065,0.03662543743848801,0.5691652297973633
TEST_09066,0.044818416237831116,0.8972920775413513
TEST_09067,0.01852087676525116,0.9982547163963318
TEST_09068,0.19120153784751892,0.26798656582832336
TEST_09069,0.024400072172284126,0.8820517659187317
TEST_09070,0.49370113015174866,0.9897667765617371
TEST_09071,0.03748324140906334,0.9434375762939453
TEST_09072,0.009122351184487343,0.9979107975959778
TEST_09073,0.02458324283361435,0.5849140286445618
TEST_09074,0.2074822336435318,0.6999809145927429
TEST_09075,0.6249263882637024,0.9209827184677124
TEST_09076,0.04494503140449524,0.9940837025642395
TEST_09077,0.0050459932535886765,0.9879939556121826
TEST_09078,0.04863535985350609,0.9941773414611816
TEST_09079,0.002236760687083006,0.9963265061378479
TEST_09080,0.00029135451768524945,0.9997856020927429
TEST_09081,0.032660745084285736,0.9945254325866699
TEST_09082,0.04248757287859917,0.37830057740211487
TEST_09083,0.8392947316169739,0.7764655947685242
TEST_09084,0.01488468050956726,0.9977038502693176
TEST_09085,1.0407257832412142e-05,0.9999150037765503
TEST_09086,0.00023254932602867484,0.9991422891616821
TEST_09087,0.020136676728725433,0.9987514019012451
TEST_09088,0.012036534957587719,0.9868918061256409
TEST_09089,0.05090118572115898,0.9929141998291016
TEST_09090,0.641393780708313,0.9290816187858582
TEST_09091,0.06385956704616547,0.9820752739906311
TEST_09092,0.9980942606925964,0.0001386422081850469
TEST_09093,0.002627998124808073,0.9958418011665344
TEST_09094,0.10929787904024124,0.9748856425285339
TEST_09095,0.001900677802041173,0.9939361214637756
TEST_09096,0.006075520999729633,0.9677221775054932
TEST_09097,0.006556768901646137,0.9781824350357056
TEST_09098,0.007178271654993296,0.9704195261001587
TEST_09099,0.020561520010232925,0.9679848551750183
TEST_09100,0.018142366781830788,0.9942435622215271
TEST_09101,0.004823356866836548,0.9837315082550049
TEST_09102,0.00464641535654664,0.9957471489906311
TEST_09103,0.009729928337037563,0.977771520614624
TEST_09104,0.0060385121032595634,0.9658925533294678
TEST_09105,0.0016600608360022306,0.9932820796966553
TEST_09106,0.005558210425078869,0.9589937329292297
TEST_09107,0.0014967895112931728,0.9512979388237
TEST_09108,0.04308582842350006,0.5499638915061951
TEST_09109,0.02409028448164463,0.9832034111022949
TEST_09110,0.02419571951031685,0.9671492576599121
TEST_09111,0.29727810621261597,0.9585489630699158
TEST_09112,0.12752024829387665,0.921357274055481
TEST_09113,0.0004997745854780078,0.9998342990875244
TEST_09114,0.7724325060844421,0.6103261113166809
TEST_09115,0.07580676674842834,0.9956631064414978
TEST_09116,0.15679973363876343,0.9284754991531372
TEST_09117,0.006359327118843794,0.9701679944992065
TEST_09118,0.04982142522931099,0.9741685390472412
TEST_09119,0.000566783593967557,0.9999257326126099
TEST_09120,0.016191260889172554,0.9971258044242859
TEST_09121,0.015766888856887817,0.9664801359176636
TEST_09122,0.0037261045072227716,0.9973639845848083
TEST_09123,0.604939341545105,0.7477418184280396
TEST_09124,0.02849801443517208,0.9952937960624695
TEST_09125,0.05798397213220596,0.9032056927680969
TEST_09126,0.033383384346961975,0.965397834777832
TEST_09127,0.024745896458625793,0.8051002621650696
TEST_09128,0.015512173064053059,0.8358450531959534
TEST_09129,0.008840804919600487,0.9862920045852661
TEST_09130,0.01391563005745411,0.8841217160224915
TEST_09131,0.00343296118080616,0.994157075881958
TEST_09132,0.00037107913522049785,0.9999822378158569
TEST_09133,0.017845628783106804,0.9629809856414795
TEST_09134,0.023328090086579323,0.8688334822654724
TEST_09135,0.004279143176972866,0.8985113501548767
TEST_09136,0.0037941134069114923,0.9980173110961914
TEST_09137,0.0055048055946826935,0.9885739088058472
TEST_09138,0.001565685379318893,0.9459381699562073
TEST_09139,0.000835566665045917,0.9938676953315735
TEST_09140,0.015043724328279495,0.9839207530021667
TEST_09141,0.024686774238944054,0.9343238472938538
TEST_09142,0.046310875564813614,0.9962539672851562
TEST_09143,0.04555139318108559,0.9694684743881226
TEST_09144,0.008608993142843246,0.9567164778709412
TEST_09145,0.004556427244096994,0.9948819875717163
TEST_09146,0.0012760789832100272,0.9999411106109619
TEST_09147,0.15524069964885712,0.9940459728240967
TEST_09148,0.44228872656822205,0.2604505121707916
TEST_09149,0.013162625022232533,0.9881518483161926
TEST_09150,0.048519596457481384,0.8629764914512634
TEST_09151,0.001550997723825276,0.997511625289917
TEST_09152,0.0010307024931535125,0.9985343217849731
TEST_09153,0.03252405300736427,0.9253300428390503
TEST_09154,0.0026654747780412436,0.9933972358703613
TEST_09155,0.16614921391010284,0.9992610812187195
TEST_09156,0.10676315426826477,0.9710531830787659
TEST_09157,0.07238861918449402,0.9896841049194336
TEST_09158,0.03498581051826477,0.9858826398849487
TEST_09159,0.016029667109251022,0.9693424105644226
TEST_09160,0.002373442519456148,0.9983413219451904
TEST_09161,0.002436441835016012,0.9996401071548462
TEST_09162,0.008436228148639202,0.9106485843658447
TEST_09163,0.011107055470347404,0.9653262495994568
TEST_09164,0.015427527949213982,0.9998987913131714
TEST_09165,0.03565468639135361,0.9999445676803589
TEST_09166,0.0008245221106335521,0.9999641180038452
TEST_09167,0.018242912366986275,0.9969238638877869
TEST_09168,0.5444461703300476,0.9101870656013489
TEST_09169,0.013421433046460152,0.9992984533309937
TEST_09170,0.0023449601139873266,0.9954727292060852
TEST_09171,0.12767595052719116,0.9999861717224121
TEST_09172,0.0026601015124469995,0.9993589520454407
TEST_09173,0.0011177485575899482,0.9994069337844849
TEST_09174,0.0034509662073105574,0.9649960994720459
TEST_09175,0.02283049188554287,0.9948201179504395
TEST_09176,0.040316518396139145,0.8640705943107605
TEST_09177,0.1789923459291458,0.4271843433380127
TEST_09178,0.22193259000778198,0.8608072400093079
TEST_09179,0.002321665408089757,0.9994388222694397
TEST_09180,0.0002856543578673154,0.9975457787513733
TEST_09181,0.006644995417445898,0.9979634284973145
TEST_09182,0.154281347990036,0.9972779154777527
TEST_09183,0.058333080261945724,0.8996679186820984
TEST_09184,0.005292149260640144,0.9795252084732056
TEST_09185,0.0779377743601799,0.9725919961929321
TEST_09186,0.19377632439136505,0.9460951089859009
TEST_09187,0.2322196066379547,0.9894802570343018
TEST_09188,0.011334456503391266,1.0
TEST_09189,0.007011719048023224,0.9978519678115845
TEST_09190,0.07935230433940887,0.9400281310081482
TEST_09191,0.1838507503271103,0.99048912525177
TEST_09192,0.002467474667355418,0.9961813688278198
TEST_09193,0.002423227299004793,0.9608348608016968
TEST_09194,0.009488405659794807,0.9918773174285889
TEST_09195,0.06817495822906494,0.021258113905787468
TEST_09196,0.9400461316108704,0.8578066825866699
TEST_09197,0.002892408287152648,0.6819316148757935
TEST_09198,0.003810055321082473,0.9991233944892883
TEST_09199,0.0020019523799419403,0.9987484216690063
TEST_09200,0.012678146362304688,0.953205943107605
TEST_09201,0.0032238708809018135,0.9720887541770935
TEST_09202,0.10367914289236069,0.8854864239692688
TEST_09203,0.000858423940371722,0.9999788999557495
TEST_09204,0.004368035588413477,0.993843674659729
TEST_09205,0.0099577521905303,0.9903055429458618
TEST_09206,0.015880832448601723,0.9963369369506836
TEST_09207,0.02848021127283573,0.700619637966156
TEST_09208,0.0010392526164650917,0.9997735619544983
TEST_09209,0.0008976749959401786,0.9930285811424255
TEST_09210,0.039718713611364365,0.9993588328361511
TEST_09211,0.6201511025428772,0.9452274441719055
TEST_09212,0.03332599252462387,0.9679945707321167
TEST_09213,0.005041880067437887,0.9975925087928772
TEST_09214,0.013074482791125774,0.9790881276130676
TEST_09215,0.11567457020282745,0.9073396325111389
TEST_09216,0.0008806465775705874,0.996623158454895
TEST_09217,0.027697347104549408,0.978532612323761
TEST_09218,0.9987177848815918,0.0009045278420671821
TEST_09219,0.01630217954516411,0.9999643564224243
TEST_09220,0.015196484513580799,0.9925813674926758
TEST_09221,0.01154232956469059,0.9900949001312256
TEST_09222,0.013447389006614685,0.9300509691238403
TEST_09223,0.007999303750693798,0.9916759729385376
TEST_09224,0.45277178287506104,0.9002907872200012
TEST_09225,0.0043741632252931595,0.9993903636932373
TEST_09226,0.0005894854548387229,0.9928188920021057
TEST_09227,0.0011901893885806203,0.9949886202812195
TEST_09228,0.05766475573182106,0.983308732509613
TEST_09229,0.015419375151395798,0.8974176645278931
TEST_09230,0.8226959109306335,0.3894602060317993
TEST_09231,0.09000098705291748,0.9988540410995483
TEST_09232,0.001761987223289907,0.9997277855873108
TEST_09233,0.01265332754701376,0.9998911619186401
TEST_09234,0.04611556604504585,0.9244768619537354
TEST_09235,0.03625336289405823,0.920498251914978
TEST_09236,0.008808277547359467,0.9845719337463379
TEST_09237,0.009946294128894806,0.9956667423248291
TEST_09238,0.05072193220257759,0.9414176344871521
TEST_09239,0.001789471716620028,0.9924724102020264
TEST_09240,0.009392514824867249,0.9996193647384644
TEST_09241,0.0021343352273106575,0.9869365096092224
TEST_09242,0.01334379892796278,0.9999637603759766
TEST_09243,0.006901533342897892,0.9966591596603394
TEST_09244,0.1339573860168457,0.9175674319267273
TEST_09245,0.00019445941143203527,0.9991744160652161
TEST_09246,0.0026081507094204426,0.9844496846199036
TEST_09247,0.01609891653060913,0.8613912463188171
TEST_09248,0.04448265954852104,0.9062970280647278
TEST_09249,0.021221090108156204,0.9809366464614868
TEST_09250,0.006597721017897129,0.9870616793632507
TEST_09251,0.004429264925420284,0.9886616468429565
TEST_09252,0.0018318814691156149,0.9998852014541626
TEST_09253,0.0006251030135899782,0.9999375343322754
TEST_09254,0.004509995691478252,0.993133008480072
TEST_09255,0.19137713313102722,0.9918135404586792
TEST_09256,0.008070152252912521,0.9946357607841492
TEST_09257,0.012399500235915184,0.998256504535675
TEST_09258,0.0011819140054285526,0.9995160102844238
TEST_09259,0.047150786966085434,0.9949709177017212
TEST_09260,0.001769784721545875,0.9953279495239258
TEST_09261,0.01807890273630619,0.9683738350868225
TEST_09262,0.24527691304683685,0.9155573844909668
TEST_09263,0.4119490683078766,0.9905532598495483
TEST_09264,0.0005010209861211479,0.9964495897293091
TEST_09265,0.1005077138543129,0.9839233756065369
TEST_09266,0.009414923377335072,0.9823059439659119
TEST_09267,0.005458828993141651,0.9984675049781799
TEST_09268,0.003318938659504056,0.99925297498703
TEST_09269,0.0003943885094486177,0.9984922409057617
TEST_09270,0.022381901741027832,0.988736093044281
TEST_09271,0.0383499413728714,0.7146033048629761
TEST_09272,0.019296646118164062,0.9729883074760437
TEST_09273,0.25624269247055054,0.6860607862472534
TEST_09274,0.000625091081019491,0.9963118433952332
TEST_09275,0.009792986325919628,0.9984500408172607
TEST_09276,0.027729686349630356,0.9017183184623718
TEST_09277,0.0005770776770077646,0.9994964599609375
TEST_09278,0.009448549710214138,0.9329147338867188
TEST_09279,0.04061252623796463,0.9042949676513672
TEST_09280,0.002275633392855525,0.9958016276359558
TEST_09281,0.012444401159882545,0.9049575328826904
TEST_09282,0.031170092523097992,0.9894782900810242
TEST_09283,0.0692523643374443,0.8473009467124939
TEST_09284,0.006568937096744776,0.9959248304367065
TEST_09285,0.0726500079035759,0.9914542436599731
TEST_09286,0.10192406177520752,0.9647507667541504
TEST_09287,0.0015092388493940234,0.9976577758789062
TEST_09288,0.02644990384578705,0.9895071387290955
TEST_09289,0.001955881016328931,0.9481139779090881
TEST_09290,0.0552421398460865,0.8719807267189026
TEST_09291,0.004131901543587446,0.9835330843925476
TEST_09292,0.017362888902425766,0.9994871616363525
TEST_09293,0.007077454123646021,0.9337567090988159
TEST_09294,0.04618581011891365,0.9023380279541016
TEST_09295,0.0027890470810234547,0.9962493777275085
TEST_09296,0.0012135312426835299,0.9882094860076904
TEST_09297,0.018513359129428864,0.9930765628814697
TEST_09298,0.00019093035371042788,0.991860568523407
TEST_09299,0.1364900916814804,0.987285315990448
TEST_09300,0.001922648400068283,0.9994045495986938
TEST_09301,0.3364156484603882,0.9907953143119812
TEST_09302,0.029260048642754555,0.9833680987358093
TEST_09303,0.9675966501235962,0.2581164240837097
TEST_09304,0.014863245189189911,0.9736658930778503
TEST_09305,0.00704794330522418,0.9300257563591003
TEST_09306,0.002624420914798975,0.9964917302131653
TEST_09307,0.0004672124341595918,0.9902417063713074
TEST_09308,0.011080246418714523,0.9894592761993408
TEST_09309,0.01596112921833992,0.9992608428001404
TEST_09310,0.0021882306318730116,0.8604462146759033
TEST_09311,0.007592546753585339,0.9608274698257446
TEST_09312,0.006724903360009193,0.9916402101516724
TEST_09313,0.08364551514387131,0.7996974587440491
TEST_09314,0.023792807012796402,0.9617494940757751
TEST_09315,0.015815339982509613,0.975793182849884
TEST_09316,0.046332187950611115,0.9776527881622314
TEST_09317,0.0437539704144001,0.9260837435722351
TEST_09318,0.6461933255195618,0.9630743861198425
TEST_09319,0.0030476637184619904,0.9875836968421936
TEST_09320,0.023940369486808777,0.9834712147712708
TEST_09321,0.005450109485536814,0.995206892490387
TEST_09322,0.0004139525117352605,0.9999788999557495
TEST_09323,0.0068519143387675285,0.9782366156578064
TEST_09324,0.19094689190387726,0.2555100619792938
TEST_09325,0.005377383902668953,0.9862803220748901
TEST_09326,0.0139840729534626,0.9751733541488647
TEST_09327,0.008888892829418182,0.9983521699905396
TEST_09328,0.06270197778940201,0.8746756315231323
TEST_09329,0.9709433913230896,0.5626074075698853
TEST_09330,0.0020708790980279446,0.9965078234672546
TEST_09331,0.005379865411669016,0.9907541275024414
TEST_09332,0.44055113196372986,0.7390034198760986
TEST_09333,0.11000802367925644,0.9605808854103088
TEST_09334,0.6253268122673035,0.9724757671356201
TEST_09335,0.22257518768310547,0.9765417575836182
TEST_09336,0.011167462915182114,0.9887886643409729
TEST_09337,0.5622003078460693,0.8219330906867981
TEST_09338,0.007141216192394495,0.9265977740287781
TEST_09339,0.01613934524357319,0.9975735545158386
TEST_09340,0.15583418309688568,0.7892867922782898
TEST_09341,0.0022353630047291517,0.9985311031341553
TEST_09342,0.0012354966020211577,0.9947576522827148
TEST_09343,0.01002452988177538,0.9784327745437622
TEST_09344,0.011561097577214241,0.9243011474609375
TEST_09345,0.0006457344861701131,0.942184329032898
TEST_09346,0.03519389033317566,0.9711247086524963
TEST_09347,0.07399336248636246,0.9539138674736023
TEST_09348,0.0013235511723905802,0.9982680082321167
TEST_09349,0.09285392612218857,0.9509538412094116
TEST_09350,0.014814811758697033,0.9933637380599976
TEST_09351,0.03395684435963631,0.9274284839630127
TEST_09352,0.04329391196370125,0.8991575837135315
TEST_09353,0.062198977917432785,0.9236096739768982
TEST_09354,0.4957126975059509,0.8538605570793152
TEST_09355,0.024105647578835487,0.9832062721252441
TEST_09356,0.009210248477756977,0.9524052143096924
TEST_09357,0.0018660511123016477,0.9398622512817383
TEST_09358,0.932009756565094,0.6637513041496277
TEST_09359,0.01686275377869606,0.9961813688278198
TEST_09360,0.0024252869188785553,0.9992393255233765
TEST_09361,0.059112630784511566,0.9689925312995911
TEST_09362,0.013034186325967312,0.9963210821151733
TEST_09363,0.015484534204006195,0.8221878409385681
TEST_09364,0.0019442979246377945,0.995818555355072
TEST_09365,0.011647301726043224,0.9687383770942688
TEST_09366,0.0009821876883506775,0.9921635389328003
TEST_09367,0.010098758153617382,0.9976309537887573
TEST_09368,0.014216984622180462,0.9298403859138489
TEST_09369,0.11846889555454254,0.993137001991272
TEST_09370,0.03155972436070442,0.9605587720870972
TEST_09371,0.056621111929416656,0.93557208776474
TEST_09372,0.011956782080233097,0.9218286871910095
TEST_09373,0.3145691156387329,0.8898811340332031
TEST_09374,0.0028448677621781826,0.9326403141021729
TEST_09375,0.03446400165557861,0.9783344268798828
TEST_09376,0.0020737445447593927,0.9991254210472107
TEST_09377,0.005072823725640774,0.9859153032302856
TEST_09378,0.0009551625116728246,0.9597463011741638
TEST_09379,0.0025564520619809628,0.9999761581420898
TEST_09380,0.26757049560546875,0.7372084259986877
TEST_09381,0.056109920144081116,0.9823651909828186
TEST_09382,0.07083482295274734,0.896273672580719
TEST_09383,0.19033484160900116,0.8943920135498047
TEST_09384,0.02418874017894268,0.985771656036377
TEST_09385,0.19071388244628906,0.9636392593383789
TEST_09386,0.004047064576297998,0.9846081137657166
TEST_09387,0.044791437685489655,0.9181326627731323
TEST_09388,0.49253395199775696,0.9954043626785278
TEST_09389,0.00596284307539463,0.9990742206573486
TEST_09390,0.13078871369361877,0.9634257555007935
TEST_09391,0.0029511854518204927,0.9996265172958374
TEST_09392,0.012246148660779,0.9837818145751953
TEST_09393,0.0018674938473850489,0.9998218417167664
TEST_09394,0.006370617542415857,0.8965207934379578
TEST_09395,0.14900778234004974,0.9819549918174744
TEST_09396,0.029218805953860283,0.9893342852592468
TEST_09397,0.3753800094127655,0.9863016605377197
TEST_09398,0.0268113911151886,0.069724902510643
TEST_09399,0.029881730675697327,0.9793501496315002
TEST_09400,0.609952449798584,0.34000247716903687
TEST_09401,0.023625267669558525,0.9809988141059875
TEST_09402,0.008250166662037373,0.9989317059516907
TEST_09403,0.9752858281135559,0.9248487949371338
TEST_09404,0.0069373310543596745,0.9776175618171692
TEST_09405,0.02886384353041649,0.9607048630714417
TEST_09406,0.007294506765902042,0.9765610694885254
TEST_09407,0.0012418063124641776,0.9999474287033081
TEST_09408,0.22996439039707184,0.8479971885681152
TEST_09409,0.9833211898803711,0.7834948301315308
TEST_09410,0.0007583147380501032,0.9997686743736267
TEST_09411,0.10159467160701752,0.9811997413635254
TEST_09412,0.02201213501393795,0.9968558549880981
TEST_09413,0.012177114374935627,0.9240103960037231
TEST_09414,0.5905681252479553,0.9820241332054138
TEST_09415,0.009155024774372578,0.964597761631012
TEST_09416,0.00912052858620882,0.9888318777084351
TEST_09417,0.0007766869384795427,0.9958474040031433
TEST_09418,0.0021266737021505833,0.9336901903152466
TEST_09419,0.013348270207643509,0.9943417310714722
TEST_09420,0.050174955278635025,0.9622305035591125
TEST_09421,0.2975461781024933,0.9166408777236938
TEST_09422,0.14927515387535095,0.8849361538887024
TEST_09423,0.04312213137745857,0.9811965227127075
TEST_09424,0.14638911187648773,0.9508239030838013
TEST_09425,0.1524808406829834,0.6336148381233215
TEST_09426,0.05179111286997795,0.8787960410118103
TEST_09427,0.0038374296855181456,0.9653011560440063
TEST_09428,0.006469396408647299,0.9701331257820129
TEST_09429,0.0348963625729084,0.9935198426246643
TEST_09430,0.004622085951268673,0.9916846752166748
TEST_09431,0.06465855985879898,0.8736234307289124
TEST_09432,0.042910609394311905,0.9546986818313599
TEST_09433,0.010192882269620895,0.9809391498565674
TEST_09434,0.008219782263040543,0.9606176614761353
TEST_09435,0.0007455694722011685,0.996288537979126
TEST_09436,0.31474095582962036,0.9257256984710693
TEST_09437,0.0011939274845644832,0.9997556805610657
TEST_09438,0.03491682931780815,0.9551379680633545
TEST_09439,0.011414662003517151,0.9791736602783203
TEST_09440,0.4670354127883911,0.9825396537780762
TEST_09441,0.00843743234872818,0.9985431432723999
TEST_09442,0.005830851383507252,0.9807392358779907
TEST_09443,0.0011955263325944543,0.9978066086769104
TEST_09444,0.9297356009483337,0.7279775738716125
TEST_09445,0.4884141683578491,0.9622732996940613
TEST_09446,0.2739472985267639,0.3223100006580353
TEST_09447,0.0021145178470760584,0.9997915625572205
TEST_09448,0.0004540884110610932,0.9992594122886658
TEST_09449,0.0973859578371048,0.4933895468711853
TEST_09450,0.06106102094054222,0.9981669187545776
TEST_09451,0.0005550560308620334,0.9999223947525024
TEST_09452,0.01529574953019619,0.642662763595581
TEST_09453,0.030923103913664818,0.9904096126556396
TEST_09454,0.23286384344100952,0.7067280411720276
TEST_09455,0.26218169927597046,0.8782175183296204
TEST_09456,0.6673502326011658,0.9651609063148499
TEST_09457,0.11068487912416458,0.8203778266906738
TEST_09458,0.0010291998041793704,0.9968068599700928
TEST_09459,0.049643032252788544,0.8632780909538269
TEST_09460,0.18275050818920135,0.8385854959487915
TEST_09461,0.0758415013551712,0.05905170738697052
TEST_09462,0.021366070955991745,0.9993640780448914
TEST_09463,0.011932870373129845,0.9925932288169861
TEST_09464,0.005952815059572458,0.9877533316612244
TEST_09465,0.0019202122930437326,0.993134617805481
TEST_09466,0.012253700755536556,0.9814592599868774
TEST_09467,0.0031143866945058107,0.9983806610107422
TEST_09468,0.0009875039104372263,0.9989776611328125
TEST_09469,0.003829515539109707,0.9991747736930847
TEST_09470,0.0029878104105591774,0.9988729357719421
TEST_09471,0.03815712779760361,0.9459989666938782
TEST_09472,0.009633315727114677,0.9953580498695374
TEST_09473,0.00781426951289177,0.9970332384109497
TEST_09474,0.007769688498228788,0.9939695596694946
TEST_09475,0.8746587634086609,0.8065627217292786
TEST_09476,0.06031624600291252,0.930145263671875
TEST_09477,0.012821594253182411,0.9907696843147278
TEST_09478,0.06830628216266632,0.9133233428001404
TEST_09479,0.006968241650611162,0.998624324798584
TEST_09480,0.03287078067660332,0.9125308990478516
TEST_09481,0.010383878834545612,0.8827369809150696
TEST_09482,0.0029431497678160667,0.9771509170532227
TEST_09483,0.014132549054920673,0.9909221529960632
TEST_09484,0.006392405368387699,0.9979863166809082
TEST_09485,0.009771623648703098,0.9978392720222473
TEST_09486,0.020809566602110863,0.8863605260848999
TEST_09487,0.4824335277080536,0.8353327512741089
TEST_09488,0.03810581564903259,0.9698691964149475
TEST_09489,0.36581605672836304,0.94000643491745
TEST_09490,0.0363139770925045,0.9965652823448181
TEST_09491,0.01895228959619999,0.9862921237945557
TEST_09492,0.02111147530376911,0.9991668462753296
TEST_09493,0.09324483573436737,0.9075085520744324
TEST_09494,0.08119203895330429,0.9912468791007996
TEST_09495,0.04485053941607475,0.4750198423862457
TEST_09496,0.9673370718955994,0.021129170432686806
TEST_09497,0.006004016846418381,0.8844428658485413
TEST_09498,0.12221558392047882,0.4723809063434601
TEST_09499,0.0028781576547771692,0.9999991655349731
TEST_09500,0.8168157339096069,0.8516552448272705
TEST_09501,0.0017253130208700895,0.9937210083007812
TEST_09502,0.008815569803118706,0.7789129614830017
TEST_09503,0.004847561940550804,0.9995884299278259
TEST_09504,0.004164169542491436,0.9865356087684631
TEST_09505,0.9980942606925964,0.0019869504030793905
TEST_09506,0.008499758318066597,0.9994447827339172
TEST_09507,0.0011995735112577677,0.9994493126869202
TEST_09508,0.9757168889045715,0.00948832556605339
TEST_09509,0.055022042244672775,0.9931917786598206
TEST_09510,0.0006468308274634182,0.9981635212898254
TEST_09511,0.009135960601270199,0.9866428375244141
TEST_09512,0.00047458638437092304,0.9994447827339172
TEST_09513,0.0006650957511737943,0.9955543875694275
TEST_09514,0.0011059774551540613,0.8989768028259277
TEST_09515,0.2713669240474701,0.9061082601547241
TEST_09516,0.0066632977686822414,0.952407717704773
TEST_09517,0.04978039488196373,0.840577244758606
TEST_09518,0.017921119928359985,0.9994768500328064
TEST_09519,0.0017195702530443668,0.9976523518562317
TEST_09520,0.0012847553007304668,0.9999920129776001
TEST_09521,0.016007419675588608,0.9937974810600281
TEST_09522,0.001999323721975088,0.9987404942512512
TEST_09523,0.0007537169149145484,0.9850195646286011
TEST_09524,0.6454610228538513,0.09714709222316742
TEST_09525,0.023562662303447723,0.9683989882469177
TEST_09526,0.016452133655548096,0.9999908208847046
TEST_09527,0.6176889538764954,0.5728821754455566
TEST_09528,0.99959796667099,0.002192398998886347
TEST_09529,0.07543529570102692,0.9898905754089355
TEST_09530,0.003038411494344473,0.9981971383094788
TEST_09531,0.9903057813644409,0.524712085723877
TEST_09532,0.004982319660484791,0.9748713374137878
TEST_09533,0.01902063935995102,0.9931140542030334
TEST_09534,0.004714763257652521,0.9906722903251648
TEST_09535,0.6475387215614319,0.9760414958000183
TEST_09536,0.10786008089780807,0.837180495262146
TEST_09537,0.38578760623931885,0.5847992897033691
TEST_09538,0.018531974405050278,0.9869019985198975
TEST_09539,0.0035583104472607374,0.9955211877822876
TEST_09540,0.00010771399684017524,0.9987179040908813
TEST_09541,0.004076658748090267,0.9023794531822205
TEST_09542,0.002543217269703746,0.9936017394065857
TEST_09543,0.002563097048550844,0.9988492727279663
TEST_09544,0.07501008361577988,0.9207577109336853
TEST_09545,0.01860392838716507,0.9945825934410095
TEST_09546,0.001215277356095612,0.9995680451393127
TEST_09547,0.015396112576127052,0.964619517326355
TEST_09548,0.0009866355685517192,0.9999397993087769
TEST_09549,0.9882820248603821,0.8550004959106445
TEST_09550,0.0010110903531312943,0.9942811727523804
TEST_09551,0.8920869827270508,0.942642867565155
TEST_09552,0.03001689538359642,0.9965237975120544
TEST_09553,0.007359681650996208,0.9641796946525574
TEST_09554,0.4199579060077667,0.9509820342063904
TEST_09555,0.006517698988318443,0.9840569496154785
TEST_09556,0.013820277526974678,0.8087232708930969
TEST_09557,0.2915836572647095,0.8032298684120178
TEST_09558,0.009446435607969761,0.9971200227737427
TEST_09559,0.024394754320383072,0.9914148449897766
TEST_09560,0.01615316793322563,0.7966902256011963
TEST_09561,0.0005400203517638147,0.998144268989563
TEST_09562,0.04177030175924301,0.9526786804199219
TEST_09563,0.004523221869021654,0.9912087917327881
TEST_09564,0.019905028864741325,0.9853014349937439
TEST_09565,0.0031444558408111334,0.998863935470581
TEST_09566,0.22991114854812622,0.5885591506958008
TEST_09567,0.8784898519515991,0.52381831407547
TEST_09568,0.0860447958111763,0.7373189330101013
TEST_09569,0.005353458691388369,0.9997301697731018
TEST_09570,0.012437441386282444,0.9703210592269897
TEST_09571,0.014322005212306976,0.9848642945289612
TEST_09572,0.0022327906917780638,0.9939332604408264
TEST_09573,0.00026218307903036475,0.9997333884239197
TEST_09574,0.03751695901155472,0.8036239147186279
TEST_09575,0.006572547368705273,0.6073988676071167
TEST_09576,0.9999442100524902,0.0015033489326015115
TEST_09577,0.010919886641204357,0.9418802857398987
TEST_09578,0.0177233275026083,0.8550306558609009
TEST_09579,0.0021137383300811052,0.99970942735672
TEST_09580,0.05304935574531555,0.88944011926651
TEST_09581,0.3766532242298126,0.9525842070579529
TEST_09582,0.04827681928873062,0.4549902677536011
TEST_09583,0.020937461405992508,0.9849125742912292
TEST_09584,0.05320075526833534,0.9412673115730286
TEST_09585,0.002068541944026947,0.9974033236503601
TEST_09586,0.019352087751030922,0.9951423406600952
TEST_09587,0.0019492936553433537,0.9927402138710022
TEST_09588,0.01149816159158945,0.9790418744087219
TEST_09589,0.005041719414293766,0.9603938460350037
TEST_09590,0.006317156367003918,0.9988196492195129
TEST_09591,0.001411032979376614,0.9999189376831055
TEST_09592,0.007173101417720318,0.9996658563613892
TEST_09593,0.07285602390766144,0.9699224233627319
TEST_09594,0.10491818934679031,0.8780161738395691
TEST_09595,0.0284268781542778,0.2557544410228729
TEST_09596,0.002685986924916506,0.9938735961914062
TEST_09597,0.8361995220184326,0.09952358156442642
TEST_09598,0.0005459935637190938,0.9997982382774353
TEST_09599,0.010242775082588196,0.971510648727417
TEST_09600,0.9300553202629089,0.8390803933143616
TEST_09601,0.9926385879516602,0.9984955787658691
TEST_09602,0.02373546175658703,0.7704197764396667
TEST_09603,0.025641605257987976,0.9786270260810852
TEST_09604,0.002651578513905406,0.9998927116394043
TEST_09605,0.014497112482786179,0.9718962907791138
TEST_09606,0.022360021248459816,0.9986423850059509
TEST_09607,0.006690153852105141,0.9999164342880249
TEST_09608,0.5908291935920715,0.856900155544281
TEST_09609,0.030433855950832367,0.9179760217666626
TEST_09610,0.000777111214119941,0.9921407699584961
TEST_09611,0.0009066101629287004,0.9763765931129456
TEST_09612,0.038001757115125656,0.9878746867179871
TEST_09613,0.006288689095526934,0.9992843270301819
TEST_09614,0.02297745645046234,0.9749406576156616
TEST_09615,0.027167990803718567,0.9907042384147644
TEST_09616,0.006029531359672546,0.9957045912742615
TEST_09617,0.004435038659721613,0.9978146553039551
TEST_09618,0.0023889304138720036,0.9991509914398193
TEST_09619,0.0014228095533326268,0.9474042654037476
TEST_09620,0.03643317148089409,0.9946209192276001
TEST_09621,0.43605807423591614,0.997891366481781
TEST_09622,0.0031216389033943415,0.998868465423584
TEST_09623,0.027107544243335724,0.9650298953056335
TEST_09624,0.019219674170017242,0.9850426912307739
TEST_09625,0.0490059033036232,0.985617458820343
TEST_09626,0.41976499557495117,0.9256884455680847
TEST_09627,0.0055226897820830345,0.9986125230789185
TEST_09628,0.03471443057060242,0.9267149567604065
TEST_09629,0.0031077966559678316,0.991592526435852
TEST_09630,0.0020749487448483706,0.9991942048072815
TEST_09631,0.028992485255002975,0.9100804328918457
TEST_09632,0.006601960863918066,0.9924524426460266
TEST_09633,0.009564989246428013,0.987114667892456
TEST_09634,0.029619703069329262,0.9653570055961609
TEST_09635,0.9301742315292358,0.8616175651550293
TEST_09636,0.010202436707913876,0.9950928688049316
TEST_09637,0.0008605123148299754,0.9941184520721436
TEST_09638,0.048920661211013794,0.9861504435539246
TEST_09639,0.029119079932570457,0.9900807738304138
TEST_09640,0.003056656802073121,0.9988040924072266
TEST_09641,0.01331646740436554,0.9920868277549744
TEST_09642,0.0006435239920392632,0.999471127986908
TEST_09643,0.00041548704029992223,0.9976304769515991
TEST_09644,0.10144918411970139,0.953396737575531
TEST_09645,0.031194977462291718,0.9964035749435425
TEST_09646,0.5971448421478271,0.7673805952072144
TEST_09647,0.9064251780509949,0.9081933498382568
TEST_09648,0.0022646270226687193,0.9023417830467224
TEST_09649,0.004857281222939491,0.9925715327262878
TEST_09650,0.021728916093707085,0.9999995231628418
TEST_09651,0.012236322276294231,0.9964525699615479
TEST_09652,0.010498909279704094,0.9973606467247009
TEST_09653,0.31265562772750854,0.7587910890579224
TEST_09654,0.8717145919799805,0.6761051416397095
TEST_09655,0.005730896256864071,0.8730248212814331
TEST_09656,0.004043341148644686,0.9874451160430908
TEST_09657,0.05661879479885101,0.9101132750511169
TEST_09658,1.3477022548613604e-05,0.9999843835830688
TEST_09659,0.032419610768556595,0.9862233996391296
TEST_09660,0.02684664912521839,0.9729180932044983
TEST_09661,0.06101932004094124,0.9817650318145752
TEST_09662,0.05269758403301239,0.9925221800804138
TEST_09663,0.008497880771756172,0.9950788021087646
TEST_09664,0.01739017851650715,0.9678294062614441
TEST_09665,0.04174623265862465,0.76398766040802
TEST_09666,0.0025682244449853897,0.9997021555900574
TEST_09667,0.005643162876367569,0.9947785139083862
TEST_09668,0.0011800724314525723,0.9992844462394714
TEST_09669,0.002724186982959509,0.988933801651001
TEST_09670,0.007383603602647781,0.9966359734535217
TEST_09671,0.026176512241363525,0.9533449411392212
TEST_09672,0.0007837837911210954,0.999813973903656
TEST_09673,0.8898605108261108,0.0669446587562561
TEST_09674,0.0002302310458617285,0.9999735355377197
TEST_09675,0.03949825465679169,0.9939475059509277
TEST_09676,0.9744137525558472,0.815564751625061
TEST_09677,0.9633656740188599,0.2731381356716156
TEST_09678,0.002129081403836608,0.9969852566719055
TEST_09679,0.08624671399593353,0.9013253450393677
TEST_09680,0.015250648371875286,0.95450758934021
TEST_09681,0.11365599185228348,0.908747673034668
TEST_09682,0.9999514818191528,0.0005226488574407995
TEST_09683,0.2353437840938568,0.916228711605072
TEST_09684,0.002654010895639658,0.9993001222610474
TEST_09685,0.4824128746986389,0.9936891794204712
TEST_09686,0.03248320519924164,0.8562071919441223
TEST_09687,0.001237431657500565,0.9808636903762817
TEST_09688,0.43067100644111633,0.2879655957221985
TEST_09689,0.04072563350200653,0.956596851348877
TEST_09690,0.011843293905258179,0.9992490410804749
TEST_09691,0.00917382538318634,0.9943180680274963
TEST_09692,0.005416902247816324,0.9997541308403015
TEST_09693,0.01660272851586342,0.9722680449485779
TEST_09694,0.09918929636478424,0.9697287082672119
TEST_09695,0.23026369512081146,0.92877197265625
TEST_09696,0.0018697697669267654,0.9998584985733032
TEST_09697,0.011559919454157352,0.747564971446991
TEST_09698,0.014723474159836769,0.9471412301063538
TEST_09699,0.0020996120292693377,0.9996911287307739
TEST_09700,7.042141805868596e-05,0.9993508458137512
TEST_09701,0.9025892019271851,0.7985880970954895
TEST_09702,0.00020456270431168377,0.9970491528511047
TEST_09703,0.02849711664021015,0.9835087656974792
TEST_09704,0.002261861925944686,0.9420909881591797
TEST_09705,0.002150059910491109,0.9826864004135132
TEST_09706,0.1793755292892456,0.820100724697113
TEST_09707,0.11268658190965652,0.9991447925567627
TEST_09708,0.03332282975316048,0.9930081367492676
TEST_09709,0.676215410232544,0.8444109559059143
TEST_09710,0.010435987263917923,0.988212525844574
TEST_09711,0.003853574860841036,0.9986579418182373
TEST_09712,0.005071957595646381,0.9972136616706848
TEST_09713,0.11428658664226532,0.9621028304100037
TEST_09714,0.010495200753211975,0.9999799728393555
TEST_09715,0.0077567147091031075,0.9204196333885193
TEST_09716,0.004213320557028055,0.9969817996025085
TEST_09717,0.029427992179989815,0.9601245522499084
TEST_09718,0.03188824653625488,0.7676056623458862
TEST_09719,0.2929466962814331,0.14579655230045319
TEST_09720,0.03591261804103851,0.8347409963607788
TEST_09721,0.01400585938245058,0.9995940327644348
TEST_09722,0.006486219819635153,0.9996510744094849
TEST_09723,0.06608249247074127,0.9818302989006042
TEST_09724,0.022499416023492813,0.7167553305625916
TEST_09725,0.2578946352005005,0.838160514831543
TEST_09726,0.9927111864089966,0.878301739692688
TEST_09727,0.1162707731127739,0.18188588321208954
TEST_09728,0.011094575747847557,0.9942861199378967
TEST_09729,0.0036357224453240633,0.9999536275863647
TEST_09730,0.0038414145819842815,0.995262622833252
TEST_09731,0.038881927728652954,0.9953972697257996
TEST_09732,0.003902657423168421,0.980855405330658
TEST_09733,0.04219996556639671,0.8842100501060486
TEST_09734,0.0002704146900214255,0.9990121126174927
TEST_09735,0.0657050758600235,0.8812335729598999
TEST_09736,0.030830640345811844,0.9998096823692322
TEST_09737,0.04805067181587219,0.89761883020401
TEST_09738,0.020544759929180145,0.984230101108551
TEST_09739,0.003210049821063876,0.9964640736579895
TEST_09740,0.0006747908773832023,0.9884577393531799
TEST_09741,0.009028919041156769,0.926274299621582
TEST_09742,0.0025465155486017466,0.9216420650482178
TEST_09743,0.006799898575991392,0.9983456134796143
TEST_09744,0.006881310138851404,0.9800400733947754
TEST_09745,0.02683405391871929,0.9631409645080566
TEST_09746,0.007147791795432568,0.9941350817680359
TEST_09747,0.006650736555457115,0.9231728911399841
TEST_09748,0.008839818648993969,0.999822199344635
TEST_09749,0.38480904698371887,0.8564565181732178
TEST_09750,0.013819447718560696,0.9901474118232727
TEST_09751,0.011516629718244076,0.9685904383659363
TEST_09752,0.007985761389136314,0.9827941656112671
TEST_09753,0.1558220386505127,0.7828679084777832
TEST_09754,0.006637895945459604,0.9968373775482178
TEST_09755,0.027213940396904945,0.9987057447433472
TEST_09756,0.11108171939849854,0.8661152720451355
TEST_09757,0.052009936422109604,0.9519145488739014
TEST_09758,0.018861135467886925,0.9665051102638245
TEST_09759,0.03795919194817543,0.9937738180160522
TEST_09760,0.002106061903759837,0.9966917037963867
TEST_09761,0.04572610184550285,0.32920950651168823
TEST_09762,0.17302535474300385,0.8557993173599243
TEST_09763,0.007813693024218082,0.9908072352409363
TEST_09764,0.1606207937002182,0.996016800403595
TEST_09765,0.0006487391656264663,0.9990978240966797
TEST_09766,0.02991117350757122,0.878788948059082
TEST_09767,0.4043115973472595,0.012215610593557358
TEST_09768,0.021724583581089973,0.9593759775161743
TEST_09769,0.07294740527868271,0.8322125673294067
TEST_09770,0.4902192950248718,0.8912331461906433
TEST_09771,0.011113777756690979,0.9687545299530029
TEST_09772,0.036532383412122726,0.9111943244934082
TEST_09773,0.03334498405456543,0.9809448719024658
TEST_09774,0.028256990015506744,0.9966080188751221
TEST_09775,0.004511087667196989,0.999947190284729
TEST_09776,0.3624800145626068,0.9415303468704224
TEST_09777,0.0005385538097470999,0.9979750514030457
TEST_09778,0.004352208226919174,0.9811035394668579
TEST_09779,0.00701134093105793,0.9978594183921814
TEST_09780,0.01700367033481598,0.9948182702064514
TEST_09781,0.00454035634174943,0.9989487528800964
TEST_09782,0.01189712155610323,0.9617358446121216
TEST_09783,0.009864147752523422,0.9988312125205994
TEST_09784,0.014350115321576595,0.95855313539505
TEST_09785,0.030628271400928497,0.7700045108795166
TEST_09786,0.0044096363708376884,0.9971117973327637
TEST_09787,0.04240167513489723,0.9082127213478088
TEST_09788,0.08890727162361145,0.9475914239883423
TEST_09789,0.03640987351536751,0.8100174069404602
TEST_09790,0.0008239543531090021,0.9874508380889893
TEST_09791,0.011560933664441109,0.9708331227302551
TEST_09792,0.011951549910008907,0.9928440451622009
TEST_09793,0.9989305138587952,0.0004382592160254717
TEST_09794,0.0025729781482368708,0.9999785423278809
TEST_09795,0.0023944517597556114,0.9961966276168823
TEST_09796,0.02196262963116169,0.943500816822052
TEST_09797,0.05031764134764671,0.9937806725502014
TEST_09798,0.9716898202896118,0.01087469793856144
TEST_09799,0.00015178359171841294,0.9999350309371948
TEST_09800,0.0057922666892409325,0.7086735367774963
TEST_09801,0.001241084304638207,0.9973664879798889
TEST_09802,0.00016513030277565122,0.99996018409729
TEST_09803,0.04629594087600708,0.9835382103919983
TEST_09804,0.003197342623025179,0.9993711113929749
TEST_09805,0.017837166786193848,0.9788923263549805
TEST_09806,0.0009667712729424238,0.993829071521759
TEST_09807,0.24463193118572235,0.967954695224762
TEST_09808,0.0016207240987569094,0.9762418270111084
TEST_09809,0.01585889235138893,0.991298496723175
TEST_09810,0.9922146201133728,0.012898731976747513
TEST_09811,0.006827277597039938,0.9919779300689697
TEST_09812,0.03362438082695007,0.9898089170455933
TEST_09813,0.0579221211373806,0.8671757578849792
TEST_09814,0.002798650646582246,0.9996803998947144
TEST_09815,0.15729495882987976,0.9960000514984131
TEST_09816,0.001116952858865261,0.9986152648925781
TEST_09817,2.1145062419236638e-05,0.9997745156288147
TEST_09818,0.0011694356799125671,0.9998230338096619
TEST_09819,0.011569065973162651,0.9944664835929871
TEST_09820,0.011394599452614784,0.8847662806510925
TEST_09821,0.0021205160301178694,0.9988180994987488
TEST_09822,0.022246692329645157,0.9989635944366455
TEST_09823,0.9999418258666992,0.0007303101592697203
TEST_09824,0.04545552283525467,0.8895173072814941
TEST_09825,0.04442568123340607,0.8883305191993713
TEST_09826,0.012935107573866844,0.9973781108856201
TEST_09827,0.013064800761640072,0.942442774772644
TEST_09828,0.07710321992635727,0.9845325350761414
TEST_09829,0.0210078414529562,0.9518110752105713
TEST_09830,0.0015198984183371067,0.992817759513855
TEST_09831,0.037552591413259506,0.9845373630523682
TEST_09832,0.045618072152137756,0.95771723985672
TEST_09833,0.004248554818332195,0.9988837838172913
TEST_09834,0.003624489763751626,0.9932401180267334
TEST_09835,0.012203413061797619,0.9894453883171082
TEST_09836,0.0026849780697375536,0.9091572165489197
TEST_09837,0.15671168267726898,0.8494505882263184
TEST_09838,0.04212407395243645,0.9699196219444275
TEST_09839,0.0027823944110423326,0.9952213168144226
TEST_09840,0.008257129229605198,0.936964750289917
TEST_09841,0.07306589931249619,0.9948344230651855
TEST_09842,0.012308986857533455,0.9947059750556946
TEST_09843,0.09534209966659546,0.8818426132202148
TEST_09844,0.003965233452618122,0.9974949359893799
TEST_09845,0.0069752465933561325,0.994175136089325
TEST_09846,0.022979404777288437,0.9696648120880127
TEST_09847,0.019556283950805664,0.8932849168777466
TEST_09848,0.09077227860689163,0.9748350977897644
TEST_09849,0.0954248383641243,0.9786598086357117
TEST_09850,0.004342357162386179,0.9998233914375305
TEST_09851,0.03301677107810974,0.7547001242637634
TEST_09852,0.0034094606526196003,0.994634747505188
TEST_09853,0.004797725472599268,0.9991089701652527
TEST_09854,0.9997166991233826,0.04194814711809158
TEST_09855,0.0028737778775393963,0.9954689741134644
TEST_09856,0.0031058206222951412,0.9995682835578918
TEST_09857,0.21033278107643127,0.8711848258972168
TEST_09858,0.014719543047249317,0.9851996898651123
TEST_09859,0.002285609021782875,0.9975110292434692
TEST_09860,0.037807561457157135,0.9720707535743713
TEST_09861,0.027406755834817886,0.9963003396987915
TEST_09862,0.010631650686264038,0.987028956413269
TEST_09863,0.01476341113448143,0.9833905100822449
TEST_09864,0.12035112082958221,0.9868900775909424
TEST_09865,0.02987169660627842,0.9689617156982422
TEST_09866,0.008537421934306622,0.9784446358680725
TEST_09867,0.005824417341500521,0.9998440742492676
TEST_09868,0.007808115798979998,0.9714245200157166
TEST_09869,0.1886626034975052,0.9868406057357788
TEST_09870,0.0007179261301644146,0.9998742341995239
TEST_09871,0.2533658742904663,0.975957989692688
TEST_09872,0.0006855850806459785,0.9954955577850342
TEST_09873,0.7698962688446045,0.9351177215576172
TEST_09874,0.011853757314383984,0.9950733780860901
TEST_09875,0.006893204990774393,0.9973752498626709
TEST_09876,0.0005884337588213384,0.997255265712738
TEST_09877,0.0035408255644142628,0.9809788465499878
TEST_09878,0.2284735143184662,0.9953022003173828
TEST_09879,0.7529165148735046,0.7277028560638428
TEST_09880,0.020587511360645294,0.9834188222885132
TEST_09881,0.04855998232960701,0.9983568787574768
TEST_09882,0.025851521641016006,0.8977171778678894
TEST_09883,0.006410888396203518,0.9904552102088928
TEST_09884,0.016394903883337975,0.9464586973190308
TEST_09885,0.004154787864536047,0.9854180812835693
TEST_09886,0.021639660000801086,0.9314318299293518
TEST_09887,0.0014292390551418066,0.9568473696708679
TEST_09888,0.0024787760339677334,0.9951430559158325
TEST_09889,0.0031835001427680254,0.9997647404670715
TEST_09890,0.0017615173710510135,0.996895432472229
TEST_09891,0.029126981273293495,0.975057065486908
TEST_09892,0.0004712496302090585,0.9997138381004333
TEST_09893,0.09729306399822235,0.9243243932723999
TEST_09894,0.0045268842950463295,0.9688438177108765
TEST_09895,0.014954929240047932,0.9999649524688721
TEST_09896,0.017905334010720253,0.7278667688369751
TEST_09897,0.014766712673008442,0.9914476871490479
TEST_09898,0.0036271491553634405,0.972456157207489
TEST_09899,0.011408794671297073,0.9966282248497009
TEST_09900,0.012137532234191895,0.9991623163223267
TEST_09901,0.007313667796552181,0.9997559189796448
TEST_09902,0.009398071095347404,0.9973502159118652
TEST_09903,0.006836201064288616,0.9979649782180786
TEST_09904,0.6768003106117249,0.7735413908958435
TEST_09905,0.26229962706565857,0.3041282296180725
TEST_09906,0.14569123089313507,0.6309577822685242
TEST_09907,0.0681077241897583,0.8726872205734253
TEST_09908,0.24068062007427216,0.9885013103485107
TEST_09909,0.006231911946088076,0.9981160163879395
TEST_09910,0.01871885545551777,0.9897468090057373
TEST_09911,0.004981898702681065,0.9969149827957153
TEST_09912,0.0035432660952210426,0.9977636337280273
TEST_09913,0.10788251459598541,0.9033455848693848
TEST_09914,0.2636939585208893,0.9331362843513489
TEST_09915,0.9073982238769531,0.6004497408866882
TEST_09916,0.01618555188179016,0.849056601524353
TEST_09917,0.007162879686802626,0.9969071745872498
TEST_09918,0.003381832968443632,0.9998167157173157
TEST_09919,0.0010578557848930359,0.9999722242355347
TEST_09920,0.028265926986932755,0.9967895150184631
TEST_09921,0.009846001863479614,0.9960143566131592
TEST_09922,0.024939754977822304,0.9947243332862854
TEST_09923,0.1438654363155365,0.8719493746757507
TEST_09924,0.02811598591506481,0.9959509372711182
TEST_09925,0.02346225269138813,0.9998730421066284
TEST_09926,0.5184370875358582,0.9609497785568237
TEST_09927,0.04003700241446495,0.9872703552246094
TEST_09928,0.985486626625061,0.9345047473907471
TEST_09929,0.007725077215582132,0.9813957810401917
TEST_09930,0.007640608120709658,0.9397202134132385
TEST_09931,0.0013636363437399268,0.9999973773956299
TEST_09932,0.006635324098169804,0.9908068776130676
TEST_09933,0.0013854423305019736,0.9999768733978271
TEST_09934,0.002175847999751568,0.9806252717971802
TEST_09935,0.006407842505723238,0.9524446725845337
TEST_09936,0.0016582324169576168,0.9972756505012512
TEST_09937,0.024158379063010216,0.9977433681488037
TEST_09938,0.8961977362632751,0.9793939590454102
TEST_09939,0.03127690777182579,0.950711727142334
TEST_09940,0.007634956389665604,0.9422486424446106
TEST_09941,0.01074754074215889,0.9940656423568726
TEST_09942,5.8417754189576954e-05,0.9996271133422852
TEST_09943,0.998245358467102,0.13191352784633636
TEST_09944,0.0052109151147305965,0.9951849579811096
TEST_09945,0.04263300821185112,0.8921114802360535
TEST_09946,0.6472827792167664,0.8669033646583557
TEST_09947,0.041653964668512344,0.989998996257782
TEST_09948,0.018076227977871895,0.9868444204330444
TEST_09949,0.24717193841934204,0.9087721705436707
TEST_09950,0.18660041689872742,0.9031879901885986
TEST_09951,0.003401802387088537,0.9855797290802002
TEST_09952,0.0005909418687224388,0.9996033310890198
TEST_09953,0.054589223116636276,0.980909526348114
TEST_09954,0.30012595653533936,0.9039356708526611
TEST_09955,0.00595802953466773,0.9846470355987549
TEST_09956,0.004455165471881628,0.9771221280097961
TEST_09957,0.002066856250166893,0.9954907298088074
TEST_09958,0.02593464031815529,0.9949368238449097
TEST_09959,0.26631513237953186,0.9560355544090271
TEST_09960,0.020238496363162994,0.9992316961288452
TEST_09961,0.0011750907870009542,0.9999676942825317
TEST_09962,0.023943787440657616,0.9958867430686951
TEST_09963,0.02995247393846512,0.9970754384994507
TEST_09964,0.0019533499144017696,0.9971343278884888
TEST_09965,0.01470292266458273,0.9406316876411438
TEST_09966,0.011936744675040245,0.9457405209541321
TEST_09967,0.0003603024233598262,0.9999154806137085
TEST_09968,0.0017222866881638765,0.9926331639289856
TEST_09969,0.4655320346355438,0.01561778038740158
TEST_09970,0.8239749670028687,0.8735130429267883
TEST_09971,0.005846667103469372,0.9581191539764404
TEST_09972,0.035518743097782135,0.9089937806129456
TEST_09973,0.10843902826309204,0.6673608422279358
TEST_09974,0.0009895863477140665,0.9988157749176025
TEST_09975,0.006834792904555798,0.9757030606269836
TEST_09976,0.16400620341300964,0.9987201690673828
TEST_09977,0.0010654502548277378,0.9986095428466797
TEST_09978,0.011115857400000095,0.9927917718887329
TEST_09979,0.04640434309840202,0.9990742206573486
TEST_09980,0.04628366976976395,0.985973596572876
TEST_09981,0.0580873116850853,0.9393554925918579
TEST_09982,0.001896588713862002,0.9901663064956665
TEST_09983,0.0023102094419300556,0.9999239444732666
TEST_09984,0.006770167499780655,0.9751449227333069
TEST_09985,0.010242408141493797,0.9796718955039978
TEST_09986,0.03304481506347656,0.8729300498962402
TEST_09987,0.03329511731863022,0.9794397950172424
TEST_09988,0.005840063560754061,0.975952684879303
TEST_09989,0.006461236625909805,0.9959791898727417
TEST_09990,0.06322875618934631,0.9061152935028076
TEST_09991,0.0025172147434204817,0.9882802963256836
TEST_09992,0.12452902644872665,0.9319486618041992
TEST_09993,0.038189198821783066,0.9571281671524048
TEST_09994,0.00026658104616217315,0.9998605251312256
TEST_09995,0.0014726544031873345,0.9989540576934814
TEST_09996,0.0009026125771924853,0.9998607635498047
TEST_09997,0.01977575570344925,0.9867284893989563
TEST_09998,0.012107598595321178,0.9768956899642944
TEST_09999,0.03650210052728653,0.9293733835220337
TEST_10000,0.0028852319810539484,0.9992874264717102
TEST_10001,0.03586278855800629,0.9980827569961548
TEST_10002,0.00829929020255804,0.9928746223449707
TEST_10003,0.0009208968258462846,0.9987564086914062
TEST_10004,0.12624263763427734,0.979013204574585
TEST_10005,0.0460563562810421,0.42567434906959534
TEST_10006,0.04751625657081604,0.0026364882942289114
TEST_10007,0.0027597197331488132,0.9914347529411316
TEST_10008,0.25103500485420227,0.5316371321678162
TEST_10009,0.036405131220817566,0.9762820601463318
TEST_10010,0.998948872089386,1.4525763617712073e-05
TEST_10011,0.012779733166098595,0.9975939393043518
TEST_10012,0.004001589026302099,0.9969070553779602
TEST_10013,0.005351835861802101,0.9941359758377075
TEST_10014,0.016607975587248802,0.8511158227920532
TEST_10015,0.1822441816329956,0.6403756141662598
TEST_10016,0.01218953263014555,0.10291066765785217
TEST_10017,0.0023401614744216204,0.9990276098251343
TEST_10018,0.0629296526312828,0.901391863822937
TEST_10019,0.053954191505908966,0.9883402585983276
TEST_10020,0.002726670354604721,0.9932685494422913
TEST_10021,0.016355087980628014,0.9671853184700012
TEST_10022,0.004219799768179655,0.9980196952819824
TEST_10023,0.012261691503226757,0.884948194026947
TEST_10024,0.0022158666979521513,0.9888221025466919
TEST_10025,0.003669002093374729,0.9962577819824219
TEST_10026,0.0008692435803823173,0.9990235567092896
TEST_10027,0.010038934648036957,0.9870542883872986
TEST_10028,0.0027524514589458704,0.9983265995979309
TEST_10029,0.6007575988769531,0.8683130145072937
TEST_10030,0.09151379019021988,0.9808541536331177
TEST_10031,0.027891406789422035,0.9573577642440796
TEST_10032,0.00019226802396588027,0.9997509121894836
TEST_10033,0.0006058216094970703,0.8344063758850098
TEST_10034,0.012174584902822971,0.997164785861969
TEST_10035,0.1293637454509735,0.9916364550590515
TEST_10036,0.11314531415700912,0.995468020439148
TEST_10037,0.034147944301366806,0.9322493672370911
TEST_10038,0.9870470762252808,0.13929225504398346
TEST_10039,0.0011252412805333734,0.9240297079086304
TEST_10040,0.41377970576286316,0.6754950881004333
TEST_10041,0.0384717658162117,0.8738754391670227
TEST_10042,0.013414369896054268,0.9874579310417175
TEST_10043,0.008669761940836906,0.9947924017906189
TEST_10044,0.01339596789330244,0.7893691062927246
TEST_10045,0.08875243365764618,0.9663766026496887
TEST_10046,0.303391695022583,0.9195406436920166
TEST_10047,0.007480552885681391,0.9814947843551636
TEST_10048,0.9609881639480591,0.08117638528347015
TEST_10049,0.023702211678028107,0.9844865202903748
TEST_10050,0.012584568932652473,0.9885172843933105
TEST_10051,0.18040546774864197,0.9602027535438538
TEST_10052,0.0138476537540555,0.5588657855987549
TEST_10053,0.019401540979743004,0.9992627501487732
TEST_10054,0.09288959950208664,0.9803901314735413
TEST_10055,0.012505665421485901,0.9904995560646057
TEST_10056,0.08124872297048569,0.8670646548271179
TEST_10057,0.01546481717377901,0.9728484749794006
TEST_10058,0.0039899274706840515,0.9897228479385376
TEST_10059,0.01209481805562973,0.9905357956886292
TEST_10060,0.0024106521159410477,0.9354232549667358
TEST_10061,0.03255745396018028,0.9974760413169861
TEST_10062,0.08902658522129059,0.9766678810119629
TEST_10063,0.000581004424020648,0.9995980858802795
TEST_10064,0.0006395219825208187,0.9853158593177795
TEST_10065,0.04840266332030296,0.8890612125396729
TEST_10066,0.004659371916204691,0.950333297252655
TEST_10067,0.004624559078365564,0.9931992888450623
TEST_10068,0.2496585100889206,0.9156689643859863
TEST_10069,0.032093312591314316,0.8682990670204163
TEST_10070,0.08640100061893463,0.8659715056419373
TEST_10071,0.005869129206985235,0.9427198767662048
TEST_10072,0.013035198673605919,0.994345486164093
TEST_10073,0.006508997641503811,0.9847518801689148
TEST_10074,0.3661581873893738,0.045849353075027466
TEST_10075,0.001490782480686903,0.990970253944397
TEST_10076,0.04366464912891388,0.981052815914154
TEST_10077,0.016734013333916664,0.9992280006408691
TEST_10078,0.25130313634872437,0.9136121869087219
TEST_10079,0.00518229091539979,0.9991071820259094
TEST_10080,0.8196917176246643,0.8513818979263306
TEST_10081,0.1299886554479599,0.8988062143325806
TEST_10082,0.03355438634753227,0.9217817783355713
TEST_10083,0.9870184063911438,0.8841241598129272
TEST_10084,0.0011329601984471083,0.9992790818214417
TEST_10085,0.0013157273642718792,0.9963014125823975
TEST_10086,0.3369929790496826,0.7548538446426392
TEST_10087,0.01003737561404705,0.9717257618904114
TEST_10088,0.06855499744415283,0.8727889060974121
TEST_10089,0.0368155837059021,0.9823017120361328
TEST_10090,0.9548968076705933,0.980554461479187
TEST_10091,0.02340765669941902,0.9832528829574585
TEST_10092,0.39684462547302246,0.7498906850814819
TEST_10093,0.035874973982572556,0.9946712851524353
TEST_10094,0.9972359538078308,0.001017109490931034
TEST_10095,0.006421844474971294,0.9477311372756958
TEST_10096,0.01378297246992588,0.9862311482429504
TEST_10097,0.0549146793782711,0.8964170217514038
TEST_10098,0.008373644202947617,0.9960224628448486
TEST_10099,0.06700059771537781,0.9624696373939514
TEST_10100,0.0021665762178599834,0.9987701773643494
TEST_10101,0.013969870284199715,0.9957274198532104
TEST_10102,0.020135344937443733,0.9822866320610046
TEST_10103,0.2728321850299835,0.891832172870636
TEST_10104,0.008801049552857876,0.9754144549369812
TEST_10105,0.9841116666793823,0.02108667604625225
TEST_10106,0.05931103974580765,0.8725089430809021
TEST_10107,0.0069471499882638454,0.9828769564628601
TEST_10108,0.005347040947526693,0.9793684482574463
TEST_10109,0.0019380031153559685,0.9998989105224609
TEST_10110,0.001061060349456966,0.9915658235549927
TEST_10111,0.02354525402188301,0.9914122819900513
TEST_10112,0.8584768176078796,0.6632695198059082
TEST_10113,0.0032781478948891163,0.9828054308891296
TEST_10114,0.0022427004296332598,0.9996583461761475
TEST_10115,0.0019257345702499151,0.9708969593048096
TEST_10116,0.16535833477973938,0.9985357522964478
TEST_10117,0.00021770628518424928,0.9995982050895691
TEST_10118,0.005621177144348621,0.9810553789138794
TEST_10119,0.001322112395428121,0.9907379746437073
TEST_10120,0.5743575692176819,0.8986480236053467
TEST_10121,0.001512865535914898,0.9855834245681763
TEST_10122,0.004987536463886499,0.9963956475257874
TEST_10123,0.0032041247468441725,0.9876307845115662
TEST_10124,0.0020107717718929052,0.9939708709716797
TEST_10125,0.035226739943027496,0.996866762638092
TEST_10126,0.004177194554358721,0.9992325305938721
TEST_10127,0.08762600272893906,0.9006360769271851
TEST_10128,0.026744794100522995,0.9921872615814209
TEST_10129,0.017018580809235573,0.9858468174934387
TEST_10130,0.00037126755341887474,0.9975212216377258
TEST_10131,0.017989913001656532,0.9826406836509705
TEST_10132,0.023096341639757156,0.9975613355636597
TEST_10133,0.08779863268136978,0.9846014976501465
TEST_10134,0.0007585923303849995,0.9998862743377686
TEST_10135,0.001418807078152895,0.9999620914459229
TEST_10136,0.0017721722833812237,0.9993044137954712
TEST_10137,0.08135838061571121,0.8996449708938599
TEST_10138,0.00033677087048999965,0.9998615980148315
TEST_10139,0.16089461743831635,0.8118214011192322
TEST_10140,0.0006086209323257208,0.9975864887237549
TEST_10141,0.04684878885746002,0.9227336049079895
TEST_10142,0.03286305069923401,0.9389682412147522
TEST_10143,0.20780794322490692,0.8325729370117188
TEST_10144,0.005117539316415787,0.9525810480117798
TEST_10145,0.02156062424182892,0.9738655686378479
TEST_10146,0.01069802138954401,0.976134181022644
TEST_10147,0.007715075276792049,0.8907907605171204
TEST_10148,0.011019399389624596,0.9849193096160889
TEST_10149,0.0108710378408432,0.9817088842391968
TEST_10150,0.11916187405586243,0.8618540167808533
TEST_10151,0.3662277162075043,0.8882343769073486
TEST_10152,0.049697816371917725,0.9951046705245972
TEST_10153,0.803809404373169,0.8195765614509583
TEST_10154,0.04933002218604088,0.9307429790496826
TEST_10155,0.005478240549564362,0.9967843294143677
TEST_10156,0.0012211023131385446,0.9889989495277405
TEST_10157,0.004101876635104418,0.9650834798812866
TEST_10158,0.060144443064928055,0.9382694959640503
TEST_10159,0.02414402924478054,0.9982378482818604
TEST_10160,0.055215802043676376,0.6756296157836914
TEST_10161,0.030431486666202545,0.9150481820106506
TEST_10162,0.012535927817225456,0.9886704683303833
TEST_10163,0.019752753898501396,0.9913409352302551
TEST_10164,0.007392813917249441,0.9949707388877869
TEST_10165,0.025861455127596855,0.9884039163589478
TEST_10166,0.00460949307307601,0.9971466660499573
TEST_10167,0.004191973712295294,0.9822569489479065
TEST_10168,0.00107575545553118,0.9892545938491821
TEST_10169,0.07044953852891922,0.5903188586235046
TEST_10170,0.9969093203544617,0.18811041116714478
TEST_10171,0.006366779562085867,0.928580105304718
TEST_10172,0.9953010082244873,0.6113591194152832
TEST_10173,0.008427445776760578,0.9804878830909729
TEST_10174,0.015984129160642624,0.9750342965126038
TEST_10175,0.3195115625858307,0.7559288144111633
TEST_10176,6.24749663984403e-05,0.9996346235275269
TEST_10177,0.005053626373410225,0.9951360821723938
TEST_10178,0.004346717149019241,0.968052864074707
TEST_10179,0.0013596060452982783,0.9997655749320984
TEST_10180,0.0009084867197088897,0.998835027217865
TEST_10181,0.002121920930221677,0.9736416339874268
TEST_10182,0.0012924468610435724,0.9996503591537476
TEST_10183,0.0037507053930312395,0.9648417234420776
TEST_10184,0.009141410700976849,0.9994105100631714
TEST_10185,0.004266033880412579,0.9988941550254822
TEST_10186,0.03953007236123085,0.9964085221290588
TEST_10187,0.0015733668114989996,0.9989768266677856
TEST_10188,0.04767835885286331,0.9963783621788025
TEST_10189,0.014086833223700523,0.960459291934967
TEST_10190,0.03260655328631401,0.9968309998512268
TEST_10191,0.06326743960380554,0.8730180859565735
TEST_10192,0.08336293697357178,0.8194282054901123
TEST_10193,0.23867535591125488,0.9976277947425842
TEST_10194,0.01901126839220524,0.9934865236282349
TEST_10195,0.004341396503150463,0.9946001768112183
TEST_10196,0.052425678819417953,0.9997158646583557
TEST_10197,0.08228851109743118,0.8620867729187012
TEST_10198,0.0347597636282444,0.9971490502357483
TEST_10199,0.003219965612515807,0.9963131546974182
TEST_10200,0.0018273184541612864,0.9975661039352417
TEST_10201,0.9749442934989929,0.5325763821601868
TEST_10202,0.0026098955422639847,0.9146511554718018
TEST_10203,0.00012214954767841846,0.9992766976356506
TEST_10204,0.007746650837361813,0.9559876322746277
TEST_10205,0.8421246409416199,0.33674052357673645
TEST_10206,0.025689905509352684,0.9658311009407043
TEST_10207,0.0006721874815411866,0.999431312084198
TEST_10208,0.003878398099914193,0.9810559153556824
TEST_10209,0.0080094700679183,0.9581583142280579
TEST_10210,0.002558898413553834,0.9874857068061829
TEST_10211,0.02760779671370983,0.9841094613075256
TEST_10212,0.07056556642055511,0.8694677948951721
TEST_10213,0.007613169029355049,0.980932354927063
TEST_10214,0.01927138864994049,0.9999668598175049
TEST_10215,0.0019859010353684425,0.9675040245056152
TEST_10216,0.014175310730934143,0.99904865026474
TEST_10217,0.999157190322876,0.1333213597536087
TEST_10218,0.0031665824353694916,0.9998869895935059
TEST_10219,0.3166312277317047,0.9046707153320312
TEST_10220,0.5758957266807556,0.8572014570236206
TEST_10221,0.012059174478054047,0.9957846999168396
TEST_10222,0.038699671626091,0.13825193047523499
TEST_10223,0.015502825379371643,0.9998668432235718
TEST_10224,0.0009205511887557805,0.9971617460250854
TEST_10225,0.0013245372101664543,0.9996358156204224
TEST_10226,0.00435712281614542,0.9991874098777771
TEST_10227,0.04087385907769203,0.9348673820495605
TEST_10228,0.06396382302045822,0.9398273825645447
TEST_10229,0.004117692820727825,0.9905481934547424
TEST_10230,0.048139262944459915,0.926429808139801
TEST_10231,0.0005696211592294276,0.9997525811195374
TEST_10232,0.0012079281732439995,0.9993919134140015
TEST_10233,0.0005402870592661202,0.9995720982551575
TEST_10234,0.0038024799432605505,0.9938501119613647
TEST_10235,0.025034621357917786,0.9899068474769592
TEST_10236,0.0815911591053009,0.9861922860145569
TEST_10237,0.016362715512514114,0.9526779055595398
TEST_10238,0.007683156058192253,0.9999769926071167
TEST_10239,0.023234840482473373,0.974804162979126
TEST_10240,0.004610913805663586,0.9970171451568604
TEST_10241,0.0010902336798608303,0.9989781379699707
TEST_10242,0.0028755287639796734,0.9980146884918213
TEST_10243,0.7736687660217285,0.458903044462204
TEST_10244,0.0059333182871341705,0.999788224697113
TEST_10245,0.0034176737535744905,0.991028904914856
TEST_10246,0.06446528434753418,0.47307801246643066
TEST_10247,0.0035014180466532707,0.9999908208847046
TEST_10248,0.001781147439032793,0.9955839514732361
TEST_10249,0.9181748628616333,0.01968102715909481
TEST_10250,0.07017084211111069,0.966286301612854
TEST_10251,0.0014547347091138363,0.9999370574951172
TEST_10252,0.2727661728858948,0.02008064091205597
TEST_10253,0.3089406192302704,0.9602562785148621
TEST_10254,0.01163017563521862,0.9966282248497009
TEST_10255,0.006263764575123787,0.7352596521377563
TEST_10256,0.00046072358964011073,0.9954916834831238
TEST_10257,0.02579180710017681,0.9525673389434814
TEST_10258,0.018097415566444397,0.9970928430557251
TEST_10259,0.03151456266641617,0.9934990406036377
TEST_10260,0.11898298561573029,0.9893061518669128
TEST_10261,0.7391082644462585,0.0038097549695521593
TEST_10262,0.1436711698770523,0.8988747000694275
TEST_10263,0.9417100548744202,0.9379534125328064
TEST_10264,0.028175538405776024,0.9703027606010437
TEST_10265,0.010807942599058151,0.989389955997467
TEST_10266,0.34343940019607544,0.45081815123558044
TEST_10267,0.010525236837565899,0.9142841100692749
TEST_10268,0.05691918730735779,0.9893304705619812
TEST_10269,0.08011690527200699,0.7012624740600586
TEST_10270,0.0019632792100310326,0.9530443549156189
TEST_10271,0.002352528739720583,0.9799964427947998
TEST_10272,0.1793963611125946,0.17863863706588745
TEST_10273,0.014166510663926601,0.8763439655303955
TEST_10274,0.011251800693571568,0.9841066598892212
TEST_10275,0.0007525449036620557,0.9826274514198303
TEST_10276,0.0010889553232118487,0.9945918917655945
TEST_10277,0.0012653092853724957,0.9890682101249695
TEST_10278,0.009068494662642479,0.9216309785842896
TEST_10279,0.0009787444723770022,0.9955012202262878
TEST_10280,0.016456440091133118,0.9367098808288574
TEST_10281,0.0015550701646134257,0.9952883720397949
TEST_10282,0.033403899520635605,0.22986765205860138
TEST_10283,0.0005915851797908545,0.9962206482887268
TEST_10284,0.02501007914543152,0.9933379888534546
TEST_10285,0.9780439734458923,0.013596749864518642
TEST_10286,0.002191900508478284,0.9999915361404419
TEST_10287,0.0043916357681155205,0.98825603723526
TEST_10288,0.034883711487054825,0.87799471616745
TEST_10289,0.019682805985212326,0.998824417591095
TEST_10290,0.6554955840110779,0.6762465238571167
TEST_10291,0.04969281703233719,0.9740322232246399
TEST_10292,0.1216885894536972,0.707522988319397
TEST_10293,0.004022067412734032,0.9994515776634216
TEST_10294,0.003659038105979562,0.9921749234199524
TEST_10295,0.058539021760225296,0.7741047143936157
TEST_10296,0.046588554978370667,0.8816326856613159
TEST_10297,0.999629020690918,0.00018076554988510907
TEST_10298,0.002822242211550474,0.9852007627487183
TEST_10299,0.012852859683334827,0.9506276249885559
TEST_10300,0.00957176461815834,0.99727863073349
TEST_10301,0.016172222793102264,0.9607141017913818
TEST_10302,0.005342670250684023,0.9973253011703491
TEST_10303,0.014309597201645374,0.9469648003578186
TEST_10304,0.0038620259147137403,0.9930837154388428
TEST_10305,0.03542016074061394,0.9834398031234741
TEST_10306,0.050164107233285904,0.9824835658073425
TEST_10307,0.05739552155137062,0.9904248118400574
TEST_10308,0.054240092635154724,0.9880073070526123
TEST_10309,0.047703541815280914,0.8950812816619873
TEST_10310,0.003449870739132166,0.9974800944328308
TEST_10311,7.44098360883072e-05,0.9995771050453186
TEST_10312,0.0014139726990833879,0.9831387996673584
TEST_10313,0.5536770224571228,0.9962892532348633
TEST_10314,0.01511662919074297,0.9842764139175415
TEST_10315,0.6535749435424805,0.925137460231781
TEST_10316,0.5678070187568665,0.7472220659255981
TEST_10317,0.005319090560078621,0.9946812987327576
TEST_10318,0.04776463285088539,0.8854339122772217
TEST_10319,0.055809617042541504,0.8471532464027405
TEST_10320,0.14704835414886475,0.8486404418945312
TEST_10321,0.005387436132878065,0.9822497963905334
TEST_10322,0.005934398155659437,0.9949093461036682
TEST_10323,0.04876883700489998,0.9346781373023987
TEST_10324,0.021741002798080444,0.9646136164665222
TEST_10325,0.005756110418587923,0.998579740524292
TEST_10326,0.006573867984116077,0.9978259205818176
TEST_10327,0.8714786171913147,0.9037709832191467
TEST_10328,0.0125202601775527,0.9914251565933228
TEST_10329,0.5378808379173279,0.966440737247467
TEST_10330,0.0032126586884260178,0.9972461462020874
TEST_10331,0.017602073028683662,0.9929885268211365
TEST_10332,0.01960229128599167,0.9256312251091003
TEST_10333,0.6205919981002808,0.856335461139679
TEST_10334,0.010826647281646729,0.998940646648407
TEST_10335,0.012781069613993168,0.9905361533164978
TEST_10336,0.008620220236480236,0.9010793566703796
TEST_10337,0.01043492741882801,0.9937500357627869
TEST_10338,0.006883594673126936,0.9838843941688538
TEST_10339,0.02973642759025097,0.9868136644363403
TEST_10340,0.000687238818500191,0.994122326374054
TEST_10341,0.0022596612107008696,0.9536017775535583
TEST_10342,0.12821625173091888,0.9951730370521545
TEST_10343,0.0006404274608939886,0.9926844239234924
TEST_10344,0.29981666803359985,0.8191069960594177
TEST_10345,0.011267821304500103,0.9583846926689148
TEST_10346,0.057984836399555206,0.979564368724823
TEST_10347,0.035998594015836716,0.9130186438560486
TEST_10348,0.008339302614331245,0.8927386403083801
TEST_10349,0.019935518503189087,0.740634560585022
TEST_10350,0.0026555752847343683,0.9999257326126099
TEST_10351,0.027798978611826897,0.9608572721481323
TEST_10352,0.0013399349991232157,0.9911558628082275
TEST_10353,0.0027640052139759064,0.9935134053230286
TEST_10354,0.00818136427551508,0.7393595576286316
TEST_10355,0.7749502062797546,0.03681559860706329
TEST_10356,0.9932765960693359,0.06656080484390259
TEST_10357,0.001971977297216654,0.9970765113830566
TEST_10358,0.07871861010789871,0.9170318245887756
TEST_10359,0.06626670062541962,0.9777496457099915
TEST_10360,0.9975487589836121,0.02651597186923027
TEST_10361,0.9324454069137573,0.8968772888183594
TEST_10362,0.08092942088842392,0.9229884147644043
TEST_10363,0.0011142201256006956,0.998846173286438
TEST_10364,0.021083621308207512,0.9939086437225342
TEST_10365,0.054464034736156464,0.8554475903511047
TEST_10366,0.00829674769192934,0.9650601744651794
TEST_10367,0.06675383448600769,0.8987178206443787
TEST_10368,0.6225416660308838,0.9948622584342957
TEST_10369,0.02763688936829567,0.9944111704826355
TEST_10370,0.024576591327786446,0.9986586570739746
TEST_10371,0.109510138630867,0.9716832041740417
TEST_10372,0.019075889140367508,0.9991355538368225
TEST_10373,0.008691476657986641,0.9974995255470276
TEST_10374,0.12229848653078079,0.7481778860092163
TEST_10375,0.990794837474823,0.844778299331665
TEST_10376,0.07143684476613998,0.8558892011642456
TEST_10377,0.00322013720870018,0.9657590389251709
TEST_10378,0.03812510520219803,0.9317912459373474
TEST_10379,0.000713769462890923,0.9994733929634094
TEST_10380,0.07924530655145645,0.1283041089773178
TEST_10381,0.026651443913578987,0.9972038269042969
TEST_10382,0.002520335605368018,0.9988664388656616
TEST_10383,0.028076479211449623,0.9086201190948486
TEST_10384,0.0014461660757660866,0.9975461363792419
TEST_10385,0.06167471408843994,0.9843600392341614
TEST_10386,0.017822202295064926,0.9907702803611755
TEST_10387,2.0985517039662227e-05,0.999995231628418
TEST_10388,0.21250705420970917,0.10020136088132858
TEST_10389,0.006083478685468435,0.9984437823295593
TEST_10390,0.0036236699670553207,0.9926942586898804
TEST_10391,0.021018411964178085,0.9735070466995239
TEST_10392,0.05925510823726654,0.9782017469406128
TEST_10393,0.2562022805213928,0.8965305685997009
TEST_10394,0.029378144070506096,0.8753448128700256
TEST_10395,0.16032038629055023,0.9444951415061951
TEST_10396,0.009267746470868587,0.9638919234275818
TEST_10397,0.011748292483389378,0.9951188564300537
TEST_10398,0.0007840776816010475,0.9981532692909241
TEST_10399,0.0018034660024568439,0.9917696714401245
TEST_10400,0.007385609671473503,0.9641872048377991
TEST_10401,0.004664148669689894,0.9988898634910583
TEST_10402,0.09195783734321594,0.989183783531189
TEST_10403,0.0015210573328658938,0.999494194984436
TEST_10404,0.004142710939049721,0.9976956248283386
TEST_10405,0.003989406395703554,0.9951667785644531
TEST_10406,0.0020218617282807827,0.9981942772865295
TEST_10407,0.36118531227111816,0.9432634711265564
TEST_10408,0.059349700808525085,0.990924060344696
TEST_10409,0.007413420360535383,0.9971475005149841
TEST_10410,0.014187570661306381,0.9915144443511963
TEST_10411,0.3492002785205841,0.6517456769943237
TEST_10412,0.9784529805183411,0.7822829484939575
TEST_10413,0.03361311927437782,0.9744411110877991
TEST_10414,0.017266185954213142,0.9081321954727173
TEST_10415,0.004606190603226423,0.9973099231719971
TEST_10416,0.0006187219405546784,0.9812310338020325
TEST_10417,0.08596479892730713,0.9793490171432495
TEST_10418,0.006172065157443285,0.9421053528785706
TEST_10419,0.030809545889496803,0.8881943225860596
TEST_10420,0.09136778116226196,0.9830278158187866
TEST_10421,0.000708353123627603,0.9900133609771729
TEST_10422,0.004635582212358713,0.9918829202651978
TEST_10423,0.042145226150751114,0.9909549355506897
TEST_10424,0.21610529720783234,0.9335426688194275
TEST_10425,0.03870369866490364,0.9949807524681091
TEST_10426,0.00344061735086143,0.9523565769195557
TEST_10427,0.009189004078507423,0.9002644419670105
TEST_10428,0.008384996093809605,0.9901522994041443
TEST_10429,0.023809663951396942,0.9960607886314392
TEST_10430,0.00010273281077388674,0.9993973970413208
TEST_10431,0.06532713770866394,0.8169242739677429
TEST_10432,0.006092980969697237,0.9897741079330444
TEST_10433,0.0011750393314287066,0.9975040555000305
TEST_10434,0.04440377280116081,0.9515743851661682
TEST_10435,0.000996962422505021,0.7620148658752441
TEST_10436,0.02673974446952343,0.9911587834358215
TEST_10437,0.053807925432920456,0.9996951818466187
TEST_10438,0.9919604659080505,0.045985911041498184
TEST_10439,0.013947516679763794,0.9551195502281189
TEST_10440,0.007493529003113508,0.9927281141281128
TEST_10441,0.0007918453775346279,0.9999310970306396
TEST_10442,0.0011434697080403566,0.9993877410888672
TEST_10443,0.0020152165088802576,0.9857277274131775
TEST_10444,0.000744951656088233,0.9994112253189087
TEST_10445,0.0003669928992167115,0.9998279809951782
TEST_10446,0.0006752669578418136,0.9987803101539612
TEST_10447,0.0028580462094396353,0.9977782368659973
TEST_10448,0.15195982158184052,0.903563916683197
TEST_10449,0.0032303344924002886,0.9997735619544983
TEST_10450,0.0036688451655209064,0.9942536950111389
TEST_10451,0.008113047108054161,0.9966188669204712
TEST_10452,0.0017431537853553891,0.9993855953216553
TEST_10453,0.0007294546230696142,0.9983325600624084
TEST_10454,0.015597976744174957,0.9524177312850952
TEST_10455,0.01691107638180256,0.9932286739349365
TEST_10456,0.022818652912974358,0.85204017162323
TEST_10457,0.007974640466272831,0.9635974168777466
TEST_10458,0.036203812807798386,0.9926068782806396
TEST_10459,0.0005161482840776443,0.9998605251312256
TEST_10460,2.3735778086120263e-05,0.9999455213546753
TEST_10461,0.9340288043022156,0.0007330749067477882
TEST_10462,0.015299548394978046,0.9781790375709534
TEST_10463,0.0014166218461468816,0.9977140426635742
TEST_10464,0.10041417926549911,0.9248047471046448
TEST_10465,0.01086084358394146,0.997645914554596
TEST_10466,0.5292710661888123,0.009100103750824928
TEST_10467,0.09308744966983795,0.9773938655853271
TEST_10468,0.0011652801185846329,0.9864440560340881
TEST_10469,0.0004693005175795406,0.9961133003234863
TEST_10470,0.005363977514207363,0.962369441986084
TEST_10471,0.04506634548306465,0.8524426221847534
TEST_10472,0.01796833798289299,0.9991942048072815
TEST_10473,0.0006464619655162096,0.9955843091011047
TEST_10474,0.6197060942649841,0.9030810594558716
TEST_10475,0.064033642411232,0.5410798788070679
TEST_10476,0.0017419561045244336,0.9969606995582581
TEST_10477,0.012784795835614204,0.978111743927002
TEST_10478,0.9984885454177856,8.392478048335761e-05
TEST_10479,0.03319160267710686,0.9853492379188538
TEST_10480,0.0016315325628966093,0.9195458889007568
TEST_10481,0.2986774742603302,0.9851340055465698
TEST_10482,0.008192584849894047,0.9971005320549011
TEST_10483,0.010733446106314659,0.9975177049636841
TEST_10484,0.03303150087594986,0.9351617097854614
TEST_10485,0.003496167715638876,0.9947088956832886
TEST_10486,0.02270691655576229,0.9905327558517456
TEST_10487,0.9915800094604492,0.013709882274270058
TEST_10488,0.0160174872726202,0.8518232703208923
TEST_10489,0.004928977694362402,0.9790440201759338
TEST_10490,0.1491815447807312,0.948587954044342
TEST_10491,0.007745822425931692,0.999510645866394
TEST_10492,0.0019387926440685987,0.9856576323509216
TEST_10493,0.0025468464009463787,0.9861004948616028
TEST_10494,0.2995622456073761,0.9110610485076904
TEST_10495,0.012565984390676022,0.8797901272773743
TEST_10496,0.0014071072218939662,0.996692419052124
TEST_10497,0.006821311078965664,0.9779502749443054
TEST_10498,0.00043544144136831164,0.9983034133911133
TEST_10499,0.2803667485713959,0.9055606126785278
TEST_10500,0.004077880177646875,0.9916236996650696
TEST_10501,0.03183327615261078,0.9885996580123901
TEST_10502,0.0067853862419724464,0.8043652772903442
TEST_10503,0.01188396755605936,0.9883934855461121
TEST_10504,0.01480943989008665,0.9835510849952698
TEST_10505,0.0007265086169354618,0.9996052384376526
TEST_10506,0.03686508908867836,0.889585018157959
TEST_10507,0.0034248565789312124,0.9971049427986145
TEST_10508,0.9997825026512146,0.00042061490239575505
TEST_10509,0.006264747120440006,0.9918383955955505
TEST_10510,0.005928722210228443,0.9868226051330566
TEST_10511,0.22053761780261993,0.9642118215560913
TEST_10512,9.275584307033569e-05,0.9999918937683105
TEST_10513,0.0038911004085093737,0.9840782880783081
TEST_10514,0.0008273349958471954,0.9990924596786499
TEST_10515,0.024299737066030502,0.9984105825424194
TEST_10516,0.025338707491755486,0.9659002423286438
TEST_10517,0.0176677443087101,0.9950012564659119
TEST_10518,0.00378429819829762,0.9604368209838867
TEST_10519,0.042031388729810715,0.8714497089385986
TEST_10520,0.009964457713067532,0.9299075603485107
TEST_10521,0.0015137706650421023,0.9904099702835083
TEST_10522,0.0014788319822400808,0.9996461868286133
TEST_10523,0.006519953720271587,0.9953545331954956
TEST_10524,0.0022422352340072393,0.9984855055809021
TEST_10525,0.006031423807144165,0.9783384203910828
TEST_10526,0.0002165467303711921,0.9999774694442749
TEST_10527,0.0032602327410131693,0.9517987966537476
TEST_10528,0.07512208074331284,0.8870182633399963
TEST_10529,0.07111673802137375,0.993179440498352
TEST_10530,0.007451743818819523,0.9916199445724487
TEST_10531,0.41324418783187866,0.9847127199172974
TEST_10532,0.07433124631643295,0.8716543316841125
TEST_10533,0.023279789835214615,0.9750754237174988
TEST_10534,0.015364829450845718,0.9299257397651672
TEST_10535,0.02456764690577984,0.9971201419830322
TEST_10536,0.0010831191902980208,0.9989399313926697
TEST_10537,0.6809649467468262,0.17347072064876556
TEST_10538,0.000510218262206763,0.9992550015449524
TEST_10539,0.005019718315452337,0.9963537454605103
TEST_10540,0.0005487203015945852,0.9960130453109741
TEST_10541,0.02183009497821331,0.990679919719696
TEST_10542,0.01274025160819292,0.9872181415557861
TEST_10543,0.1561952382326126,0.8941229581832886
TEST_10544,0.00884776096791029,0.9649165272712708
TEST_10545,7.693386578466743e-05,0.9998722076416016
TEST_10546,0.009716365486383438,0.9809422492980957
TEST_10547,0.02563554234802723,0.9143865704536438
TEST_10548,0.032426103949546814,0.963812530040741
TEST_10549,0.005714744329452515,0.9946979284286499
TEST_10550,0.011948836036026478,0.9995496869087219
TEST_10551,0.001132311183027923,0.9999991655349731
TEST_10552,0.02125188335776329,0.9365981817245483
TEST_10553,0.052810609340667725,0.8983383178710938
TEST_10554,0.01594635844230652,0.9310667514801025
TEST_10555,0.031095335260033607,0.9928649663925171
TEST_10556,0.047632161527872086,0.9928728342056274
TEST_10557,0.0032874392345547676,0.9928272366523743
TEST_10558,0.019641103222966194,0.9788697957992554
TEST_10559,0.34689632058143616,0.2582669258117676
TEST_10560,0.0029824404045939445,0.9935657382011414
TEST_10561,0.003524086205288768,0.990155816078186
TEST_10562,0.04153670743107796,0.9064239859580994
TEST_10563,0.015620733611285686,0.5260307192802429
TEST_10564,0.03889062628149986,0.8854601979255676
TEST_10565,0.00941679161041975,0.9920698404312134
TEST_10566,0.0034205184783786535,0.9938985109329224
TEST_10567,0.0007516210898756981,0.9982650876045227
TEST_10568,0.29017844796180725,0.8767777681350708
TEST_10569,0.09453992545604706,0.2467217892408371
TEST_10570,0.01792987622320652,0.8748282194137573
TEST_10571,0.017300978302955627,0.9316633343696594
TEST_10572,4.9388676416128874e-05,0.99996018409729
TEST_10573,0.5779964327812195,0.9778004884719849
TEST_10574,0.006819997448474169,0.9556306600570679
TEST_10575,0.18318597972393036,0.9289509057998657
TEST_10576,0.005325893871486187,0.9917072653770447
TEST_10577,0.011334119364619255,0.802527904510498
TEST_10578,0.0002832272439263761,0.9998114705085754
TEST_10579,7.490528787457151e-06,0.9986055493354797
TEST_10580,0.0019735111854970455,0.9662507176399231
TEST_10581,0.017462696880102158,0.9160047769546509
TEST_10582,0.10620832443237305,0.06588160991668701
TEST_10583,0.09386269003152847,0.8855631947517395
TEST_10584,0.001986907096579671,0.9985992312431335
TEST_10585,0.0019688685424625874,0.9985405206680298
TEST_10586,0.9993196725845337,0.47031068801879883
TEST_10587,0.03513310104608536,0.9714047908782959
TEST_10588,0.009350141510367393,0.9959744811058044
TEST_10589,0.48841649293899536,0.9760779142379761
TEST_10590,0.005802210420370102,0.9990531802177429
TEST_10591,0.0011247949441894889,0.999249279499054
TEST_10592,0.021193979308009148,0.9508748054504395
TEST_10593,0.0005639507435262203,0.999671459197998
TEST_10594,0.016500381752848625,0.9847961664199829
TEST_10595,0.20867741107940674,0.866174578666687
TEST_10596,0.05986874923110008,0.7722569704055786
TEST_10597,0.0008283304632641375,0.9995602965354919
TEST_10598,0.041596658527851105,0.9977481961250305
TEST_10599,0.014844788238406181,0.9985424280166626
TEST_10600,0.002421964192762971,0.9332301616668701
TEST_10601,0.38436999917030334,0.28816571831703186
TEST_10602,0.001587027800269425,0.9876099824905396
TEST_10603,0.02403097413480282,0.5952889919281006
TEST_10604,0.0008188413339667022,0.9980290532112122
TEST_10605,0.03927545249462128,0.9948433637619019
TEST_10606,0.002513626590371132,0.9973307847976685
TEST_10607,0.03517475351691246,0.9415338635444641
TEST_10608,0.033542387187480927,0.9165189266204834
TEST_10609,0.3611438572406769,0.8474968075752258
TEST_10610,0.6046427488327026,0.001729913055896759
TEST_10611,0.0032800461631268263,0.9990473389625549
TEST_10612,0.0006611345452256501,0.9996613264083862
TEST_10613,0.05527961254119873,0.8759335279464722
TEST_10614,0.8769069910049438,0.5209054350852966
TEST_10615,0.018526608124375343,0.9484309554100037
TEST_10616,0.00571286678314209,0.9833779335021973
TEST_10617,0.012182719074189663,0.9856058955192566
TEST_10618,0.0006294288323260844,0.9980893731117249
TEST_10619,0.0024535786360502243,0.996010422706604
TEST_10620,0.001648494740948081,0.9976961016654968
TEST_10621,0.3522643446922302,0.9883162379264832
TEST_10622,0.9999655485153198,0.03762580826878548
TEST_10623,0.03520237281918526,0.9924904704093933
TEST_10624,0.07541630417108536,0.10968999564647675
TEST_10625,0.0021912718657404184,0.927505373954773
TEST_10626,0.06725817173719406,0.9064775109291077
TEST_10627,0.02264849655330181,0.9972988963127136
TEST_10628,0.33081430196762085,0.946317732334137
TEST_10629,0.021266985684633255,0.973939061164856
TEST_10630,0.058615319430828094,0.8498512506484985
TEST_10631,0.6823028922080994,0.9563350677490234
TEST_10632,0.003243004437536001,0.9785375595092773
TEST_10633,0.08763263374567032,0.9830836057662964
TEST_10634,0.011233999393880367,0.9772880673408508
TEST_10635,0.0024928273633122444,0.991949200630188
TEST_10636,0.009534236043691635,0.9983566403388977
TEST_10637,0.12410282343626022,0.791592001914978
TEST_10638,0.03045775555074215,0.9947525262832642
TEST_10639,0.011089252308011055,0.4989830255508423
TEST_10640,0.0017646737396717072,0.999974250793457
TEST_10641,0.015082917176187038,0.983185350894928
TEST_10642,0.0007613490452058613,0.9881449937820435
TEST_10643,0.02163589373230934,0.9705507755279541
TEST_10644,0.03237347677350044,0.9669000506401062
TEST_10645,0.03929021954536438,0.8947372436523438
TEST_10646,0.003929594531655312,0.9321753978729248
TEST_10647,0.02299174666404724,0.9961813688278198
TEST_10648,0.006786649581044912,0.9472315907478333
TEST_10649,0.349355012178421,0.5558413863182068
TEST_10650,0.04936017096042633,0.9997594952583313
TEST_10651,0.0012077626306563616,0.9549406170845032
TEST_10652,0.6067596077919006,0.6274081468582153
TEST_10653,0.043677713721990585,0.9221032857894897
TEST_10654,0.026043856516480446,0.9785162210464478
TEST_10655,0.7160902619361877,0.7241426110267639
TEST_10656,0.06291042268276215,0.9926257729530334
TEST_10657,0.06966449320316315,0.858490526676178
TEST_10658,0.02440856210887432,0.9119402170181274
TEST_10659,0.06545481085777283,0.9518449902534485
TEST_10660,0.015955684706568718,0.9875356554985046
TEST_10661,0.11500464379787445,0.9531062245368958
TEST_10662,0.0031951807904988527,0.9916418790817261
TEST_10663,0.013962961733341217,0.9278415441513062
TEST_10664,0.0034470197279006243,0.9970153570175171
TEST_10665,0.03596169874072075,0.910990297794342
TEST_10666,0.008944652043282986,0.9715939164161682
TEST_10667,0.0019232900813221931,0.9971935153007507
TEST_10668,0.002004407113417983,0.9926912188529968
TEST_10669,0.9934983253479004,0.6118593215942383
TEST_10670,0.015784285962581635,0.9253332018852234
TEST_10671,0.5758307576179504,0.5872663259506226
TEST_10672,0.005550066940486431,0.9786363840103149
TEST_10673,0.0007748204516246915,0.9998886585235596
TEST_10674,0.014171533286571503,0.9952099919319153
TEST_10675,0.02031496912240982,0.9983238577842712
TEST_10676,0.05848878249526024,0.9493180513381958
TEST_10677,0.010314987041056156,0.9949678778648376
TEST_10678,0.013046073727309704,0.9621421694755554
TEST_10679,0.0004640922707039863,0.9998900890350342
TEST_10680,9.514026169199497e-05,0.9997050166130066
TEST_10681,0.013156246393918991,0.9833801984786987
TEST_10682,0.004501248709857464,0.9991976618766785
TEST_10683,0.01725139282643795,0.9960260391235352
TEST_10684,0.19977816939353943,0.30070027709007263
TEST_10685,0.014436212368309498,0.8994557857513428
TEST_10686,0.20652879774570465,0.9520024061203003
TEST_10687,0.028837168589234352,0.9980067610740662
TEST_10688,0.6768127679824829,0.6851165890693665
TEST_10689,0.006117456592619419,0.9990341663360596
TEST_10690,0.04905136674642563,0.910907506942749
TEST_10691,0.08473499864339828,0.8644953370094299
TEST_10692,0.030064523220062256,0.9839165806770325
TEST_10693,0.0022940963972359896,0.9837526082992554
TEST_10694,0.8583251237869263,0.890787661075592
TEST_10695,0.16726833581924438,0.1369331181049347
TEST_10696,0.8628167510032654,0.35145214200019836
TEST_10697,0.0455596037209034,0.9613142609596252
TEST_10698,0.0012954145204275846,0.9583923816680908
TEST_10699,0.4356794059276581,0.9847307205200195
TEST_10700,0.19323860108852386,0.9938251972198486
TEST_10701,0.9874005913734436,0.8713557720184326
TEST_10702,0.49353253841400146,0.8382349014282227
TEST_10703,0.013916421681642532,0.9872046709060669
TEST_10704,0.0760057270526886,0.9893929958343506
TEST_10705,0.011728683486580849,0.9457989931106567
TEST_10706,0.0015284983674064279,0.9759180545806885
TEST_10707,0.014504799619317055,0.9804168343544006
TEST_10708,0.008966811932623386,0.9992876648902893
TEST_10709,0.01644297130405903,0.9381219744682312
TEST_10710,0.008396310731768608,0.9959696531295776
TEST_10711,0.17266428470611572,0.7781965136528015
TEST_10712,0.10477475821971893,0.6939097046852112
TEST_10713,0.00401782151311636,0.9990980625152588
TEST_10714,0.016768546774983406,0.9579780697822571
TEST_10715,0.0022556784097105265,0.9975581169128418
TEST_10716,0.12667511403560638,0.9580591917037964
TEST_10717,0.01376136764883995,0.9979519248008728
TEST_10718,0.0017287912778556347,0.9985756874084473
TEST_10719,0.1443987637758255,0.9074639081954956
TEST_10720,0.0824657529592514,0.9857655763626099
TEST_10721,0.05090225115418434,0.8931407332420349
TEST_10722,0.0005183481844142079,0.9982433319091797
TEST_10723,0.0007223797147162259,0.9992963075637817
TEST_10724,0.022407740354537964,0.9999083280563354
TEST_10725,0.006995188072323799,0.9998093247413635
TEST_10726,0.1895359754562378,0.9286715984344482
TEST_10727,0.0033720822539180517,0.9964356422424316
TEST_10728,0.005685728974640369,0.9997237324714661
TEST_10729,0.0004845602670684457,0.9979986548423767
TEST_10730,0.016025710850954056,0.971039891242981
TEST_10731,0.03296087682247162,0.8018521666526794
TEST_10732,0.056265559047460556,0.9604142904281616
TEST_10733,0.00025477021699771285,0.9957823753356934
TEST_10734,0.1702439934015274,0.8963977098464966
TEST_10735,0.003471267642453313,0.9943109750747681
TEST_10736,0.025451388210058212,0.9975118637084961
TEST_10737,0.22722965478897095,0.7730169892311096
TEST_10738,0.017865672707557678,0.7570667862892151
TEST_10739,0.025582777336239815,0.7299600839614868
TEST_10740,0.004458766430616379,0.9911183714866638
TEST_10741,0.9907286167144775,0.824797511100769
TEST_10742,0.16438958048820496,0.9842731952667236
TEST_10743,0.007558954413980246,0.9425546526908875
TEST_10744,0.00021212104184087366,0.9995337724685669
TEST_10745,0.0035753436386585236,1.0
TEST_10746,0.031563397496938705,0.9865199327468872
TEST_10747,0.00615959195420146,0.9999866485595703
TEST_10748,0.005335833411663771,0.9993040561676025
TEST_10749,0.19664974510669708,0.8592108488082886
TEST_10750,0.023357829079031944,0.9214403629302979
TEST_10751,0.17339582741260529,0.810293436050415
TEST_10752,0.017064286395907402,0.8616319298744202
TEST_10753,0.0031905851792544127,0.6606431603431702
TEST_10754,0.0014542884891852736,0.988558292388916
TEST_10755,0.009775319136679173,0.9934711456298828
TEST_10756,0.9899419546127319,0.3112020492553711
TEST_10757,0.33142513036727905,0.828112781047821
TEST_10758,0.023200446739792824,0.9934992790222168
TEST_10759,0.0033923403825610876,0.9992948770523071
TEST_10760,0.007359921932220459,0.997753918170929
TEST_10761,0.0030820537358522415,0.9985374212265015
TEST_10762,0.007674668915569782,0.9481492042541504
TEST_10763,0.011550040915608406,0.9663054943084717
TEST_10764,0.2317868173122406,0.8978224992752075
TEST_10765,0.00197195284999907,0.9999176263809204
TEST_10766,0.06972884386777878,0.8712751865386963
TEST_10767,0.018567750230431557,0.9772437810897827
TEST_10768,0.044861696660518646,0.7493488788604736
TEST_10769,0.01781057007610798,0.9911996722221375
TEST_10770,0.1307777613401413,0.843269407749176
TEST_10771,0.0017042713006958365,0.9923132061958313
TEST_10772,0.27191904187202454,0.9913672804832458
TEST_10773,0.003946338314563036,0.9803224205970764
TEST_10774,0.15108394622802734,0.9774288535118103
TEST_10775,0.027322513982653618,0.9426593780517578
TEST_10776,0.03260381892323494,0.8808358907699585
TEST_10777,0.003977340180426836,0.9973408579826355
TEST_10778,0.013321718201041222,0.7948513627052307
TEST_10779,0.02195023186504841,0.9907756447792053
TEST_10780,0.021456073969602585,0.9227041602134705
TEST_10781,0.001767522655427456,0.9997071623802185
TEST_10782,0.6728482842445374,0.9849405884742737
TEST_10783,0.010937662795186043,0.984296977519989
TEST_10784,0.0017535381484776735,0.9952008724212646
TEST_10785,0.0009667413542047143,0.9990264177322388
TEST_10786,0.0005519328406080604,0.9959557056427002
TEST_10787,0.009428061544895172,0.9676339030265808
TEST_10788,0.03188585489988327,0.9143727421760559
TEST_10789,0.0009427040349692106,0.9986905455589294
TEST_10790,0.0013352094683796167,0.9890523552894592
TEST_10791,0.012105300091207027,0.996338963508606
TEST_10792,0.03640394285321236,0.963171124458313
TEST_10793,0.0023249678779393435,0.9974462985992432
TEST_10794,0.04595033824443817,0.9267229437828064
TEST_10795,0.07158292084932327,0.931135356426239
TEST_10796,0.004704610910266638,0.9842833280563354
TEST_10797,0.026510292664170265,0.9161340594291687
TEST_10798,0.0003149560943711549,0.9978710412979126
TEST_10799,0.016372855752706528,0.9957903027534485
TEST_10800,0.06637326627969742,0.9406542778015137
TEST_10801,0.000631980539765209,0.9999203681945801
TEST_10802,0.7798238396644592,0.41103246808052063
TEST_10803,0.35432305932044983,0.9998654127120972
TEST_10804,0.00011384781828382984,0.9998044371604919
TEST_10805,0.05005861446261406,0.7953596115112305
TEST_10806,0.01399240456521511,0.9510567784309387
TEST_10807,0.8105766773223877,0.9381951093673706
TEST_10808,0.010529911145567894,0.9901553392410278
TEST_10809,0.33926379680633545,0.9742267727851868
TEST_10810,0.04126068577170372,0.995003879070282
TEST_10811,0.9533465504646301,0.7738206386566162
TEST_10812,0.00306939915753901,0.9772112369537354
TEST_10813,0.0007880225894041359,0.9880232810974121
TEST_10814,0.7180271744728088,0.8901626467704773
TEST_10815,0.004441962577402592,0.9442554712295532
TEST_10816,0.0004942815867252648,0.9978620409965515
TEST_10817,0.0006706518470309675,0.9951415061950684
TEST_10818,0.043074965476989746,0.6031363010406494
TEST_10819,0.09210696816444397,0.9317977428436279
TEST_10820,0.027631226927042007,0.9962419271469116
TEST_10821,0.0232260599732399,0.9846121668815613
TEST_10822,0.009005943313241005,0.9975549578666687
TEST_10823,0.0012551244581118226,0.991801917552948
TEST_10824,0.33374375104904175,0.7636202573776245
TEST_10825,0.8901464343070984,0.8625355958938599
TEST_10826,0.005007301457226276,0.9938639402389526
TEST_10827,0.04055122658610344,0.9862929582595825
TEST_10828,0.006180339492857456,0.9588559865951538
TEST_10829,0.015093701891601086,0.9980560541152954
TEST_10830,0.012221974320709705,0.9899466633796692
TEST_10831,0.008438752964138985,0.9945926070213318
TEST_10832,0.01304138358682394,0.9479215145111084
TEST_10833,0.0015361638506874442,0.9857368469238281
TEST_10834,0.1647276133298874,0.9490038156509399
TEST_10835,0.02112206071615219,0.9952697157859802
TEST_10836,0.9061385989189148,0.9974663257598877
TEST_10837,0.004525013267993927,0.9999172687530518
TEST_10838,0.005465146619826555,0.999550998210907
TEST_10839,0.005282288417220116,0.8929674625396729
TEST_10840,0.01470168586820364,0.928943395614624
TEST_10841,0.007053953129798174,0.9995812773704529
TEST_10842,0.0037414387334138155,0.9812374711036682
TEST_10843,0.0019498169422149658,0.9962312579154968
TEST_10844,0.0010865533258765936,0.996880054473877
TEST_10845,0.024407053366303444,0.8306087851524353
TEST_10846,0.013897496275603771,0.980678141117096
TEST_10847,0.0019366255728527904,0.993861198425293
TEST_10848,0.14152605831623077,0.9659812450408936
TEST_10849,0.011466087773442268,0.591194212436676
TEST_10850,0.530870258808136,0.9190475344657898
TEST_10851,0.04407035931944847,0.9920307397842407
TEST_10852,0.02879687212407589,0.9665773510932922
TEST_10853,0.01698947325348854,0.9980872273445129
TEST_10854,0.0034947392996400595,0.9924262762069702
TEST_10855,0.00923972763121128,0.9999971389770508
TEST_10856,0.004072320647537708,0.998609185218811
TEST_10857,0.393396258354187,0.9911943674087524
TEST_10858,0.000680631841532886,0.9988402724266052
TEST_10859,0.08967117220163345,0.9250054359436035
TEST_10860,0.4886739253997803,0.8863995671272278
TEST_10861,0.003977423533797264,0.9932286739349365
TEST_10862,0.009873458184301853,0.8814359307289124
TEST_10863,0.022629190236330032,0.9715715646743774
TEST_10864,0.060035157948732376,0.9997177720069885
TEST_10865,0.0018882036674767733,0.999886155128479
TEST_10866,0.030564405024051666,0.9083559513092041
TEST_10867,0.6611987948417664,0.8724128603935242
TEST_10868,0.9154787659645081,0.001034097163937986
TEST_10869,0.0366223119199276,0.9959927797317505
TEST_10870,0.999514102935791,0.00030782903195358813
TEST_10871,0.019748151302337646,0.9800961017608643
TEST_10872,0.9996193647384644,0.0025112819857895374
TEST_10873,0.005473153665661812,0.9689040780067444
TEST_10874,0.017598947510123253,0.8072671294212341
TEST_10875,0.0008323224610649049,0.9989038705825806
TEST_10876,0.003419059095904231,0.995033860206604
TEST_10877,0.048462316393852234,0.9012402296066284
TEST_10878,0.005831909831613302,0.9868877530097961
TEST_10879,0.02176247537136078,0.9987902045249939
TEST_10880,0.0725494772195816,0.9913647174835205
TEST_10881,0.006736429873853922,0.9951456189155579
TEST_10882,0.021709229797124863,0.9893174767494202
TEST_10883,0.000811545760370791,0.9920734763145447
TEST_10884,0.024176739156246185,0.8626477718353271
TEST_10885,0.0011253409320488572,0.9891451001167297
TEST_10886,0.015322345308959484,0.997722327709198
TEST_10887,0.054761286824941635,0.8607993721961975
TEST_10888,0.005157973617315292,0.9978647828102112
TEST_10889,0.0009604417136870325,0.997711181640625
TEST_10890,0.004513791296631098,0.9997586607933044
TEST_10891,0.004830207675695419,0.9989283680915833
TEST_10892,0.0004872417775914073,0.9991881251335144
TEST_10893,0.004120941739529371,0.9883763194084167
TEST_10894,0.7218815088272095,0.9164977669715881
TEST_10895,0.18205441534519196,0.7606894373893738
TEST_10896,0.9965516328811646,0.437778115272522
TEST_10897,0.004412486217916012,0.9999992847442627
TEST_10898,0.9417659640312195,0.7031070590019226
TEST_10899,0.015421474352478981,0.8747732043266296
TEST_10900,0.11399052292108536,0.9331558346748352
TEST_10901,0.0008880269597284496,0.9955515265464783
TEST_10902,0.0007151782047003508,0.9975327253341675
TEST_10903,0.06978532671928406,0.8215368986129761
TEST_10904,0.055590350180864334,0.9925496578216553
TEST_10905,0.003205082844942808,0.9968847632408142
TEST_10906,0.004252718295902014,0.9633237719535828
TEST_10907,0.001453274511732161,0.9991313815116882
TEST_10908,0.0498427152633667,0.9372830390930176
TEST_10909,0.0008320920751430094,0.9991540908813477
TEST_10910,0.9157572984695435,0.47148439288139343
TEST_10911,0.004066584166139364,0.988167941570282
TEST_10912,0.017702486366033554,0.9829325675964355
TEST_10913,0.055209532380104065,0.8598213791847229
TEST_10914,0.02006334811449051,0.9835978150367737
TEST_10915,0.023821396753191948,0.9802020192146301
TEST_10916,0.0320025235414505,0.8210686445236206
TEST_10917,0.06094002351164818,0.919466495513916
TEST_10918,0.016561267897486687,0.8981006741523743
TEST_10919,0.9630372524261475,0.8604938983917236
TEST_10920,0.0020622597075998783,0.9417800307273865
TEST_10921,0.017328491434454918,0.982848048210144
TEST_10922,0.01075103972107172,0.9243643879890442
TEST_10923,0.00847746804356575,0.9886786341667175
TEST_10924,0.03325362503528595,0.9558655023574829
TEST_10925,0.005868359003216028,0.9947785139083862
TEST_10926,0.13206937909126282,0.5966353416442871
TEST_10927,0.0017223982140421867,0.999893069267273
TEST_10928,0.9978694915771484,0.812673032283783
TEST_10929,0.0031587746925652027,0.9999827146530151
TEST_10930,0.05059966444969177,0.9476932287216187
TEST_10931,0.016953015699982643,0.9939841628074646
TEST_10932,0.0005023939302191138,0.8477084040641785
TEST_10933,0.023155448958277702,0.9951698184013367
TEST_10934,0.0166020430624485,0.9881121516227722
TEST_10935,0.0003214907774236053,0.9978869557380676
TEST_10936,0.007509137969464064,0.8846966028213501
TEST_10937,0.01889767497777939,0.9986183643341064
TEST_10938,0.040092237293720245,0.989319920539856
TEST_10939,0.4274881184101105,0.10650687664747238
TEST_10940,0.028831738978624344,0.9964721202850342
TEST_10941,0.9998364448547363,5.317655086400919e-05
TEST_10942,0.03961069509387016,0.9825993776321411
TEST_10943,0.030900148674845695,0.9901156425476074
TEST_10944,0.33086222410202026,0.9228631258010864
TEST_10945,0.01956619694828987,0.857428252696991
TEST_10946,0.008021796122193336,0.9951106905937195
TEST_10947,0.00027060217689722776,0.9951866269111633
TEST_10948,0.03447844460606575,0.8982846736907959
TEST_10949,0.06986869126558304,0.5179973840713501
TEST_10950,0.0026300749741494656,0.9994426369667053
TEST_10951,0.006354041397571564,0.9674234390258789
TEST_10952,0.007301958743482828,0.9987043142318726
TEST_10953,0.004134295508265495,0.9993833303451538
TEST_10954,0.008097398094832897,0.9934121966362
TEST_10955,0.022018367424607277,0.9193128943443298
TEST_10956,0.015295813791453838,0.9955599308013916
TEST_10957,0.9914765954017639,0.024895740672945976
TEST_10958,0.31841060519218445,0.9993863105773926
TEST_10959,0.0025187190622091293,0.990036129951477
TEST_10960,0.0005847003194503486,0.9999966621398926
TEST_10961,0.017062319442629814,0.9503706097602844
TEST_10962,0.007071799598634243,0.9928105473518372
TEST_10963,0.9999901056289673,2.3074622731655836e-05
TEST_10964,0.2723570168018341,0.9003387093544006
TEST_10965,0.15315231680870056,0.9519041776657104
TEST_10966,0.003121462417766452,0.9776016473770142
TEST_10967,0.9995993971824646,0.007537739351391792
TEST_10968,0.0008571782964281738,0.9824700355529785
TEST_10969,0.017324553802609444,0.9764542579650879
TEST_10970,0.03763812407851219,0.9362936615943909
TEST_10971,0.0022739418782293797,0.9552534818649292
TEST_10972,0.20336106419563293,0.8888484835624695
TEST_10973,0.026265431195497513,0.9951371550559998
TEST_10974,0.185321643948555,0.9973894953727722
TEST_10975,0.9981755018234253,0.0007091035367920995
TEST_10976,0.4208787977695465,0.9919255375862122
TEST_10977,0.738333523273468,0.46413496136665344
TEST_10978,0.06427710503339767,0.9126268625259399
TEST_10979,0.013136588037014008,0.9579282402992249
TEST_10980,0.26763299107551575,0.7403216361999512
TEST_10981,0.03291822969913483,0.9877867102622986
TEST_10982,0.0033127893693745136,0.969163715839386
TEST_10983,0.9511158466339111,0.8206520080566406
TEST_10984,0.0070764957927167416,0.9472219347953796
TEST_10985,0.018764926120638847,0.9525609612464905
TEST_10986,0.11611799150705338,0.8826823830604553
TEST_10987,0.007704860996454954,0.9958763122558594
TEST_10988,0.06154992803931236,0.908784806728363
TEST_10989,0.0012382464483380318,0.9979422688484192
TEST_10990,0.02247321978211403,0.9948008060455322
TEST_10991,0.03168740123510361,0.9988816380500793
TEST_10992,0.024297669529914856,0.9999392032623291
TEST_10993,0.002043037908151746,0.9960209727287292
TEST_10994,0.006807222031056881,0.992860734462738
TEST_10995,0.0031690262258052826,0.9645063877105713
TEST_10996,2.1004059817641973e-05,0.9999971389770508
TEST_10997,0.03751051425933838,0.976561427116394
TEST_10998,0.0007363590993918478,0.9991092085838318
TEST_10999,0.002261513378471136,0.997600257396698
TEST_11000,0.0036193649284541607,0.993925154209137
TEST_11001,0.032953694462776184,0.9783836007118225
TEST_11002,0.0008371816365979612,0.9941819310188293
TEST_11003,0.04259752482175827,0.9934586882591248
TEST_11004,0.01988826133310795,0.9925608038902283
TEST_11005,0.0024078967981040478,0.9957678318023682
TEST_11006,0.005790125112980604,0.999489426612854
TEST_11007,0.21648450195789337,0.972124457359314
TEST_11008,0.054056987166404724,0.971749484539032
TEST_11009,0.00841718353331089,0.9938830137252808
TEST_11010,0.021529098972678185,0.9803041815757751
TEST_11011,0.04633684456348419,0.773790717124939
TEST_11012,0.019387006759643555,0.9110857844352722
TEST_11013,0.18551243841648102,0.9083473682403564
TEST_11014,0.01567688025534153,0.9885638952255249
TEST_11015,0.036227498203516006,0.9169495105743408
TEST_11016,0.020027080550789833,0.99114590883255
TEST_11017,0.004266929347068071,0.999795138835907
TEST_11018,0.015099827200174332,0.9856215119361877
TEST_11019,0.010101281106472015,0.9772377610206604
TEST_11020,0.20196908712387085,0.22671227157115936
TEST_11021,0.0005701227928511798,0.9971377849578857
TEST_11022,0.002457225229591131,0.9967048764228821
TEST_11023,0.1397576928138733,0.9460484981536865
TEST_11024,0.003701236331835389,0.996764063835144
TEST_11025,0.024837767705321312,0.9955430626869202
TEST_11026,0.0013493468286469579,0.9298429489135742
TEST_11027,0.0219632126390934,0.9968888163566589
TEST_11028,0.0037437197752296925,0.9618054032325745
TEST_11029,0.3495250940322876,0.1727042943239212
TEST_11030,0.06215199455618858,0.9423351287841797
TEST_11031,0.0013847886584699154,0.9930452704429626
TEST_11032,0.004182619508355856,0.9982830286026001
TEST_11033,0.10987462103366852,0.853884220123291
TEST_11034,0.005574583541601896,0.9972098469734192
TEST_11035,0.1572757363319397,0.9288661479949951
TEST_11036,1.5643667211406864e-05,0.9999444484710693
TEST_11037,0.09552890807390213,0.9716280102729797
TEST_11038,0.003067966550588608,0.9993731379508972
TEST_11039,0.005413465667515993,0.9968164563179016
TEST_11040,0.02411631867289543,0.7718387842178345
TEST_11041,0.005854330025613308,0.9998781681060791
TEST_11042,0.0006074734847061336,0.9981745481491089
TEST_11043,0.030850008130073547,0.9363599419593811
TEST_11044,0.03575049340724945,0.9650474190711975
TEST_11045,0.0020907928701490164,0.9976531863212585
TEST_11046,0.18439583480358124,0.9533125758171082
TEST_11047,0.09390584379434586,0.3518376052379608
TEST_11048,0.0018286296399310231,0.9984101057052612
TEST_11049,0.02402382716536522,0.8971073627471924
TEST_11050,0.0916280522942543,0.9285240769386292
TEST_11051,0.010743997991085052,0.9100920557975769
TEST_11052,0.07631563395261765,0.9059365391731262
TEST_11053,0.0032957536168396473,0.9961352348327637
TEST_11054,0.002010192722082138,0.9740642309188843
TEST_11055,0.07073081284761429,0.9059310555458069
TEST_11056,0.003245909698307514,0.9978138208389282
TEST_11057,0.23702295124530792,0.8431625962257385
TEST_11058,0.0010794778354465961,0.9963904023170471
TEST_11059,0.012096680700778961,0.9091435074806213
TEST_11060,0.004061539191752672,0.9975766539573669
TEST_11061,0.3786253035068512,0.9047632217407227
TEST_11062,0.9998151659965515,0.027636287733912468
TEST_11063,0.02039370685815811,0.9732988476753235
TEST_11064,8.411289854848292e-06,0.9999773502349854
TEST_11065,0.004474325571209192,0.9887579679489136
TEST_11066,0.006683835294097662,0.9936018586158752
TEST_11067,0.008322957903146744,0.9856573343276978
TEST_11068,0.006782594136893749,0.994722843170166
TEST_11069,0.00023428924032486975,0.9948587417602539
TEST_11070,0.010981259867548943,0.8885595202445984
TEST_11071,0.004403205122798681,0.9956753849983215
TEST_11072,0.010334935039281845,0.9178125262260437
TEST_11073,0.011846722103655338,0.994465172290802
TEST_11074,0.12599875032901764,0.9881348609924316
TEST_11075,0.009658523835241795,0.9950276017189026
TEST_11076,0.004210128914564848,0.9974591135978699
TEST_11077,0.3293539583683014,0.9923536777496338
TEST_11078,0.012926368042826653,0.9498307704925537
TEST_11079,0.0015249773859977722,0.9983845949172974
TEST_11080,0.0020388567354530096,0.9993963241577148
TEST_11081,0.7330157160758972,0.9349890947341919
TEST_11082,0.0034445205237716436,0.9936827421188354
TEST_11083,0.011279131285846233,0.9987033605575562
TEST_11084,0.0002619234728626907,0.9993859529495239
TEST_11085,0.013486294075846672,0.9636194705963135
TEST_11086,0.5066384673118591,0.8711748719215393
TEST_11087,0.006869129836559296,0.991895854473114
TEST_11088,0.008268672972917557,0.9750135540962219
TEST_11089,0.0007554678013548255,0.9782520532608032
TEST_11090,0.03285491466522217,0.8919749855995178
TEST_11091,0.08654776960611343,0.8736186623573303
TEST_11092,0.008355359546840191,0.9931633472442627
TEST_11093,0.0010575756896287203,0.9999899864196777
TEST_11094,0.9904602766036987,0.8625062108039856
TEST_11095,0.04285349324345589,0.9982960820198059
TEST_11096,0.0005316925817169249,0.9994478821754456
TEST_11097,0.003501404542475939,0.9899271726608276
TEST_11098,0.023521551862359047,0.39434242248535156
TEST_11099,0.0038693612441420555,0.9685010313987732
TEST_11100,0.01384004857391119,0.9340910911560059
TEST_11101,0.0005025261198170483,0.9981229901313782
TEST_11102,0.0008759216289035976,0.9998200535774231
TEST_11103,0.005273911636322737,0.9980664849281311
TEST_11104,0.008464299142360687,0.9980586171150208
TEST_11105,0.0020981491543352604,0.9908918738365173
TEST_11106,0.008684364147484303,0.996685802936554
TEST_11107,0.5415925979614258,0.8105195164680481
TEST_11108,0.07981197535991669,0.8958864808082581
TEST_11109,0.9999700784683228,0.00035199252306483686
TEST_11110,0.012393628247082233,0.9978846907615662
TEST_11111,0.013650123961269855,0.9801009893417358
TEST_11112,0.03686762601137161,0.9867371916770935
TEST_11113,0.08593153208494186,0.8735367059707642
TEST_11114,8.24780436232686e-05,0.9999855756759644
TEST_11115,0.93659508228302,0.32136356830596924
TEST_11116,0.02456602454185486,0.9473602771759033
TEST_11117,0.0010213061468675733,0.9987285733222961
TEST_11118,0.0313236340880394,0.9447343349456787
TEST_11119,0.003375144675374031,0.9961612224578857
TEST_11120,0.7466429471969604,0.7676057815551758
TEST_11121,0.035914212465286255,0.9686793088912964
TEST_11122,0.0022022034972906113,0.9983660578727722
TEST_11123,0.030235256999731064,0.8942757844924927
TEST_11124,0.04565513879060745,0.9276089668273926
TEST_11125,0.014965076930820942,0.9977092742919922
TEST_11126,0.0013643449638038874,0.9681485295295715
TEST_11127,0.008940518833696842,0.9706381559371948
TEST_11128,0.6549769043922424,0.7172439098358154
TEST_11129,0.004451296757906675,0.9939672946929932
TEST_11130,0.2165132462978363,0.8317899107933044
TEST_11131,0.6868059635162354,0.9974542260169983
TEST_11132,0.595532238483429,0.08621054142713547
TEST_11133,0.18955591320991516,0.872016966342926
TEST_11134,0.9445309638977051,0.9480988383293152
TEST_11135,0.032102469354867935,0.9289846420288086
TEST_11136,0.03711261227726936,0.8472196459770203
TEST_11137,0.1518232524394989,0.5890342593193054
TEST_11138,0.0015151406405493617,0.999805748462677
TEST_11139,0.005501731764525175,0.9146901965141296
TEST_11140,0.005069282837212086,0.9990861415863037
TEST_11141,0.0013822371838614345,0.974341869354248
TEST_11142,0.0003814698720816523,0.9965399503707886
TEST_11143,0.6296128630638123,0.9540299773216248
TEST_11144,0.004973901901394129,0.9982409477233887
TEST_11145,0.010488452389836311,0.9982050657272339
TEST_11146,0.42994973063468933,0.9456457495689392
TEST_11147,0.2050216943025589,0.8580824732780457
TEST_11148,0.6658936738967896,0.9824318289756775
TEST_11149,0.004669834394007921,0.9997442364692688
TEST_11150,0.007323936093598604,0.9993104934692383
TEST_11151,0.9213182330131531,0.9802330732345581
TEST_11152,0.038370903581380844,0.9549815058708191
TEST_11153,0.006201280280947685,0.9971055388450623
TEST_11154,0.49959203600883484,0.7838011384010315
TEST_11155,0.022710749879479408,0.9014037251472473
TEST_11156,0.16967661678791046,0.8807322978973389
TEST_11157,0.0340038500726223,0.9829487800598145
TEST_11158,0.03414390981197357,0.9709224700927734
TEST_11159,0.0015714120818302035,0.9988742470741272
TEST_11160,9.155133739113808e-05,0.9997794032096863
TEST_11161,0.0007750744698569179,0.9994989633560181
TEST_11162,0.011634331196546555,0.9621621966362
TEST_11163,2.881457135117671e-07,0.9999382495880127
TEST_11164,0.022728631272912025,0.9989902377128601
TEST_11165,0.005815246142446995,0.9973769187927246
TEST_11166,0.014350553043186665,0.9923477172851562
TEST_11167,0.000670255976729095,0.9964547157287598
TEST_11168,0.8993968367576599,0.34339386224746704
TEST_11169,0.07083570212125778,0.9473031163215637
TEST_11170,0.0009328684536740184,0.9805373549461365
TEST_11171,0.17529970407485962,0.9847449660301208
TEST_11172,0.020391153171658516,0.9805055260658264
TEST_11173,0.032709162682294846,0.8957882523536682
TEST_11174,0.003019928466528654,0.9945341348648071
TEST_11175,0.005064087919890881,0.9815911054611206
TEST_11176,0.2491353303194046,0.9775030016899109
TEST_11177,0.002526483964174986,0.9352686405181885
TEST_11178,0.034289438277482986,0.9642491340637207
TEST_11179,0.006947025191038847,0.9998592138290405
TEST_11180,0.011946533806622028,0.9548421502113342
TEST_11181,0.005102044437080622,0.7014480233192444
TEST_11182,0.012844065204262733,0.9745021462440491
TEST_11183,0.022697847336530685,0.941385805606842
TEST_11184,0.169242724776268,0.987062394618988
TEST_11185,0.0032208135817199945,0.987356424331665
TEST_11186,0.022003022953867912,0.98883455991745
TEST_11187,0.17045336961746216,0.5507914423942566
TEST_11188,0.0002588241477496922,0.9983660578727722
TEST_11189,0.5252748727798462,0.9778802394866943
TEST_11190,0.03428708016872406,0.9950833320617676
TEST_11191,0.003842689795419574,0.9936807155609131
TEST_11192,0.032234255224466324,0.9996691942214966
TEST_11193,0.06750206649303436,0.9039947986602783
TEST_11194,0.8546710014343262,0.8660533428192139
TEST_11195,0.06200310215353966,0.9945765733718872
TEST_11196,0.0007038137991912663,0.9988207221031189
TEST_11197,0.00889913272112608,0.999208390712738
TEST_11198,0.052752405405044556,0.9991503953933716
TEST_11199,0.03941895067691803,0.9988208413124084
TEST_11200,0.005974451545625925,0.9319626688957214
TEST_11201,0.003503448562696576,0.9966562986373901
TEST_11202,0.04223718121647835,0.99393230676651
TEST_11203,0.0387347936630249,0.989268958568573
TEST_11204,0.9983404874801636,0.10747825354337692
TEST_11205,0.00037994739250279963,0.9998650550842285
TEST_11206,0.0229965727776289,0.9889131188392639
TEST_11207,0.028126567602157593,0.8751380443572998
TEST_11208,0.03964506462216377,0.8789040446281433
TEST_11209,0.0862751454114914,0.9740123152732849
TEST_11210,0.013614732772111893,0.9984051585197449
TEST_11211,0.0028457227163016796,0.9985180497169495
TEST_11212,0.0007572990725748241,0.9976084232330322
TEST_11213,0.000484456802951172,0.9995629191398621
TEST_11214,0.0014485946157947183,0.988258957862854
TEST_11215,0.013914660550653934,0.99491947889328
TEST_11216,0.9700340628623962,0.34583693742752075
TEST_11217,0.7210057973861694,0.995930016040802
TEST_11218,0.011174911633133888,0.9730932712554932
TEST_11219,0.003483243752270937,0.7780372500419617
TEST_11220,0.029045293107628822,0.9434906244277954
TEST_11221,0.007501842454075813,0.9919590950012207
TEST_11222,0.08296552300453186,0.8070812225341797
TEST_11223,0.029558448120951653,0.6894928812980652
TEST_11224,0.10754933208227158,0.900650680065155
TEST_11225,0.9785279631614685,0.1742587834596634
TEST_11226,0.016538310796022415,0.9876844882965088
TEST_11227,8.990384958451614e-05,0.9999850988388062
TEST_11228,0.03634071350097656,0.9000669717788696
TEST_11229,0.0018239781493321061,0.9981235861778259
TEST_11230,0.003794601419940591,0.9724775552749634
TEST_11231,0.0018487998750060797,0.9992765784263611
TEST_11232,0.0018234825693070889,0.9994463324546814
TEST_11233,0.008345386013388634,0.9981899857521057
TEST_11234,0.0030405123252421618,0.9999202489852905
TEST_11235,0.0026684931945055723,0.9357255101203918
TEST_11236,0.619758665561676,0.7753885984420776
TEST_11237,0.02954082004725933,0.9962913990020752
TEST_11238,0.0003123194328509271,0.9998753070831299
TEST_11239,0.04581082984805107,0.8862128257751465
TEST_11240,0.00028358687995932996,0.9954255223274231
TEST_11241,0.0026441174559295177,0.9859088063240051
TEST_11242,0.2034025639295578,0.9684175252914429
TEST_11243,0.03520517796278,0.9639371633529663
TEST_11244,0.01864578016102314,0.9231790900230408
TEST_11245,0.7804151177406311,0.9097564816474915
TEST_11246,0.0021976400166749954,0.9832096695899963
TEST_11247,0.1758061796426773,0.8884316682815552
TEST_11248,0.09500443935394287,0.9588376879692078
TEST_11249,0.9515625238418579,0.05637167766690254
TEST_11250,0.21204641461372375,0.9319984912872314
TEST_11251,0.003769252449274063,0.9962318539619446
TEST_11252,0.9979033470153809,0.9949511289596558
TEST_11253,0.6482611894607544,0.9904733300209045
TEST_11254,0.9951878786087036,0.0450371652841568
TEST_11255,0.9981367588043213,0.39858829975128174
TEST_11256,0.028901677578687668,0.8863057494163513
TEST_11257,0.8817405700683594,0.9851346611976624
TEST_11258,0.030016396194696426,0.9992850422859192
TEST_11259,0.0002586154732853174,0.9993367791175842
TEST_11260,0.002553400816395879,0.938991129398346
TEST_11261,0.0009511291282251477,0.992789089679718
TEST_11262,0.029812222346663475,0.9793359637260437
TEST_11263,0.0014192139497026801,0.9996767044067383
TEST_11264,0.02530757710337639,0.999356210231781
TEST_11265,0.00398752186447382,0.9911419153213501
TEST_11266,0.0081782266497612,0.9819097518920898
TEST_11267,0.16259241104125977,0.15021952986717224
TEST_11268,0.06257754564285278,0.9089255332946777
TEST_11269,0.0015168007230386138,0.9982876181602478
TEST_11270,0.07904905080795288,0.978128969669342
TEST_11271,0.12378639727830887,0.9774609804153442
TEST_11272,0.001171070383861661,0.9983096122741699
TEST_11273,0.015798797830939293,0.9967817068099976
TEST_11274,0.03243004530668259,0.9873212575912476
TEST_11275,0.9930805563926697,0.0034716438967734575
TEST_11276,0.0009797748643904924,0.9997569918632507
TEST_11277,0.024737222120165825,0.9899966716766357
TEST_11278,0.13132689893245697,0.9798671007156372
TEST_11279,0.02500506490468979,0.9617797136306763
TEST_11280,2.690564144813834e-07,0.9999836683273315
TEST_11281,0.28737276792526245,0.7253450751304626
TEST_11282,0.44712409377098083,0.8112959861755371
TEST_11283,0.016451632604002953,0.9598693251609802
TEST_11284,0.19436512887477875,0.9727798104286194
TEST_11285,0.1465741991996765,0.8611000776290894
TEST_11286,0.0014130729250609875,0.998619556427002
TEST_11287,0.022410498932003975,0.9564819931983948
TEST_11288,0.010526125319302082,0.9865317940711975
TEST_11289,0.0790911316871643,0.9826220273971558
TEST_11290,0.0002772001316770911,0.999182403087616
TEST_11291,0.5340675711631775,0.189007967710495
TEST_11292,0.9137009382247925,0.0312050674110651
TEST_11293,0.020744454115629196,0.8478652834892273
TEST_11294,0.07629034668207169,0.9637297987937927
TEST_11295,0.004045978654175997,0.9963219165802002
TEST_11296,0.02596953511238098,0.9628883004188538
TEST_11297,0.03061458095908165,0.9114105105400085
TEST_11298,0.026743559166789055,0.939716637134552
TEST_11299,0.3206227123737335,0.6363832354545593
TEST_11300,0.019761906936764717,0.9922472238540649
TEST_11301,0.5073117613792419,0.9973472356796265
TEST_11302,0.04344284161925316,0.9840293526649475
TEST_11303,0.011204862967133522,0.9894047975540161
TEST_11304,0.011343640275299549,0.9999350309371948
TEST_11305,0.02966412715613842,0.9887171983718872
TEST_11306,0.04059961065649986,0.9731590747833252
TEST_11307,0.00022672816703561693,0.9999499320983887
TEST_11308,0.0003795401134993881,0.9985526204109192
TEST_11309,0.0020276352297514677,0.9982441663742065
TEST_11310,0.014400786720216274,0.9754937291145325
TEST_11311,0.0043161120265722275,0.9998511075973511
TEST_11312,0.82771897315979,0.31179022789001465
TEST_11313,0.035961758345365524,0.9223750233650208
TEST_11314,0.8856604099273682,0.9531279802322388
TEST_11315,0.9919393658638,0.3278700113296509
TEST_11316,0.006722749676555395,0.6589592695236206
TEST_11317,0.44282567501068115,0.9669439196586609
TEST_11318,0.06135427579283714,0.9710609316825867
TEST_11319,0.0013662114506587386,0.9995065927505493
TEST_11320,0.0057154567912220955,0.9961846470832825
TEST_11321,0.0022975762840360403,0.9912343621253967
TEST_11322,0.051979050040245056,0.9893544912338257
TEST_11323,0.022058119997382164,0.9639325737953186
TEST_11324,0.001133995014242828,0.9931865930557251
TEST_11325,0.037603940814733505,0.9942374229431152
TEST_11326,0.17854154109954834,0.8751168251037598
TEST_11327,0.8284886479377747,0.9489567875862122
TEST_11328,0.020179864019155502,0.970454216003418
TEST_11329,0.005097817629575729,0.689631998538971
TEST_11330,0.03618946671485901,0.935528576374054
TEST_11331,0.07474195957183838,0.9333369731903076
TEST_11332,0.03500314801931381,0.8970983624458313
TEST_11333,0.3196122348308563,0.951555073261261
TEST_11334,0.0004683338338509202,0.9988300204277039
TEST_11335,0.004000988323241472,0.9833383560180664
TEST_11336,0.007457702420651913,0.9965705871582031
TEST_11337,0.2686123251914978,0.9391796588897705
TEST_11338,0.0026618593838065863,0.9939852356910706
TEST_11339,0.03630673512816429,0.890731692314148
TEST_11340,0.0006785886944271624,0.9979568719863892
TEST_11341,0.0025174086913466454,0.9811950325965881
TEST_11342,0.017617596313357353,0.9995265007019043
TEST_11343,0.7824459075927734,0.47332465648651123
TEST_11344,0.0004724145110230893,0.9999778270721436
TEST_11345,0.03278907388448715,0.5388710498809814
TEST_11346,0.7862263917922974,0.08130615204572678
TEST_11347,0.016166336834430695,0.9766284823417664
TEST_11348,0.9904110431671143,0.9971686005592346
TEST_11349,0.0316077321767807,0.8900802731513977
TEST_11350,0.11059646308422089,0.945259690284729
TEST_11351,0.01585833542048931,0.9934612512588501
TEST_11352,0.052081149071455,0.9043319225311279
TEST_11353,0.505238950252533,0.9797828793525696
TEST_11354,0.0003806572640314698,0.9862832427024841
TEST_11355,0.004993039648979902,0.9944242835044861
TEST_11356,0.03000294417142868,0.7005190849304199
TEST_11357,0.0067941173911094666,0.9971016049385071
TEST_11358,0.18547235429286957,0.9730634689331055
TEST_11359,0.24942773580551147,0.9029468297958374
TEST_11360,0.0015891720540821552,0.9947859644889832
TEST_11361,0.007805161643773317,0.9413707852363586
TEST_11362,0.23858553171157837,0.5128724575042725
TEST_11363,0.0003251697344239801,0.9979863166809082
TEST_11364,0.005534760188311338,0.9998067021369934
TEST_11365,0.007708756253123283,0.8223933577537537
TEST_11366,0.2694607675075531,0.858923614025116
TEST_11367,0.04973084107041359,0.9831532835960388
TEST_11368,0.004353851545602083,0.9942687749862671
TEST_11369,0.319760262966156,0.8905327916145325
TEST_11370,0.0018987193470820785,0.9989432692527771
TEST_11371,0.0013575757620856166,0.9994402527809143
TEST_11372,0.22525212168693542,0.689923882484436
TEST_11373,0.024688251316547394,0.47650444507598877
TEST_11374,0.07055237889289856,0.8406731486320496
TEST_11375,0.002673475071787834,0.9940778017044067
TEST_11376,0.5623531341552734,0.8229912519454956
TEST_11377,0.048501092940568924,0.953453004360199
TEST_11378,0.09971830993890762,0.9880615472793579
TEST_11379,0.00894726812839508,0.8847194314002991
TEST_11380,0.14518038928508759,0.9789657592773438
TEST_11381,0.007396891713142395,0.9831492304801941
TEST_11382,0.015198695473372936,0.3906806707382202
TEST_11383,0.05640515312552452,0.4738675355911255
TEST_11384,0.20118772983551025,0.9919117093086243
TEST_11385,0.013988274149596691,0.9563544988632202
TEST_11386,0.9955283999443054,0.002887252951040864
TEST_11387,0.6635331511497498,0.39182281494140625
TEST_11388,0.00014927070878911763,0.9990513920783997
TEST_11389,0.00046671100426465273,0.9810819625854492
TEST_11390,0.8168270587921143,0.4260186553001404
TEST_11391,7.453929811163107e-06,0.999916672706604
TEST_11392,0.015990152955055237,0.7978907823562622
TEST_11393,0.022948186844587326,0.9970197081565857
TEST_11394,0.027160629630088806,0.8752890825271606
TEST_11395,0.07530231028795242,0.9508605599403381
TEST_11396,0.008302627131342888,0.9905838966369629
TEST_11397,0.00233397982083261,0.9977276921272278
TEST_11398,0.0018213348230347037,0.9966211318969727
TEST_11399,0.008377540856599808,0.9907621741294861
TEST_11400,0.02754220925271511,0.9944169521331787
TEST_11401,0.007683974225074053,0.9939703941345215
TEST_11402,0.03038720041513443,0.573436439037323
TEST_11403,0.000757979869376868,0.9999372959136963
TEST_11404,0.1612241119146347,0.9363004565238953
TEST_11405,0.6010538339614868,0.9724568128585815
TEST_11406,0.24445949494838715,0.9027692675590515
TEST_11407,0.016454201191663742,0.9896935820579529
TEST_11408,0.0027629288379102945,0.9863530397415161
TEST_11409,0.0022970186546444893,0.9747658967971802
TEST_11410,0.002988904481753707,0.9782683253288269
TEST_11411,0.17375867068767548,0.9230958819389343
TEST_11412,0.009005283936858177,0.984914243221283
TEST_11413,0.004596286453306675,0.8532727360725403
TEST_11414,0.008347204886376858,0.9584197402000427
TEST_11415,0.01175667718052864,0.9699954390525818
TEST_11416,0.023819174617528915,0.7755206227302551
TEST_11417,0.004097194876521826,0.9972521662712097
TEST_11418,0.1242816373705864,0.8309131264686584
TEST_11419,0.588643491268158,0.1535806953907013
TEST_11420,0.011237967759370804,0.9864482283592224
TEST_11421,0.008817740716040134,0.99885094165802
TEST_11422,0.05783114209771156,0.991313636302948
TEST_11423,0.005386912263929844,0.9994364380836487
TEST_11424,0.31475192308425903,0.9836270809173584
TEST_11425,5.845826672157273e-05,0.999275267124176
TEST_11426,0.03883688896894455,0.8020085096359253
TEST_11427,0.10955958068370819,0.8642053604125977
TEST_11428,0.017667561769485474,0.9846376776695251
TEST_11429,0.008151782676577568,0.982180118560791
TEST_11430,0.0014110524207353592,0.998977780342102
TEST_11431,0.01204390823841095,0.9262181520462036
TEST_11432,0.005030167289078236,0.9978389143943787
TEST_11433,0.012637682259082794,0.9448870420455933
TEST_11434,0.0006783222779631615,0.9807448387145996
TEST_11435,0.008072244003415108,0.988498866558075
TEST_11436,0.02196676656603813,0.8878299593925476
TEST_11437,0.0037884009070694447,0.9948034882545471
TEST_11438,0.00371805252507329,0.9983439445495605
TEST_11439,0.018505966290831566,0.9889533519744873
TEST_11440,0.2829749584197998,0.6742722988128662
TEST_11441,0.022502189502120018,0.9728269577026367
TEST_11442,0.0069192140363156796,0.9935449361801147
TEST_11443,0.0007913802983239293,0.9993255138397217
TEST_11444,0.025970153510570526,0.9672784209251404
TEST_11445,0.038965120911598206,0.9308428764343262
TEST_11446,0.0200276430696249,0.9867187142372131
TEST_11447,0.020823536440730095,0.9713148474693298
TEST_11448,0.058494992554187775,0.9968100190162659
TEST_11449,0.02546604722738266,0.9740961194038391
TEST_11450,0.028855910524725914,0.8088437914848328
TEST_11451,0.02951847016811371,0.9228821992874146
TEST_11452,0.004227608907967806,0.9998432397842407
TEST_11453,0.35306236147880554,0.9743074774742126
TEST_11454,0.019388573244214058,0.9819875359535217
TEST_11455,0.012515544891357422,0.9990618824958801
TEST_11456,0.5293984413146973,0.8578017354011536
TEST_11457,0.05643567070364952,0.9823876619338989
TEST_11458,0.0005917943781241775,0.9983313679695129
TEST_11459,0.031322114169597626,0.9027681350708008
TEST_11460,0.027352550998330116,0.9546118974685669
TEST_11461,0.030859364196658134,0.9721289873123169
TEST_11462,0.11771505326032639,0.9217659831047058
TEST_11463,0.0010139283258467913,0.9995239973068237
TEST_11464,0.0036066623870283365,0.9994919300079346
TEST_11465,0.0033107008785009384,0.9646088480949402
TEST_11466,0.024471720680594444,0.9357210397720337
TEST_11467,0.005790904629975557,0.9881008863449097
TEST_11468,0.04624193161725998,0.9167241454124451
TEST_11469,0.005290811415761709,0.9959434866905212
TEST_11470,0.1512126326560974,0.48721519112586975
TEST_11471,0.01593822054564953,0.9262377023696899
TEST_11472,0.039607275277376175,0.9527781009674072
TEST_11473,0.1016252264380455,0.9918924570083618
TEST_11474,0.1348564475774765,0.9374401569366455
TEST_11475,0.06957685202360153,0.9592523574829102
TEST_11476,0.0720284953713417,0.906815767288208
TEST_11477,0.4931134879589081,0.9983824491500854
TEST_11478,0.0773141160607338,0.8668912053108215
TEST_11479,0.07906753569841385,0.9842393398284912
TEST_11480,0.17823071777820587,0.9644928574562073
TEST_11481,0.0011311209527775645,0.9988232254981995
TEST_11482,0.00040458215516991913,0.997020423412323
TEST_11483,0.06042143702507019,0.8946694731712341
TEST_11484,0.0025736147072166204,0.9970245957374573
TEST_11485,0.030806712806224823,0.9974892139434814
TEST_11486,0.011766997165977955,0.9949436783790588
TEST_11487,0.045669861137866974,0.9168635010719299
TEST_11488,0.0033358128275722265,0.9905574321746826
TEST_11489,0.020337726920843124,0.9373102188110352
TEST_11490,0.02149007096886635,0.9687249660491943
TEST_11491,0.033725395798683167,0.9872746467590332
TEST_11492,0.0065910047851502895,0.9962658286094666
TEST_11493,0.018555620685219765,0.9251776337623596
TEST_11494,0.029589155688881874,0.995003879070282
TEST_11495,0.0030004377476871014,0.9894347786903381
TEST_11496,0.011810749769210815,0.9899887442588806
TEST_11497,0.0345880463719368,0.9483127593994141
TEST_11498,0.015341775491833687,0.9731481671333313
TEST_11499,0.05251947417855263,0.8964043259620667
TEST_11500,0.009127374738454819,0.9909045100212097
TEST_11501,0.0037583033554255962,0.9941196441650391
TEST_11502,0.2509652078151703,0.89830082654953
TEST_11503,0.06291062384843826,0.9838793873786926
TEST_11504,0.954288899898529,0.37422001361846924
TEST_11505,0.8574053049087524,0.0315825492143631
TEST_11506,0.13087229430675507,0.8887452483177185
TEST_11507,0.987330973148346,0.27696114778518677
TEST_11508,0.001820038422010839,0.9991534948348999
TEST_11509,0.008082092739641666,0.9857547283172607
TEST_11510,0.3771706521511078,0.9599746465682983
TEST_11511,0.4488505721092224,0.9569798707962036
TEST_11512,0.0015355672221630812,0.9999310970306396
TEST_11513,0.0038322797045111656,0.9969009160995483
TEST_11514,0.1820334494113922,0.6741243600845337
TEST_11515,0.003932208754122257,0.9899097681045532
TEST_11516,0.03570994734764099,0.986493706703186
TEST_11517,0.010786587372422218,0.9790356159210205
TEST_11518,0.09834770858287811,0.9019627571105957
TEST_11519,0.049975693225860596,0.9020186066627502
TEST_11520,0.013991240411996841,0.9346455335617065
TEST_11521,0.0028511604759842157,0.9914815425872803
TEST_11522,0.015447148121893406,0.9990972280502319
TEST_11523,0.0006353171775117517,0.9998742341995239
TEST_11524,0.031494297087192535,0.9970229268074036
TEST_11525,0.024367889389395714,0.9095475673675537
TEST_11526,0.0803883969783783,0.939546525478363
TEST_11527,0.06866572797298431,0.9000393748283386
TEST_11528,0.040610671043395996,0.9992828965187073
TEST_11529,0.011145574040710926,0.987941324710846
TEST_11530,0.0010996729834005237,0.9626796841621399
TEST_11531,0.9520197510719299,0.7552266120910645
TEST_11532,0.007982377894222736,0.9963405132293701
TEST_11533,0.06994333118200302,0.8894968032836914
TEST_11534,0.005864206701517105,0.9813833832740784
TEST_11535,0.7275029420852661,0.6646938323974609
TEST_11536,0.03348439186811447,0.8734951615333557
TEST_11537,0.007726904936134815,0.9933382272720337
TEST_11538,0.04270309954881668,0.8772448301315308
TEST_11539,0.9840654730796814,0.5354218482971191
TEST_11540,0.00012737988436128944,0.999685525894165
TEST_11541,0.0012749182060360909,0.9860509037971497
TEST_11542,0.057441677898168564,0.959369421005249
TEST_11543,0.006280752830207348,0.9928182363510132
TEST_11544,0.00028414817643351853,0.999407172203064
TEST_11545,0.03206411004066467,0.9766811728477478
TEST_11546,0.0008906869916245341,0.9992712140083313
TEST_11547,0.00440768338739872,0.7726268768310547
TEST_11548,0.0177284087985754,0.9907705783843994
TEST_11549,0.0009739018860273063,0.9968395233154297
TEST_11550,0.012588083744049072,0.9051662087440491
TEST_11551,0.002300431951880455,0.9484431743621826
TEST_11552,0.014251884073019028,0.907069742679596
TEST_11553,0.013228478841483593,0.9860072135925293
TEST_11554,0.0021771974861621857,0.9999262094497681
TEST_11555,0.004848436452448368,0.9992103576660156
TEST_11556,0.16458560526371002,0.9779950976371765
TEST_11557,0.009743964299559593,0.9641303420066833
TEST_11558,0.5631704926490784,0.9961393475532532
TEST_11559,0.08159347623586655,0.8614853024482727
TEST_11560,0.017420751973986626,0.9934758543968201
TEST_11561,0.006111585069447756,0.9841111898422241
TEST_11562,0.035537317395210266,0.9150628447532654
TEST_11563,0.00044362805783748627,0.9999760389328003
TEST_11564,0.051736366003751755,0.987622857093811
TEST_11565,0.002282157074660063,0.9998735189437866
TEST_11566,0.9849879145622253,0.8848569989204407
TEST_11567,0.9763482213020325,0.00010185812425334007
TEST_11568,0.0448860339820385,0.9590244293212891
TEST_11569,0.01262873038649559,0.9971917271614075
TEST_11570,0.09944508224725723,0.9584122896194458
TEST_11571,0.13565407693386078,0.923478901386261
TEST_11572,0.004038618411868811,0.9924225211143494
TEST_11573,0.020243296399712563,0.9783350825309753
TEST_11574,0.012259363196790218,0.9979826211929321
TEST_11575,0.7549862265586853,0.7617698311805725
TEST_11576,0.016734343022108078,0.928901731967926
TEST_11577,0.0002268583484692499,0.9994552731513977
TEST_11578,0.023876167833805084,0.9481568336486816
TEST_11579,0.017597585916519165,0.7939088940620422
TEST_11580,0.0014992665965110064,0.9957270622253418
TEST_11581,0.12654836475849152,0.9740237593650818
TEST_11582,0.7972310185432434,0.9459922313690186
TEST_11583,0.020258735865354538,0.9963561296463013
TEST_11584,0.6529996991157532,0.914894163608551
TEST_11585,0.31315985321998596,0.38261526823043823
TEST_11586,0.026894764974713326,0.9941071271896362
TEST_11587,0.001405699527822435,0.9999217987060547
TEST_11588,0.014727333560585976,0.9991286396980286
TEST_11589,0.9141477346420288,0.982508659362793
TEST_11590,0.028673885390162468,0.9906909465789795
TEST_11591,0.0066201635636389256,0.9885545372962952
TEST_11592,0.001114278449676931,0.9985468983650208
TEST_11593,0.0035223921295255423,0.9824284911155701
TEST_11594,0.0038509287405759096,0.9992420673370361
TEST_11595,0.9950882792472839,0.05982378497719765
TEST_11596,0.023505402728915215,0.9714571237564087
TEST_11597,0.021606240421533585,0.9775825142860413
TEST_11598,0.0222281776368618,0.877953052520752
TEST_11599,0.0006963759078644216,0.9967443943023682
TEST_11600,0.8875800967216492,0.9856662154197693
TEST_11601,0.09191560000181198,0.9278722405433655
TEST_11602,0.040328383445739746,0.9232048988342285
TEST_11603,0.009323048405349255,0.9972359538078308
TEST_11604,0.023871244862675667,0.9995311498641968
TEST_11605,0.009305132552981377,0.9996912479400635
TEST_11606,0.9982073307037354,0.7659617066383362
TEST_11607,0.010310368612408638,0.9934383034706116
TEST_11608,0.014537825249135494,0.9992594122886658
TEST_11609,0.045031748712062836,0.9812247157096863
TEST_11610,0.03568115085363388,0.9474624395370483
TEST_11611,0.8941579461097717,0.646382749080658
TEST_11612,0.016297537833452225,0.8604966998100281
TEST_11613,0.004201874602586031,0.992760181427002
TEST_11614,0.024659985676407814,0.9235824942588806
TEST_11615,0.0011893094051629305,0.9982630610466003
TEST_11616,0.003429810982197523,0.9994271993637085
TEST_11617,0.1933133602142334,0.9968641400337219
TEST_11618,0.013897700235247612,0.9637911915779114
TEST_11619,0.010332456789910793,0.9507958292961121
TEST_11620,1.2623031580005772e-05,0.9999805688858032
TEST_11621,0.0006160642951726913,0.9970126152038574
TEST_11622,0.000411253102356568,0.9995957016944885
TEST_11623,1.5697138223913498e-05,0.9995036125183105
TEST_11624,0.014594705775380135,0.9952487349510193
TEST_11625,0.09475759416818619,0.9762671589851379
TEST_11626,0.04429803416132927,0.957510769367218
TEST_11627,0.008490491658449173,0.9664005637168884
TEST_11628,0.3799685537815094,0.8998981714248657
TEST_11629,0.017698606476187706,0.9336454272270203
TEST_11630,0.02504543587565422,0.9440009593963623
TEST_11631,0.0024156684521585703,0.9974042773246765
TEST_11632,0.15909895300865173,0.9993327260017395
TEST_11633,0.0012440284481272101,0.997347354888916
TEST_11634,0.02396388165652752,0.5822114944458008
TEST_11635,0.3662188649177551,0.9902101755142212
TEST_11636,0.0253908708691597,0.9757745862007141
TEST_11637,0.05323654040694237,0.9953367114067078
TEST_11638,0.009267142042517662,0.9372323155403137
TEST_11639,0.02968483977019787,0.9976202845573425
TEST_11640,0.06307410448789597,0.9081845283508301
TEST_11641,0.046105191111564636,0.9941412806510925
TEST_11642,0.04840004816651344,0.9997051358222961
TEST_11643,0.00014966705930419266,0.999312162399292
TEST_11644,0.9272907972335815,0.5955261588096619
TEST_11645,0.007447818759828806,0.9948354959487915
TEST_11646,0.0012965451460331678,0.9991903901100159
TEST_11647,0.005908119026571512,0.986914336681366
TEST_11648,0.0014077693922445178,0.9952113032341003
TEST_11649,0.00581040745601058,0.9992697834968567
TEST_11650,0.0004287567571736872,0.9990679621696472
TEST_11651,0.7891916632652283,0.9969499707221985
TEST_11652,0.02066575363278389,0.9518300890922546
TEST_11653,0.009177440777420998,0.9698237776756287
TEST_11654,0.013867109082639217,0.9810875058174133
TEST_11655,0.019358741119503975,0.9803714156150818
TEST_11656,0.04546281695365906,0.9915404915809631
TEST_11657,0.09919804334640503,0.8657689094543457
TEST_11658,0.060177385807037354,0.9737102389335632
TEST_11659,0.007402733433991671,0.9972426891326904
TEST_11660,0.015324771404266357,0.9978862404823303
TEST_11661,0.0005731840501539409,0.9993952512741089
TEST_11662,0.573739230632782,0.5945292711257935
TEST_11663,0.05645908787846565,0.9662510752677917
TEST_11664,0.0030969837680459023,0.9995651841163635
TEST_11665,0.004125384148210287,0.9945200085639954
TEST_11666,0.032515525817871094,0.9970044493675232
TEST_11667,0.014709907583892345,0.9976025223731995
TEST_11668,0.04791494831442833,0.9847592711448669
TEST_11669,0.03232733905315399,0.9973215460777283
TEST_11670,0.007863652892410755,0.9945406317710876
TEST_11671,0.11023783683776855,0.9695745706558228
TEST_11672,0.314969003200531,0.9911792874336243
TEST_11673,0.008148803375661373,0.9874752163887024
TEST_11674,0.18431201577186584,0.9960875511169434
TEST_11675,0.07325715571641922,0.8449205756187439
TEST_11676,0.03317907452583313,0.7901973128318787
TEST_11677,0.0004058590275235474,0.9430842399597168
TEST_11678,0.03231088072061539,0.8720967769622803
TEST_11679,0.026111843064427376,0.990039050579071
TEST_11680,0.05418204888701439,0.9817677140235901
TEST_11681,0.22690196335315704,0.8869011998176575
TEST_11682,0.002389204455539584,0.999996542930603
TEST_11683,0.00844405684620142,0.9993804693222046
TEST_11684,0.0007346688071265817,0.9999086856842041
TEST_11685,0.0009290648740716279,0.9614964127540588
TEST_11686,0.014318141154944897,0.9947287440299988
TEST_11687,0.9979493021965027,0.008461746387183666
TEST_11688,0.0024467152543365955,0.8726730346679688
TEST_11689,0.014329466037452221,0.9799410700798035
TEST_11690,0.0020331707783043385,0.9858384728431702
TEST_11691,0.004168383311480284,0.9999736547470093
TEST_11692,0.004008116666227579,0.9783651232719421
TEST_11693,0.07311975955963135,0.9212911128997803
TEST_11694,0.09262189269065857,0.9642177820205688
TEST_11695,0.00837347749620676,0.9964370727539062
TEST_11696,0.05547796189785004,0.9159114956855774
TEST_11697,0.005622448865324259,0.9929898977279663
TEST_11698,0.26935094594955444,0.9254707098007202
TEST_11699,0.003570033935829997,0.9971898198127747
TEST_11700,0.22629322111606598,0.8375574946403503
TEST_11701,0.009560013189911842,0.9990139007568359
TEST_11702,0.00880541279911995,0.9861447811126709
TEST_11703,0.018614090979099274,0.9822446703910828
TEST_11704,0.00918268971145153,0.9996384382247925
TEST_11705,0.002502536866813898,0.9961285591125488
TEST_11706,0.12526245415210724,0.9670917391777039
TEST_11707,0.005797426216304302,0.9944278001785278
TEST_11708,0.031269706785678864,0.9992664456367493
TEST_11709,0.010832138359546661,0.9968131184577942
TEST_11710,0.0260393638163805,0.9932481050491333
TEST_11711,0.0053139361552894115,0.9981789588928223
TEST_11712,0.003315167734399438,0.9964190721511841
TEST_11713,0.030514085665345192,0.5394070148468018
TEST_11714,0.0988864004611969,0.9339158535003662
TEST_11715,0.025606976822018623,0.9507676959037781
TEST_11716,0.000555636128410697,0.9989804625511169
TEST_11717,0.9475329518318176,0.007915985770523548
TEST_11718,0.04708278551697731,0.8367145657539368
TEST_11719,0.027972189709544182,0.9815903306007385
TEST_11720,0.0008290347759611905,0.9943962097167969
TEST_11721,0.0012643792433664203,0.9824374318122864
TEST_11722,0.043766994029283524,0.8795613646507263
TEST_11723,0.28189441561698914,0.530042827129364
TEST_11724,0.0008754744194447994,0.9962142109870911
TEST_11725,0.00236124056391418,0.998516857624054
TEST_11726,0.19014331698417664,0.9188517928123474
TEST_11727,0.9766044020652771,0.1782175749540329
TEST_11728,0.5764926671981812,0.5985389351844788
TEST_11729,0.0007387121440842748,0.9990732669830322
TEST_11730,0.006373939104378223,0.9932191967964172
TEST_11731,0.0038423524238169193,0.9837079644203186
TEST_11732,0.0030816567596048117,0.6951640844345093
TEST_11733,0.005008974578231573,0.9858044981956482
TEST_11734,0.0426204688847065,0.9575605988502502
TEST_11735,0.1972770094871521,0.8683225512504578
TEST_11736,0.025143859907984734,0.9899660348892212
TEST_11737,0.03649679198861122,0.9500247240066528
TEST_11738,0.0001976676721824333,0.9997536540031433
TEST_11739,0.958937406539917,0.03216373175382614
TEST_11740,0.005776865873485804,0.9551607966423035
TEST_11741,0.023784561082720757,0.9633404612541199
TEST_11742,0.006679261568933725,0.9971201419830322
TEST_11743,0.0014040378155186772,0.9968228340148926
TEST_11744,0.016812661662697792,0.9856536984443665
TEST_11745,0.004257179331034422,0.951001763343811
TEST_11746,0.003068717662245035,0.9978066086769104
TEST_11747,0.04610787704586983,0.8875209093093872
TEST_11748,0.00012575088476296514,0.9998854398727417
TEST_11749,0.0004265325842425227,0.974697470664978
TEST_11750,0.01735781878232956,0.9710317254066467
TEST_11751,0.02407904341816902,0.9988376498222351
TEST_11752,0.01720534823834896,0.995868980884552
TEST_11753,0.024721799418330193,0.9446032643318176
TEST_11754,0.004818003624677658,0.9940518736839294
TEST_11755,0.025870824232697487,0.992638349533081
TEST_11756,0.0664111077785492,0.8689858317375183
TEST_11757,0.046088941395282745,0.9486267566680908
TEST_11758,6.326496077235788e-05,0.9989665746688843
TEST_11759,0.000374784751329571,0.9998250603675842
TEST_11760,0.06340605765581131,0.8651591539382935
TEST_11761,0.008129071444272995,0.9866412281990051
TEST_11762,0.03310259431600571,0.8761284947395325
TEST_11763,0.004643553402274847,0.9973883032798767
TEST_11764,0.02564265765249729,0.9952421188354492
TEST_11765,0.9072309136390686,0.8726518750190735
TEST_11766,0.031885117292404175,0.9727822542190552
TEST_11767,0.593793511390686,0.9248940944671631
TEST_11768,0.0005811301525682211,0.9958913326263428
TEST_11769,0.028985360637307167,0.9956926703453064
TEST_11770,0.2873820662498474,0.9952011108398438
TEST_11771,0.010009284131228924,0.9194984436035156
TEST_11772,0.014913346618413925,0.9966099858283997
TEST_11773,0.005020515993237495,0.9990654587745667
TEST_11774,0.7616562843322754,0.9068954586982727
TEST_11775,0.14273126423358917,0.9134082198143005
TEST_11776,0.025386394932866096,0.980085551738739
TEST_11777,0.5910965800285339,0.899084746837616
TEST_11778,0.14271622896194458,0.9069092869758606
TEST_11779,0.9515331983566284,0.03197810798883438
TEST_11780,0.012421526946127415,0.992199718952179
TEST_11781,0.013161962851881981,0.9870680570602417
TEST_11782,0.017059439793229103,0.8853824138641357
TEST_11783,0.004383183550089598,0.9936577677726746
TEST_11784,0.9993770718574524,0.006577303167432547
TEST_11785,0.009708508849143982,0.9618344902992249
TEST_11786,0.011317088268697262,0.9975148439407349
TEST_11787,0.11326175928115845,0.5834841728210449
TEST_11788,0.009715461172163486,0.9988414645195007
TEST_11789,0.99965500831604,0.3398128151893616
TEST_11790,0.005883447360247374,0.9911950826644897
TEST_11791,0.05882151052355766,0.991066038608551
TEST_11792,0.2454366683959961,0.6156937479972839
TEST_11793,0.022333571687340736,0.9809882640838623
TEST_11794,0.006913344841450453,0.9174413084983826
TEST_11795,0.18188248574733734,0.9658235311508179
TEST_11796,0.004732329398393631,0.998156726360321
TEST_11797,0.0035181287676095963,0.9977256655693054
TEST_11798,0.9999589920043945,0.006180699914693832
TEST_11799,0.0026924950070679188,0.9968169331550598
TEST_11800,0.00033566425554454327,0.9977174997329712
TEST_11801,0.017148179933428764,0.9030924439430237
TEST_11802,0.003841487457975745,0.9969192743301392
TEST_11803,0.3972400426864624,0.9816582202911377
TEST_11804,0.0029448154382407665,0.996199905872345
TEST_11805,0.033583175390958786,0.9186432957649231
TEST_11806,0.0014562897849828005,0.9998021721839905
TEST_11807,0.9871277809143066,0.09699822217226028
TEST_11808,0.004015488550066948,0.9810830950737
TEST_11809,5.807672096125316e-06,0.9995878338813782
TEST_11810,0.0279824398458004,0.9954343438148499
TEST_11811,0.40054187178611755,0.742102324962616
TEST_11812,0.4290470480918884,0.9840487241744995
TEST_11813,0.1655821055173874,0.8725030422210693
TEST_11814,0.18174830079078674,0.8480126261711121
TEST_11815,0.11659908294677734,0.7860291600227356
TEST_11816,0.6966555118560791,0.9397143125534058
TEST_11817,0.023358849808573723,0.9744560718536377
TEST_11818,0.004636006895452738,0.9967717528343201
TEST_11819,0.25525355339050293,0.991661787033081
TEST_11820,0.09430418163537979,0.9291060566902161
TEST_11821,0.052058517932891846,0.9701371192932129
TEST_11822,0.000712337379809469,0.9999136924743652
TEST_11823,0.03204507380723953,0.9964380264282227
TEST_11824,0.028771178796887398,0.9884527325630188
TEST_11825,0.8065996170043945,0.9406830668449402
TEST_11826,0.0026684042531996965,0.9956153631210327
TEST_11827,0.011581450700759888,0.968555748462677
TEST_11828,0.0028851618990302086,0.9692091345787048
TEST_11829,0.002929549664258957,0.9952126741409302
TEST_11830,9.922205936163664e-05,0.9997218251228333
TEST_11831,0.0009690112783573568,0.9983797073364258
TEST_11832,0.011503842659294605,0.19645334780216217
TEST_11833,0.9993271827697754,0.011298456229269505
TEST_11834,0.017597123980522156,0.9884780049324036
TEST_11835,0.04925091937184334,0.9998337030410767
TEST_11836,0.9188533425331116,0.9537987112998962
TEST_11837,0.012488947249948978,0.9798954725265503
TEST_11838,0.012780173681676388,0.9839587211608887
TEST_11839,0.06651337444782257,0.9967227578163147
TEST_11840,0.0018440376734361053,0.9970300197601318
TEST_11841,0.11590433865785599,0.962588906288147
TEST_11842,0.01139097474515438,0.9023888111114502
TEST_11843,0.033537607640028,0.9832205772399902
TEST_11844,0.002072919625788927,0.9957846999168396
TEST_11845,0.0013768479693681002,0.9841731786727905
TEST_11846,0.00611316692084074,0.9889302849769592
TEST_11847,0.0027384012937545776,0.9677167534828186
TEST_11848,0.04654259979724884,0.9998290538787842
TEST_11849,0.014115683734416962,0.9991924166679382
TEST_11850,0.012696687132120132,0.9762271642684937
TEST_11851,0.9997486472129822,0.01109257247298956
TEST_11852,0.003961274866014719,0.9181976914405823
TEST_11853,0.00197280989959836,0.9205316305160522
TEST_11854,0.020500222221016884,0.9974562525749207
TEST_11855,0.032260533422231674,0.9915776252746582
TEST_11856,0.0006259835208766162,0.9997053742408752
TEST_11857,0.0005788087728433311,0.9997664093971252
TEST_11858,0.0019042170606553555,0.9984793066978455
TEST_11859,0.00023399143537972122,0.998588502407074
TEST_11860,0.018642744049429893,0.9973660111427307
TEST_11861,0.0018033586675301194,0.9975935816764832
TEST_11862,0.05374515429139137,0.8742294311523438
TEST_11863,0.9576808214187622,0.007362604606896639
TEST_11864,0.0018348159501329064,0.991234540939331
TEST_11865,0.004226268269121647,0.9909971952438354
TEST_11866,0.9992400407791138,0.002108285902068019
TEST_11867,0.004041730426251888,0.9910542368888855
TEST_11868,0.8983618021011353,0.6618496775627136
TEST_11869,0.21067175269126892,0.821399986743927
TEST_11870,0.032565999776124954,0.9992148876190186
TEST_11871,0.01747683249413967,0.981693685054779
TEST_11872,0.010653582401573658,0.9976330995559692
TEST_11873,9.19169033295475e-05,0.9996374845504761
TEST_11874,0.07798732817173004,0.9367160797119141
TEST_11875,0.00796949677169323,0.8906219005584717
TEST_11876,0.010708756744861603,0.941032886505127
TEST_11877,0.008234084583818913,0.9990910291671753
TEST_11878,0.0008887038566172123,0.9999785423278809
TEST_11879,0.01501120813190937,0.9668164253234863
TEST_11880,3.927035504602827e-05,0.9986189603805542
TEST_11881,0.029642967507243156,0.9832401871681213
TEST_11882,0.0028153476305305958,0.9450232982635498
TEST_11883,0.007689324673265219,0.995088517665863
TEST_11884,0.022272536531090736,0.8808413743972778
TEST_11885,0.04690668731927872,0.7774826884269714
TEST_11886,0.10678181797266006,0.7385162115097046
TEST_11887,0.0009460598230361938,0.9924997687339783
TEST_11888,0.0033873305656015873,0.9980233907699585
TEST_11889,0.008650672622025013,0.9538532495498657
TEST_11890,0.0015767306322231889,0.9999752044677734
TEST_11891,0.00528254359960556,0.9637580513954163
TEST_11892,0.08488573879003525,0.9014217257499695
TEST_11893,0.18542960286140442,0.9930307269096375
TEST_11894,0.015321202576160431,0.9874166250228882
TEST_11895,0.0694720447063446,0.9565873146057129
TEST_11896,0.002639730228111148,0.9999005794525146
TEST_11897,0.0017012186581268907,0.9975714087486267
TEST_11898,0.009321802295744419,0.9997801184654236
TEST_11899,4.54111177532468e-05,0.9999769926071167
TEST_11900,0.0024075715336948633,0.9976372718811035
TEST_11901,0.02314278483390808,0.95378577709198
TEST_11902,0.02475615218281746,0.952083945274353
TEST_11903,0.023240014910697937,0.96513432264328
TEST_11904,0.0012655985774472356,0.9996265172958374
TEST_11905,0.047231052070856094,0.9235820174217224
TEST_11906,0.15467610955238342,0.8723919987678528
TEST_11907,0.0195295587182045,0.9880687594413757
TEST_11908,0.32675305008888245,0.8270328044891357
TEST_11909,0.0028308157343417406,0.9800319671630859
TEST_11910,0.012978367507457733,0.9567037224769592
TEST_11911,0.0028255118522793055,0.9966872334480286
TEST_11912,0.023087386041879654,0.9800272583961487
TEST_11913,0.07688408344984055,0.9470763206481934
TEST_11914,0.025928301736712456,0.996955394744873
TEST_11915,0.09413342922925949,0.8371471762657166
TEST_11916,0.021658867597579956,0.9843901991844177
TEST_11917,0.041528500616550446,0.9949020147323608
TEST_11918,0.0001817545125959441,0.9986332058906555
TEST_11919,0.07263236492872238,0.9935385584831238
TEST_11920,0.03031184710562229,0.7604127526283264
TEST_11921,0.005743145942687988,0.9679742455482483
TEST_11922,0.5355992317199707,0.46588388085365295
TEST_11923,0.0006588989635929465,0.998808741569519
TEST_11924,0.02842075377702713,0.9130862951278687
TEST_11925,0.00028750294586643577,0.9996589422225952
TEST_11926,0.10118654370307922,0.8932327032089233
TEST_11927,0.017227036878466606,0.9831204414367676
TEST_11928,0.010182606987655163,0.9954270124435425
TEST_11929,0.0009221893851645291,0.9984820485115051
TEST_11930,0.04170781001448631,0.8608139753341675
TEST_11931,0.025650352239608765,0.9587109684944153
TEST_11932,0.0045286207459867,0.9613443613052368
TEST_11933,0.999723494052887,0.06116371229290962
TEST_11934,0.1196400374174118,0.5825389623641968
TEST_11935,0.004894703160971403,0.9998014569282532
TEST_11936,0.9968432188034058,0.47640883922576904
TEST_11937,0.04355953633785248,0.956817090511322
TEST_11938,0.9998539686203003,0.013407795690000057
TEST_11939,0.015200079418718815,0.9999364614486694
TEST_11940,0.004431840032339096,0.9134511351585388
TEST_11941,0.994623064994812,0.002007652074098587
TEST_11942,0.18904680013656616,0.47140613198280334
TEST_11943,0.0063338209874928,0.9956919550895691
TEST_11944,6.136472075013444e-05,0.999994158744812
TEST_11945,0.10130482912063599,0.9460409879684448
TEST_11946,0.013689999468624592,0.9951944947242737
TEST_11947,0.05678051710128784,0.9405590295791626
TEST_11948,0.0099547253921628,0.9979111552238464
TEST_11949,0.006934220902621746,0.9934468865394592
TEST_11950,0.5959427952766418,0.3386421501636505
TEST_11951,0.027640508487820625,0.8986700773239136
TEST_11952,0.18059532344341278,0.9790050983428955
TEST_11953,0.046597305685281754,0.9686598777770996
TEST_11954,0.22922344505786896,0.929173469543457
TEST_11955,0.27328091859817505,0.9769933819770813
TEST_11956,0.03403867036104202,0.9911460280418396
TEST_11957,0.002632567659020424,0.9605929851531982
TEST_11958,0.010454632341861725,0.9972324967384338
TEST_11959,0.028741508722305298,0.9977641105651855
TEST_11960,0.08832956105470657,0.8938459157943726
TEST_11961,0.002904254011809826,0.9960979223251343
TEST_11962,0.011295180767774582,0.9730738401412964
TEST_11963,0.02896307036280632,0.9963777661323547
TEST_11964,0.007098172325640917,0.9788848161697388
TEST_11965,0.0033706820104271173,0.9912958145141602
TEST_11966,0.015211162157356739,0.9896888732910156
TEST_11967,0.002345450920984149,0.9899929165840149
TEST_11968,0.005920791532844305,0.9987567663192749
TEST_11969,0.010680140927433968,0.9595227241516113
TEST_11970,0.7559664845466614,0.9040313363075256
TEST_11971,0.00428388174623251,0.9941248297691345
TEST_11972,0.28115999698638916,0.9848546981811523
TEST_11973,0.0027923709712922573,0.9938753247261047
TEST_11974,0.0004465542733669281,0.9999850988388062
TEST_11975,0.3061991035938263,0.8546390533447266
TEST_11976,0.4214133322238922,0.9266887307167053
TEST_11977,0.0077465190552175045,0.9758047461509705
TEST_11978,0.006146239582449198,0.9788987040519714
TEST_11979,0.7578055262565613,0.18729035556316376
TEST_11980,0.18733501434326172,0.8757652640342712
TEST_11981,0.006299417465925217,0.9761592745780945
TEST_11982,0.03925193473696709,0.9952623844146729
TEST_11983,0.006377548445016146,0.9992157220840454
TEST_11984,0.007035636808723211,0.9965764880180359
TEST_11985,0.018126459792256355,0.9998272061347961
TEST_11986,0.03151606768369675,0.9316303133964539
TEST_11987,0.11442091315984726,0.9141665697097778
TEST_11988,0.19567744433879852,0.9773358106613159
TEST_11989,0.014432074502110481,0.9853639006614685
TEST_11990,0.01457043457776308,0.9881402254104614
TEST_11991,0.0025199076626449823,0.9798266887664795
TEST_11992,0.11856215447187424,0.6485689878463745
TEST_11993,0.0008845924166962504,0.9991650581359863
TEST_11994,0.4142882227897644,0.9649732708930969
TEST_11995,0.028173349797725677,0.9969887137413025
TEST_11996,0.06927182525396347,0.9288710951805115
TEST_11997,0.004402047488838434,0.998760461807251
TEST_11998,0.000672288122586906,0.9989941716194153
TEST_11999,0.005824930965900421,0.9769468903541565
TEST_12000,0.04401136562228203,0.9082874655723572
TEST_12001,0.07595805823802948,0.9709477424621582
TEST_12002,0.04964911937713623,0.6880618333816528
TEST_12003,0.03123950958251953,0.9485953450202942
TEST_12004,0.00941831711679697,0.984099268913269
TEST_12005,0.12265874445438385,0.8680383563041687
TEST_12006,0.06210967153310776,0.9981827735900879
TEST_12007,0.01289066020399332,0.9071282744407654
TEST_12008,0.006928424350917339,0.9864250421524048
TEST_12009,0.03449048101902008,0.5578431487083435
TEST_12010,0.00037002464523538947,0.9994645714759827
TEST_12011,0.011523883789777756,0.9979649782180786
TEST_12012,0.12047219276428223,0.586959719657898
TEST_12013,0.0951739102602005,0.9317787289619446
TEST_12014,0.0010578270303085446,0.9995347261428833
TEST_12015,0.0019791950471699238,0.9993828535079956
TEST_12016,0.42676615715026855,0.9290421009063721
TEST_12017,0.0023210139479488134,0.9624515175819397
TEST_12018,0.01606352999806404,0.971807599067688
TEST_12019,0.03250590339303017,0.9686529040336609
TEST_12020,0.006272942293435335,0.9948712587356567
TEST_12021,0.004788233898580074,0.9916994571685791
TEST_12022,0.25168970227241516,0.8503732085227966
TEST_12023,0.5581363439559937,0.5805585384368896
TEST_12024,0.04514240473508835,0.9886754751205444
TEST_12025,0.010073049925267696,0.9725810885429382
TEST_12026,0.022605478763580322,0.9892237782478333
TEST_12027,0.025028349831700325,0.9766818284988403
TEST_12028,0.03756801784038544,0.8500605225563049
TEST_12029,0.07457364350557327,0.8602530360221863
TEST_12030,0.0021045671310275793,0.9988629817962646
TEST_12031,0.004898167215287685,0.9874843955039978
TEST_12032,0.0523332804441452,0.8908018469810486
TEST_12033,0.1041521355509758,0.9979439377784729
TEST_12034,0.015558633953332901,0.9864695072174072
TEST_12035,0.11297592520713806,0.8762312531471252
TEST_12036,0.003469754010438919,0.9288079738616943
TEST_12037,0.01235659047961235,0.9861372709274292
TEST_12038,0.004793970379978418,0.9835953712463379
TEST_12039,0.06610168516635895,0.9919590950012207
TEST_12040,0.07760676741600037,0.9933597445487976
TEST_12041,0.08560078591108322,0.9168388843536377
TEST_12042,0.05579748377203941,0.9856308102607727
TEST_12043,0.0011274998541921377,0.9979769587516785
TEST_12044,0.0010456597665324807,0.9947392344474792
TEST_12045,0.009538589976727962,0.9040064215660095
TEST_12046,0.05042069032788277,0.9935287833213806
TEST_12047,0.02829478308558464,0.9848175644874573
TEST_12048,0.05072583258152008,0.9405611157417297
TEST_12049,0.1477460116147995,0.9741273522377014
TEST_12050,0.9982197880744934,0.056706272065639496
TEST_12051,0.010947122238576412,0.9831204414367676
TEST_12052,0.006444172002375126,0.9778991937637329
TEST_12053,0.3521455228328705,0.7530351281166077
TEST_12054,0.012245191261172295,0.9938257932662964
TEST_12055,0.0019478662870824337,0.9981281161308289
TEST_12056,0.4577920436859131,0.9738467931747437
TEST_12057,0.003260905621573329,0.9883461594581604
TEST_12058,0.03993187099695206,0.9993364214897156
TEST_12059,0.03520609065890312,0.9978475570678711
TEST_12060,0.19189372658729553,0.7932156920433044
TEST_12061,0.5208095908164978,0.9952084422111511
TEST_12062,0.043208204209804535,0.8286527991294861
TEST_12063,0.0001759909064276144,0.9997727274894714
TEST_12064,0.0011099850526079535,0.995359480381012
TEST_12065,0.010529260151088238,0.9954965114593506
TEST_12066,0.0012997102458029985,0.9991699457168579
TEST_12067,0.03093309886753559,0.9377960562705994
TEST_12068,0.009860167279839516,0.9783756136894226
TEST_12069,0.007422011811286211,0.9802701473236084
TEST_12070,0.9053828120231628,0.9836269617080688
TEST_12071,0.07414494454860687,0.9924548864364624
TEST_12072,0.01728876493871212,0.8428651094436646
TEST_12073,0.004100793972611427,0.9899739027023315
TEST_12074,0.024796707555651665,0.9583600759506226
TEST_12075,0.001369168283417821,0.9995487332344055
TEST_12076,0.0030235471203923225,0.9853192567825317
TEST_12077,0.9799655675888062,0.031583257019519806
TEST_12078,0.07233960926532745,0.9902120232582092
TEST_12079,0.0025305922608822584,0.9976140260696411
TEST_12080,0.17282849550247192,0.3274429440498352
TEST_12081,0.013478497974574566,0.8751362562179565
TEST_12082,0.004179639276117086,0.9717774987220764
TEST_12083,0.03162809833884239,0.8861017227172852
TEST_12084,0.005094264168292284,0.9961246848106384
TEST_12085,0.01091542188078165,0.9952935576438904
TEST_12086,0.004015284590423107,0.9324017763137817
TEST_12087,0.04282630980014801,0.6527082920074463
TEST_12088,0.10343825072050095,0.9509865045547485
TEST_12089,0.011694822460412979,0.9967817068099976
TEST_12090,0.00278126890771091,0.9962852001190186
TEST_12091,0.04347148537635803,0.700503408908844
TEST_12092,0.004483814816921949,0.9834887385368347
TEST_12093,0.01782544143497944,0.9965445399284363
TEST_12094,0.0008511943742632866,0.9834627509117126
TEST_12095,0.9446780681610107,0.7646452784538269
TEST_12096,0.07422668486833572,0.9914020895957947
TEST_12097,0.013116586022078991,0.9812978506088257
TEST_12098,0.00414554076269269,0.9918656945228577
TEST_12099,0.013142980635166168,0.939132034778595
TEST_12100,0.47144439816474915,0.9766274690628052
TEST_12101,0.0002304230147274211,0.9967978596687317
TEST_12102,0.013805391266942024,0.9338992238044739
TEST_12103,0.19038793444633484,0.9111596941947937
TEST_12104,0.0055818622931838036,0.8759920001029968
TEST_12105,0.0014720732579007745,0.9992879033088684
TEST_12106,0.0009942448232322931,0.9962379932403564
TEST_12107,0.004487698897719383,0.9715859293937683
TEST_12108,0.0026429384015500546,0.9916468858718872
TEST_12109,0.012889998033642769,0.9816193580627441
TEST_12110,0.02921128086745739,0.9822905659675598
TEST_12111,0.06208329275250435,0.8874073028564453
TEST_12112,0.00695829140022397,0.984939455986023
TEST_12113,0.03496118634939194,0.9138749241828918
TEST_12114,0.008572162128984928,0.9690459370613098
TEST_12115,0.004763455130159855,0.9998782873153687
TEST_12116,0.019994044676423073,0.944246232509613
TEST_12117,0.12902238965034485,0.8504125475883484
TEST_12118,0.03626573458313942,0.991794764995575
TEST_12119,0.0029133528005331755,0.9483693838119507
TEST_12120,0.0007206604932434857,0.9916086792945862
TEST_12121,0.12354036420583725,0.9639284014701843
TEST_12122,0.06621645390987396,0.8827935457229614
TEST_12123,0.0010685271117836237,0.9842209815979004
TEST_12124,0.1589116007089615,0.985788881778717
TEST_12125,0.18712855875492096,0.8743733763694763
TEST_12126,0.9988455772399902,0.000985826482065022
TEST_12127,0.05521528422832489,0.9900038838386536
TEST_12128,0.011848664842545986,0.9894973039627075
TEST_12129,0.05175197869539261,0.8756135106086731
TEST_12130,0.10349912941455841,0.9934142827987671
TEST_12131,0.07885720580816269,0.8916503190994263
TEST_12132,0.004826427437365055,0.9971606731414795
TEST_12133,0.00132833793759346,0.9995375871658325
TEST_12134,0.006949989125132561,0.9861517548561096
TEST_12135,0.18859776854515076,0.981067955493927
TEST_12136,0.0031717887613922358,0.9735718965530396
TEST_12137,0.03086213208734989,0.9879425168037415
TEST_12138,0.9969384670257568,0.0802619606256485
TEST_12139,0.10275980830192566,0.9884026646614075
TEST_12140,0.021955816075205803,0.9955669045448303
TEST_12141,0.0015680179931223392,0.9980693459510803
TEST_12142,0.0057290405966341496,0.9983117580413818
TEST_12143,0.8715542554855347,0.0635770633816719
TEST_12144,0.0867140144109726,0.9975237250328064
TEST_12145,0.0011263899505138397,0.9990179538726807
TEST_12146,0.010562507435679436,0.8223327994346619
TEST_12147,0.9995701909065247,0.31378525495529175
TEST_12148,0.011139169335365295,0.9897651672363281
TEST_12149,0.0036621997132897377,0.9901795387268066
TEST_12150,0.04076794162392616,0.9217110872268677
TEST_12151,0.4062279760837555,0.8338419198989868
TEST_12152,0.04078269004821777,0.9201013445854187
TEST_12153,0.009090881794691086,0.99871826171875
TEST_12154,0.0015203144866973162,0.9937019348144531
TEST_12155,0.1193327084183693,0.7319839000701904
TEST_12156,0.10948460549116135,0.9890590906143188
TEST_12157,0.002989194355905056,0.9601143002510071
TEST_12158,0.001359440851956606,0.9966611862182617
TEST_12159,0.005435241851955652,0.9996187686920166
TEST_12160,0.04227917641401291,0.9942212104797363
TEST_12161,0.00488388491794467,0.9525236487388611
TEST_12162,0.0034352228976786137,0.9923356175422668
TEST_12163,0.0027397351805120707,0.9774693846702576
TEST_12164,0.03750080615282059,0.8940683603286743
TEST_12165,0.0016851646360009909,0.9838531017303467
TEST_12166,0.03135833144187927,0.9895848631858826
TEST_12167,0.0012503290781751275,0.9900049567222595
TEST_12168,0.003955839201807976,0.9632380604743958
TEST_12169,0.09580753743648529,0.9049727916717529
TEST_12170,0.015164153650403023,0.8632813096046448
TEST_12171,0.040411900728940964,0.9999443292617798
TEST_12172,0.0027714900206774473,1.0
TEST_12173,0.0513572096824646,0.8562926054000854
TEST_12174,0.9731553792953491,0.9968209266662598
TEST_12175,0.00507321348413825,0.993823766708374
TEST_12176,0.014519413001835346,0.9935716390609741
TEST_12177,0.9998522996902466,0.761736273765564
TEST_12178,0.2879239320755005,0.8856807947158813
TEST_12179,0.013759179040789604,0.9988718628883362
TEST_12180,0.03366880118846893,0.9938020706176758
TEST_12181,0.036280110478401184,0.8849489688873291
TEST_12182,0.00019805216288659722,0.9985539317131042
TEST_12183,0.02738325111567974,0.975405216217041
TEST_12184,0.026943441480398178,0.9251754283905029
TEST_12185,0.005173325538635254,0.9986048340797424
TEST_12186,0.20953933894634247,0.9937084913253784
TEST_12187,0.006649431772530079,0.9779761433601379
TEST_12188,0.0017854702891781926,0.9849796891212463
TEST_12189,0.0014632075326517224,0.9228696227073669
TEST_12190,0.04817742109298706,0.37628230452537537
TEST_12191,0.6200342178344727,0.8460074663162231
TEST_12192,0.00035469053545966744,0.9941465854644775
TEST_12193,0.9788520932197571,0.0010003362549468875
TEST_12194,0.00276325736194849,0.9946879148483276
TEST_12195,0.0011766253737732768,0.9983965754508972
TEST_12196,0.006356450263410807,0.9865429401397705
TEST_12197,0.019326243549585342,0.9823579788208008
TEST_12198,0.05906836688518524,0.986402690410614
TEST_12199,0.0041442555375397205,0.9990493655204773
TEST_12200,0.5447419881820679,0.9663002490997314
TEST_12201,0.17453467845916748,0.8769617080688477
TEST_12202,0.004784315824508667,0.9938900470733643
TEST_12203,0.028843631967902184,0.995882511138916
TEST_12204,0.01333617977797985,0.9960960745811462
TEST_12205,0.010710240341722965,0.9907419085502625
TEST_12206,0.004154736176133156,0.9658177495002747
TEST_12207,0.9996117949485779,7.477674807887524e-05
TEST_12208,0.08507261425256729,0.8383368253707886
TEST_12209,0.02703031338751316,0.8057564496994019
TEST_12210,0.02521255798637867,0.9894774556159973
TEST_12211,0.011011513881385326,0.9942511320114136
TEST_12212,0.026942487806081772,0.9995200634002686
TEST_12213,0.004080908372998238,0.9970093369483948
TEST_12214,0.03481743112206459,0.8799392580986023
TEST_12215,0.008429362438619137,0.9717022180557251
TEST_12216,0.019713323563337326,0.9923606514930725
TEST_12217,0.02461528591811657,0.9751532673835754
TEST_12218,0.02612532302737236,0.9502164721488953
TEST_12219,0.0015183585928753018,0.9944202303886414
TEST_12220,0.015696024522185326,0.8642343878746033
TEST_12221,0.0027243734803050756,0.9979853630065918
TEST_12222,0.00633819168433547,0.9951203465461731
TEST_12223,0.008196258917450905,0.9759055376052856
TEST_12224,0.05031691491603851,0.9686287641525269
TEST_12225,0.005887832958251238,0.9984667301177979
TEST_12226,0.02926754578948021,0.9560039639472961
TEST_12227,0.026855768635869026,0.930261492729187
TEST_12228,0.0026680517476052046,0.9551838636398315
TEST_12229,0.0018804819555953145,0.9974457025527954
TEST_12230,0.004414617083966732,0.9553924798965454
TEST_12231,0.00497236754745245,0.9943743944168091
TEST_12232,0.1088731586933136,0.8217304944992065
TEST_12233,0.035411495715379715,0.9992024302482605
TEST_12234,0.013300974853336811,0.991951584815979
TEST_12235,0.03467821702361107,0.9369037747383118
TEST_12236,0.010751398280262947,0.9966115355491638
TEST_12237,0.0012575369328260422,0.9991956353187561
TEST_12238,0.32718539237976074,0.8780999183654785
TEST_12239,0.010748828761279583,0.9957833290100098
TEST_12240,0.014293418265879154,0.45908427238464355
TEST_12241,0.0007329754298552871,0.9995900988578796
TEST_12242,0.017054595053195953,0.9788933396339417
TEST_12243,0.01315129455178976,0.9299171566963196
TEST_12244,0.0007533144671469927,0.980436384677887
TEST_12245,0.016800865530967712,0.9786550402641296
TEST_12246,5.02498987771105e-05,0.9999594688415527
TEST_12247,0.003673697356134653,0.9899146556854248
TEST_12248,0.0008098488906398416,0.998040497303009
TEST_12249,0.08837759494781494,0.9973000884056091
TEST_12250,0.0263148695230484,0.9608815312385559
TEST_12251,0.002455031033605337,0.9983149766921997
TEST_12252,0.002752800704911351,0.9759615063667297
TEST_12253,0.5610656142234802,0.9754854440689087
TEST_12254,0.003951920196413994,0.9977782368659973
TEST_12255,0.005869677290320396,0.8821834921836853
TEST_12256,0.0023879511281847954,0.9990085959434509
TEST_12257,0.16629865765571594,0.8934946656227112
TEST_12258,0.011460820212960243,0.990713357925415
TEST_12259,0.009015318937599659,0.7988810539245605
TEST_12260,0.0957113578915596,0.980734646320343
TEST_12261,0.03670864924788475,0.9897416830062866
TEST_12262,0.00012306755525059998,0.9999085664749146
TEST_12263,0.015747902914881706,0.8806014657020569
TEST_12264,0.003429872915148735,0.9865309596061707
TEST_12265,0.977031409740448,0.000941803096793592
TEST_12266,0.01859907992184162,0.9791808128356934
TEST_12267,0.0006167833926156163,0.999955415725708
TEST_12268,0.7903805375099182,0.30434319376945496
TEST_12269,0.03452703729271889,0.9798083901405334
TEST_12270,0.9996367692947388,0.00010326605115551502
TEST_12271,0.026880834251642227,0.8734767436981201
TEST_12272,0.01211079303175211,0.9934033751487732
TEST_12273,0.2441301792860031,0.7496662139892578
TEST_12274,0.13294638693332672,0.988651692867279
TEST_12275,0.001231537782587111,0.9610032439231873
TEST_12276,0.0005877255462110043,0.9981168508529663
TEST_12277,0.07086028158664703,0.8787259459495544
TEST_12278,0.9991734623908997,0.018341176211833954
TEST_12279,0.004771063569933176,0.9940150380134583
TEST_12280,0.029446765780448914,0.9919350147247314
TEST_12281,0.08020623028278351,0.9937976002693176
TEST_12282,0.02763299271464348,0.8933387398719788
TEST_12283,0.005854482762515545,0.9352195858955383
TEST_12284,0.005520076956599951,0.9999700784683228
TEST_12285,0.005893012508749962,0.9967384934425354
TEST_12286,0.004955623764544725,0.9866390228271484
TEST_12287,0.0010777793359011412,0.9952180981636047
TEST_12288,0.0017674992559477687,0.9992461204528809
TEST_12289,0.020534375682473183,0.16426177322864532
TEST_12290,0.02478703297674656,0.979544997215271
TEST_12291,0.249721959233284,0.8958790898323059
TEST_12292,0.021558908745646477,0.9980712532997131
TEST_12293,0.14418348670005798,0.8878242373466492
TEST_12294,0.406080424785614,0.7605627775192261
TEST_12295,0.43524664640426636,0.7927278280258179
TEST_12296,0.010800394229590893,0.9803697466850281
TEST_12297,0.008984125219285488,0.9832118153572083
TEST_12298,0.006512483581900597,0.9977133274078369
TEST_12299,0.08550456166267395,0.933890700340271
TEST_12300,0.002349205082282424,0.9990540146827698
TEST_12301,0.0009173037833534181,0.9998509883880615
TEST_12302,0.7818199396133423,0.586056649684906
TEST_12303,0.2186567336320877,0.8941336274147034
TEST_12304,0.005610267631709576,0.9356885552406311
TEST_12305,0.005343887023627758,0.9833725094795227
TEST_12306,0.002084417501464486,0.9964810609817505
TEST_12307,0.014393067918717861,0.9915817379951477
TEST_12308,0.02702212892472744,0.9140585660934448
TEST_12309,0.5327234864234924,0.977840006351471
TEST_12310,0.01274025160819292,0.9971981048583984
TEST_12311,0.011335381306707859,0.9479821920394897
TEST_12312,0.11911671608686447,0.8485809564590454
TEST_12313,0.001495862496085465,0.9962735176086426
TEST_12314,0.014333122409880161,0.959534764289856
TEST_12315,0.6712112426757812,0.9315857291221619
TEST_12316,0.002104392973706126,0.9907912015914917
TEST_12317,0.04677918180823326,0.8805705904960632
TEST_12318,0.007284099701792002,0.992879331111908
TEST_12319,0.019856911152601242,0.9852342009544373
TEST_12320,0.0010241317795589566,0.9967930912971497
TEST_12321,0.022290311753749847,0.9971488118171692
TEST_12322,0.0023930135648697615,0.9939886331558228
TEST_12323,0.18353025615215302,0.12987083196640015
TEST_12324,0.12555168569087982,0.9980056881904602
TEST_12325,0.5922937393188477,0.9846834540367126
TEST_12326,0.4450018107891083,0.9939841628074646
TEST_12327,0.0565616711974144,0.837917149066925
TEST_12328,0.0054415324702858925,0.9983572363853455
TEST_12329,0.13235844671726227,0.8855907917022705
TEST_12330,0.0016611708560958505,0.9879276156425476
TEST_12331,0.002508222358301282,0.9999306201934814
TEST_12332,0.03305552899837494,0.9849994778633118
TEST_12333,0.9270265102386475,0.9104306697845459
TEST_12334,0.5428204536437988,0.8584175109863281
TEST_12335,0.04228877276182175,0.8747912645339966
TEST_12336,0.07424532622098923,0.9957148432731628
TEST_12337,0.006381535902619362,0.9413877129554749
TEST_12338,0.9999858140945435,0.0008790754363872111
TEST_12339,0.006502867676317692,0.9521450996398926
TEST_12340,0.021933913230895996,0.9921843409538269
TEST_12341,0.010395881719887257,0.9978697299957275
TEST_12342,0.00017913519695866853,0.999997615814209
TEST_12343,0.18609479069709778,0.9932116270065308
TEST_12344,0.008398792706429958,0.9996405839920044
TEST_12345,0.0026238556019961834,0.9823852181434631
TEST_12346,0.0009155191364698112,0.9988868832588196
TEST_12347,0.5778682827949524,0.9935321807861328
TEST_12348,0.000847764837089926,0.9811346530914307
TEST_12349,0.007022058591246605,0.9278358817100525
TEST_12350,0.007649315521121025,0.9874353408813477
TEST_12351,0.003045442281290889,0.9803804755210876
TEST_12352,0.9707915782928467,0.31513673067092896
TEST_12353,0.01200801320374012,0.9971530437469482
TEST_12354,0.07620888203382492,0.9437146782875061
TEST_12355,0.8911007642745972,0.11030777543783188
TEST_12356,0.004342846106737852,0.9951918125152588
TEST_12357,0.0015192240243777633,0.9996857643127441
TEST_12358,0.02082723192870617,0.9902785420417786
TEST_12359,0.03817974403500557,0.9961109757423401
TEST_12360,0.15623049437999725,0.8892297744750977
TEST_12361,0.041609350591897964,0.9941442608833313
TEST_12362,0.006751973181962967,0.9840866923332214
TEST_12363,0.03487883880734444,0.9284146428108215
TEST_12364,0.0004660883860196918,0.9993927478790283
TEST_12365,0.0008820774964988232,0.9983429908752441
TEST_12366,0.01242819707840681,0.9621756076812744
TEST_12367,0.03806782513856888,0.9550399780273438
TEST_12368,0.040125973522663116,0.989709198474884
TEST_12369,0.018576037138700485,0.9699066281318665
TEST_12370,0.0003659816284198314,0.997710108757019
TEST_12371,0.019344516098499298,0.9773752093315125
TEST_12372,7.463433576049283e-05,0.9997273087501526
TEST_12373,0.024643223732709885,0.8532572984695435
TEST_12374,0.3844153881072998,0.8618884682655334
TEST_12375,0.07433583587408066,0.9759160876274109
TEST_12376,0.005432827398180962,0.978060781955719
TEST_12377,0.011829296126961708,0.9977599382400513
TEST_12378,0.0056531308218836784,0.9994404911994934
TEST_12379,0.01625816896557808,0.9994922876358032
TEST_12380,0.024549005553126335,0.9922611117362976
TEST_12381,0.027862384915351868,0.9502699971199036
TEST_12382,0.0024269463028758764,0.9986377358436584
TEST_12383,0.008957764133810997,0.8878943920135498
TEST_12384,0.050210338085889816,0.8714938759803772
TEST_12385,0.0017021324019879103,0.9992591738700867
TEST_12386,0.23303058743476868,0.9732918739318848
TEST_12387,0.20346158742904663,0.3064640164375305
TEST_12388,0.29269102215766907,0.5114139318466187
TEST_12389,0.3661852180957794,0.661871075630188
TEST_12390,0.007532918360084295,0.9742618799209595
TEST_12391,0.0008040441898629069,0.9980949759483337
TEST_12392,1.7148174720205134e-06,0.9996529817581177
TEST_12393,0.39441990852355957,0.9883632063865662
TEST_12394,0.5216774344444275,0.025288186967372894
TEST_12395,0.0018104573246091604,0.9979907274246216
TEST_12396,0.0503469780087471,0.8840864300727844
TEST_12397,0.007931998930871487,0.9972213506698608
TEST_12398,0.0006655310862697661,0.998838484287262
TEST_12399,0.006927154492586851,0.999369204044342
TEST_12400,0.07513382285833359,0.8560826778411865
TEST_12401,0.0005795888137072325,0.9999516010284424
TEST_12402,0.0060178316198289394,0.992526650428772
TEST_12403,0.002287440001964569,0.9999909400939941
TEST_12404,0.012277397327125072,0.9990805387496948
TEST_12405,0.010701160877943039,0.9957423806190491
TEST_12406,0.495868057012558,0.8933614492416382
TEST_12407,0.0040961322374641895,0.8530299663543701
TEST_12408,0.014061419293284416,0.9956796765327454
TEST_12409,0.13117791712284088,0.7834335565567017
TEST_12410,0.02857927791774273,0.9453110694885254
TEST_12411,0.0015873429365456104,0.9999995231628418
TEST_12412,0.7486624717712402,0.7110724449157715
TEST_12413,0.031084377318620682,0.9576767683029175
TEST_12414,0.049457963556051254,0.9874309301376343
TEST_12415,0.01794453337788582,0.9970935583114624
TEST_12416,0.0654025673866272,0.9456682801246643
TEST_12417,0.001082683796994388,0.9989584684371948
TEST_12418,0.04776880890130997,0.16780167818069458
TEST_12419,0.009093119762837887,0.9250421524047852
TEST_12420,0.010633797384798527,0.9664793610572815
TEST_12421,0.007535756099969149,0.9954328536987305
TEST_12422,0.210077166557312,0.8665457367897034
TEST_12423,0.00046508823288604617,0.9995936751365662
TEST_12424,0.6896748542785645,0.8454781770706177
TEST_12425,0.05879445746541023,0.9364248514175415
TEST_12426,0.07359538972377777,0.9879233241081238
TEST_12427,0.00631821621209383,0.9959046244621277
TEST_12428,0.011038008145987988,0.9629175066947937
TEST_12429,0.0012615727027878165,0.9981188178062439
TEST_12430,0.014476049691438675,0.9958053827285767
TEST_12431,0.002164003672078252,0.9993970394134521
TEST_12432,0.004944226238876581,0.9988032579421997
TEST_12433,0.14634007215499878,0.8789790868759155
TEST_12434,0.005566291976720095,0.9560592174530029
TEST_12435,0.0032156312372535467,0.9987486600875854
TEST_12436,0.007925773039460182,0.999870777130127
TEST_12437,0.0013149024453014135,0.992450475692749
TEST_12438,0.09294635057449341,0.9985060691833496
TEST_12439,0.04630691558122635,0.9069249033927917
TEST_12440,0.0022789889480918646,0.9818234443664551
TEST_12441,0.02455826662480831,0.9767225384712219
TEST_12442,0.014110255986452103,0.999235987663269
TEST_12443,0.012019479647278786,0.9927575588226318
TEST_12444,0.0002233761188108474,0.9995183944702148
TEST_12445,0.002630566479638219,0.988132894039154
TEST_12446,0.015323072671890259,0.999951958656311
TEST_12447,0.015739165246486664,0.9867419600486755
TEST_12448,0.13367719948291779,0.9160488247871399
TEST_12449,0.00023863317619543523,0.999840497970581
TEST_12450,0.0002533521910663694,0.9998251795768738
TEST_12451,0.005438029300421476,0.9954096674919128
TEST_12452,0.008562046103179455,0.9959341287612915
TEST_12453,0.05520609766244888,0.9714979529380798
TEST_12454,0.1692267805337906,0.8213603496551514
TEST_12455,0.0029822587966918945,0.9457698464393616
TEST_12456,0.0021552499383687973,0.9855228662490845
TEST_12457,0.0063470508903265,0.966798722743988
TEST_12458,0.03834454342722893,0.8969335556030273
TEST_12459,0.26548394560813904,0.827599823474884
TEST_12460,0.04016762226819992,0.9393684267997742
TEST_12461,0.3585585951805115,0.942767322063446
TEST_12462,0.7577366828918457,0.0024648013059049845
TEST_12463,0.008513931185007095,0.9992330074310303
TEST_12464,0.007059840019792318,0.9670820236206055
TEST_12465,0.06235285475850105,0.7907468676567078
TEST_12466,0.06772967427968979,0.9901851415634155
TEST_12467,0.004343233536928892,0.9766338467597961
TEST_12468,0.00782900769263506,0.9824918508529663
TEST_12469,0.0029750086832791567,0.988203763961792
TEST_12470,0.3389540910720825,0.39779186248779297
TEST_12471,0.9938547015190125,0.8773621916770935
TEST_12472,0.9569185972213745,0.9714698195457458
TEST_12473,0.05352276191115379,0.9987267851829529
TEST_12474,0.23276376724243164,0.9847931861877441
TEST_12475,0.013832072727382183,0.9861302971839905
TEST_12476,0.0947536900639534,0.9709213376045227
TEST_12477,0.004930495750159025,0.9399198293685913
TEST_12478,0.5676068663597107,0.9675331115722656
TEST_12479,0.0006708356086164713,0.9999099969863892
TEST_12480,0.01599896512925625,0.9947299957275391
TEST_12481,0.3292102515697479,0.9399576783180237
TEST_12482,0.0020245343912392855,0.9998798370361328
TEST_12483,0.006337152794003487,0.9963753819465637
TEST_12484,0.0015782049158588052,0.9952591061592102
TEST_12485,0.0065897246822714806,0.9999111890792847
TEST_12486,0.0025020239409059286,0.9967342615127563
TEST_12487,0.08646107465028763,0.8648420572280884
TEST_12488,0.41791296005249023,0.5013359785079956
TEST_12489,0.0017372195143252611,0.8775704503059387
TEST_12490,0.01684376783668995,0.9931575655937195
TEST_12491,0.8273481130599976,0.9326012134552002
TEST_12492,0.0035976460203528404,0.9930241107940674
TEST_12493,0.05288461223244667,0.9995284080505371
TEST_12494,0.8547113537788391,0.735645592212677
TEST_12495,0.004901294130831957,0.9953168630599976
TEST_12496,0.009258425794541836,0.925804615020752
TEST_12497,0.037978850305080414,0.9017319083213806
TEST_12498,0.0023936124052852392,0.9734988212585449
TEST_12499,0.0315362773835659,0.8121652603149414
TEST_12500,0.05584283545613289,0.9914959669113159
TEST_12501,0.048156704753637314,0.9357094168663025
TEST_12502,0.0045570372603833675,0.999891996383667
TEST_12503,0.016297264024615288,0.9585660696029663
TEST_12504,0.0326230451464653,0.9834660887718201
TEST_12505,0.11874216794967651,0.8975390195846558
TEST_12506,0.0033017173409461975,0.9253369569778442
TEST_12507,0.03690933808684349,0.9774743914604187
TEST_12508,0.04273708164691925,0.765433669090271
TEST_12509,0.20376089215278625,0.31316041946411133
TEST_12510,0.0007815976277925074,0.9997929930686951
TEST_12511,0.045225996524095535,0.9783328175544739
TEST_12512,0.002618619939312339,0.9956098198890686
TEST_12513,0.3877474367618561,0.9810183048248291
TEST_12514,0.947920024394989,0.8482114672660828
TEST_12515,0.005763777997344732,0.9981486797332764
TEST_12516,0.19631466269493103,0.037656012922525406
TEST_12517,0.0018369832541793585,0.9910804629325867
TEST_12518,0.03920324891805649,0.9140776991844177
TEST_12519,0.37392565608024597,0.8319185972213745
TEST_12520,0.5587030053138733,0.9791955947875977
TEST_12521,0.1280432492494583,0.2540898323059082
TEST_12522,0.00042456696974113584,0.9865930676460266
TEST_12523,0.01844547502696514,0.9149391651153564
TEST_12524,0.00659999018535018,0.9999716281890869
TEST_12525,0.043057285249233246,0.8968390226364136
TEST_12526,0.09821712970733643,0.9784712195396423
TEST_12527,0.05657859519124031,0.9901392459869385
TEST_12528,0.0004936988698318601,0.9999886751174927
TEST_12529,0.005293401423841715,0.9848548769950867
TEST_12530,0.01200973242521286,0.9639449119567871
TEST_12531,0.00335677620023489,0.9988577365875244
TEST_12532,0.00107719621155411,0.9972570538520813
TEST_12533,0.34005531668663025,0.8624594211578369
TEST_12534,0.015184150077402592,0.9982615113258362
TEST_12535,0.019811755046248436,0.9150240421295166
TEST_12536,0.06846094131469727,0.8883730173110962
TEST_12537,0.03383082151412964,0.9892442226409912
TEST_12538,0.0030173612758517265,0.9851340055465698
TEST_12539,0.025509702041745186,0.9982782602310181
TEST_12540,0.11700665950775146,0.9913334250450134
TEST_12541,0.004692366812378168,0.984420895576477
TEST_12542,0.5969151258468628,0.6606200933456421
TEST_12543,0.00601264787837863,0.9971938133239746
TEST_12544,0.07343792915344238,0.8290130496025085
TEST_12545,0.013545247726142406,0.9694806933403015
TEST_12546,0.00944930873811245,0.9477315545082092
TEST_12547,0.02944616600871086,0.9764153361320496
TEST_12548,0.13463355600833893,0.985567569732666
TEST_12549,0.024902021512389183,0.9889261722564697
TEST_12550,0.00877981074154377,0.999925971031189
TEST_12551,0.003384614596143365,0.996246874332428
TEST_12552,0.003938952926546335,0.9943161606788635
TEST_12553,0.031129291281104088,0.9795397520065308
TEST_12554,0.0014719554455950856,0.9762445688247681
TEST_12555,0.01229711901396513,0.9998195767402649
TEST_12556,0.07565678656101227,0.964643657207489
TEST_12557,0.00521958339959383,0.9954283237457275
TEST_12558,0.10291661322116852,0.888755738735199
TEST_12559,0.009908546693623066,0.9560033082962036
TEST_12560,0.006385776214301586,0.9987038373947144
TEST_12561,0.005245042499154806,0.9780220985412598
TEST_12562,0.008575016632676125,0.9831652641296387
TEST_12563,0.005748562049120665,0.9994358420372009
TEST_12564,0.061518508940935135,0.5526319146156311
TEST_12565,0.042553965002298355,0.8734232187271118
TEST_12566,0.007680215407162905,0.9981971383094788
TEST_12567,0.04603412002325058,0.9997588992118835
TEST_12568,0.06410495936870575,0.9854918122291565
TEST_12569,0.025048138573765755,0.996242880821228
TEST_12570,0.24667669832706451,0.06451190263032913
TEST_12571,0.014127221889793873,0.9091247916221619
TEST_12572,0.14180810749530792,0.9316102266311646
TEST_12573,0.0011098223039880395,0.9889726042747498
TEST_12574,0.013420158065855503,0.9954309463500977
TEST_12575,0.11488880217075348,0.5006835460662842
TEST_12576,0.004637756384909153,0.9935779571533203
TEST_12577,0.05044637992978096,0.9130327701568604
TEST_12578,0.014294316992163658,0.9855284094810486
TEST_12579,0.008099948987364769,0.9987202882766724
TEST_12580,0.00021531597303692251,0.9999161958694458
TEST_12581,0.050505995750427246,0.9877057671546936
TEST_12582,0.024648120626807213,0.9067786335945129
TEST_12583,0.2819516062736511,0.8999534249305725
TEST_12584,0.005814149044454098,0.9988651275634766
TEST_12585,0.08665468543767929,0.9948648810386658
TEST_12586,0.006265806965529919,0.9978821873664856
TEST_12587,0.00045688587124459445,0.9980073571205139
TEST_12588,0.0025959897320717573,0.9938949942588806
TEST_12589,0.02122141607105732,0.992708146572113
TEST_12590,0.0011465793941169977,0.9919871091842651
TEST_12591,0.06764993071556091,0.9782773852348328
TEST_12592,0.0029268877115100622,0.998106837272644
TEST_12593,0.011886470019817352,0.967318594455719
TEST_12594,0.0038664420135319233,0.9993007183074951
TEST_12595,0.029503995552659035,0.9975205063819885
TEST_12596,0.002462757518514991,0.9907636046409607
TEST_12597,0.0003628776175901294,0.9823660254478455
TEST_12598,0.0052724010311067104,0.98119056224823
TEST_12599,0.1536058634519577,0.38555601239204407
TEST_12600,0.06825553625822067,0.8950100541114807
TEST_12601,0.4620719850063324,0.7880058884620667
TEST_12602,0.002036307705566287,0.9981521964073181
TEST_12603,0.4534497559070587,0.8667595386505127
TEST_12604,0.0007659916300326586,0.9983338713645935
TEST_12605,0.010478915646672249,0.9745842218399048
TEST_12606,0.018233634531497955,0.9479920268058777
TEST_12607,0.005865658167749643,0.9710931777954102
TEST_12608,0.0012250159634277225,0.9092350602149963
TEST_12609,0.015232549048960209,0.9983281493186951
TEST_12610,0.3311232030391693,0.9999637603759766
TEST_12611,0.001737559330649674,0.9868636131286621
TEST_12612,0.0017917611403390765,0.9998434782028198
TEST_12613,3.76152056560386e-05,0.9997732043266296
TEST_12614,0.0012720216764137149,0.9996727705001831
TEST_12615,0.0016898198518902063,0.9988489151000977
TEST_12616,0.6479320526123047,0.9402433633804321
TEST_12617,0.9997255206108093,0.003482926171272993
TEST_12618,0.9947822690010071,0.0888628214597702
TEST_12619,0.0021427853498607874,0.9970570802688599
TEST_12620,0.9999549388885498,2.782884394036955e-06
TEST_12621,0.002969037275761366,0.9871447682380676
TEST_12622,0.010402996093034744,0.9198256731033325
TEST_12623,0.006670166272670031,0.9706364274024963
TEST_12624,0.15693116188049316,0.8641002774238586
TEST_12625,0.06123607978224754,0.8814195990562439
TEST_12626,0.10460267215967178,0.8352916240692139
TEST_12627,0.08839774876832962,0.993287980556488
TEST_12628,0.004299198277294636,0.953051745891571
TEST_12629,0.010210351087152958,0.9916511178016663
TEST_12630,0.014756088145077229,0.9999879598617554
TEST_12631,0.00899946503341198,0.9375689029693604
TEST_12632,0.0011789791751652956,0.9965569972991943
TEST_12633,0.014075592160224915,0.9961076378822327
TEST_12634,0.031028877943754196,0.9976792931556702
TEST_12635,0.024473048746585846,0.9899916648864746
TEST_12636,0.001111948280595243,0.9972042441368103
TEST_12637,0.013087735511362553,0.91347736120224
TEST_12638,0.0009235959150828421,0.9997685551643372
TEST_12639,0.034423183649778366,0.9999982118606567
TEST_12640,0.00403362512588501,0.9872642755508423
TEST_12641,0.001248496468178928,0.9995803236961365
TEST_12642,0.11439812928438187,0.8608548045158386
TEST_12643,0.06416256725788116,0.9691883325576782
TEST_12644,0.011751837097108364,0.9836055636405945
TEST_12645,0.0027722150553017855,0.9975964426994324
TEST_12646,0.10934331268072128,0.7378352880477905
TEST_12647,0.012975087389349937,0.9980429410934448
TEST_12648,0.01678910292685032,0.9980085492134094
TEST_12649,0.9999339580535889,0.1011868566274643
TEST_12650,0.01948331668972969,0.9690459370613098
TEST_12651,0.0426531620323658,0.7056716680526733
TEST_12652,0.001618606853298843,0.999984622001648
TEST_12653,0.002095635514706373,0.9957067370414734
TEST_12654,0.007452643010765314,0.9985678195953369
TEST_12655,0.0138544337823987,0.9786580801010132
TEST_12656,0.000587192305829376,0.9992164373397827
TEST_12657,0.002382925245910883,0.9997989535331726
TEST_12658,0.011448999866843224,0.9763927459716797
TEST_12659,0.003665357129648328,0.9984807372093201
TEST_12660,0.4062969386577606,0.9662453532218933
TEST_12661,0.8211359977722168,0.8875315189361572
TEST_12662,0.0366690531373024,0.9252027273178101
TEST_12663,0.034591324627399445,0.9897811412811279
TEST_12664,0.017851589247584343,0.9853383302688599
TEST_12665,0.009267072193324566,0.9187149405479431
TEST_12666,0.4817960560321808,0.8514120578765869
TEST_12667,0.023723114281892776,0.9437307119369507
TEST_12668,0.0011497155064716935,0.9998291730880737
TEST_12669,0.0020379102788865566,0.9929384589195251
TEST_12670,0.0052824439480900764,0.9971352815628052
TEST_12671,0.014434841461479664,0.9994086027145386
TEST_12672,7.083042874000967e-05,0.9998762607574463
TEST_12673,0.7375556230545044,0.5885312557220459
TEST_12674,0.16907818615436554,0.8928184509277344
TEST_12675,0.015199280343949795,0.9876074194908142
TEST_12676,0.005653535481542349,0.9378880858421326
TEST_12677,0.9585650563240051,0.7129033207893372
TEST_12678,0.32072779536247253,0.9089337587356567
TEST_12679,0.03807191550731659,0.9549137353897095
TEST_12680,0.004230740014463663,0.9958168864250183
TEST_12681,0.6131387948989868,0.02146565169095993
TEST_12682,0.416165828704834,0.9276539087295532
TEST_12683,0.05189494788646698,0.8990943431854248
TEST_12684,0.17313438653945923,0.9930907487869263
TEST_12685,0.9668193459510803,0.08157207816839218
TEST_12686,0.000570216216146946,0.9999631643295288
TEST_12687,0.000716782349627465,0.9970636963844299
TEST_12688,0.5168329477310181,0.9169822931289673
TEST_12689,0.0032859970815479755,0.9963665008544922
TEST_12690,0.02631544880568981,0.9939507246017456
TEST_12691,0.0009916244307532907,0.9988762736320496
TEST_12692,0.00481777498498559,0.9916069507598877
TEST_12693,0.02117563784122467,0.9252360463142395
TEST_12694,0.0002449237508699298,0.9944595098495483
TEST_12695,0.04791814461350441,0.8600682616233826
TEST_12696,0.009087733924388885,0.9191578030586243
TEST_12697,0.017718296498060226,0.851206362247467
TEST_12698,0.003024081699550152,0.998298704624176
TEST_12699,0.2763373851776123,0.9574896693229675
TEST_12700,0.036455053836107254,0.9176235198974609
TEST_12701,0.001335421809926629,0.9968230724334717
TEST_12702,0.3302997946739197,0.9452250599861145
TEST_12703,0.007600238546729088,0.9909504055976868
TEST_12704,0.013173667713999748,0.9280726313591003
TEST_12705,0.26922571659088135,0.9929894208908081
TEST_12706,0.05489685386419296,0.9838322401046753
TEST_12707,0.0021258066408336163,0.9961101412773132
TEST_12708,0.020017312839627266,0.9879621863365173
TEST_12709,0.11903730034828186,0.9036956429481506
TEST_12710,0.0006486869533546269,0.9979928731918335
TEST_12711,0.09182668477296829,0.9879776239395142
TEST_12712,0.0014822121011093259,0.9485336542129517
TEST_12713,0.038795724511146545,0.9747718572616577
TEST_12714,0.0021198338363319635,0.9858303666114807
TEST_12715,0.03579811006784439,0.9825853109359741
TEST_12716,0.039781760424375534,0.9708343744277954
TEST_12717,0.006162727251648903,0.963557779788971
TEST_12718,0.06392844021320343,0.9664831757545471
TEST_12719,0.0030506078619509935,0.9805067777633667
TEST_12720,0.007571125868707895,0.9609555006027222
TEST_12721,0.9996838569641113,0.006795571185648441
TEST_12722,0.009687649086117744,0.9985951781272888
TEST_12723,0.011339705437421799,0.9922730326652527
TEST_12724,0.2027587741613388,0.9379758834838867
TEST_12725,0.0006676223711110651,0.997269332408905
TEST_12726,0.07695924490690231,0.8002004623413086
TEST_12727,0.0012156228767707944,0.9985295534133911
TEST_12728,0.006823412142693996,0.9994838237762451
TEST_12729,0.018862970173358917,0.6241175532341003
TEST_12730,0.018503796309232712,0.9954257607460022
TEST_12731,0.11294890940189362,0.7734013199806213
TEST_12732,0.00217373832128942,0.9987413287162781
TEST_12733,0.013208538293838501,0.9705317616462708
TEST_12734,0.0015105882193893194,0.9995481371879578
TEST_12735,0.13824190199375153,0.9339544773101807
TEST_12736,0.012041276320815086,0.9938532114028931
TEST_12737,0.025713380426168442,0.9949226975440979
TEST_12738,0.02308587171137333,0.9930752515792847
TEST_12739,0.0014024496776983142,0.9998468160629272
TEST_12740,0.007970578968524933,0.9605005979537964
TEST_12741,0.002276771469041705,0.9878971576690674
TEST_12742,0.07013999670743942,0.9750311374664307
TEST_12743,0.36325016617774963,0.6683701276779175
TEST_12744,0.0009346784208901227,0.9969568252563477
TEST_12745,0.021018678322434425,0.9880585074424744
TEST_12746,0.0014250034000724554,0.9994811415672302
TEST_12747,0.034138862043619156,0.9933400750160217
TEST_12748,0.02053740620613098,0.10192251950502396
TEST_12749,0.04850491136312485,0.9833653569221497
TEST_12750,0.07111018151044846,0.9921894073486328
TEST_12751,0.034353312104940414,0.8927516937255859
TEST_12752,0.03194253146648407,0.9880942702293396
TEST_12753,0.003569809952750802,0.9630981683731079
TEST_12754,0.0019024197245016694,0.9629710912704468
TEST_12755,0.18674130737781525,0.9729509353637695
TEST_12756,0.020321205258369446,0.9907495379447937
TEST_12757,0.9650607109069824,0.6690276861190796
TEST_12758,0.0027188006788492203,0.9862366914749146
TEST_12759,0.05937757343053818,0.9860724210739136
TEST_12760,0.08755986392498016,0.9919113516807556
TEST_12761,0.011546012945473194,0.9897850155830383
TEST_12762,0.9756808280944824,0.5206248760223389
TEST_12763,0.8880757093429565,0.8200774192810059
TEST_12764,0.0012814953224733472,0.9961618185043335
TEST_12765,0.008212748914957047,0.9898660778999329
TEST_12766,0.032831184566020966,0.8472779989242554
TEST_12767,0.0004450361884664744,0.9992079138755798
TEST_12768,0.039630692452192307,0.9478449821472168
TEST_12769,0.15187473595142365,0.9953970313072205
TEST_12770,0.03990650177001953,0.965809166431427
TEST_12771,0.015797121450304985,0.9096013903617859
TEST_12772,0.028056122362613678,0.9968835711479187
TEST_12773,0.22609515488147736,0.6908608078956604
TEST_12774,0.044492457062006,0.9962834715843201
TEST_12775,0.015318432822823524,0.9971876740455627
TEST_12776,0.0005234942073002458,0.999771773815155
TEST_12777,0.0007255504024215043,0.9980996251106262
TEST_12778,0.04140974208712578,0.9293642640113831
TEST_12779,0.037202466279268265,0.9654252529144287
TEST_12780,0.02908831648528576,0.9976015686988831
TEST_12781,0.04829892888665199,0.9489989876747131
TEST_12782,0.007526938337832689,0.9854409098625183
TEST_12783,0.9668861031532288,0.8736843466758728
TEST_12784,0.00156981882173568,0.987920880317688
TEST_12785,0.3173289895057678,0.9803658127784729
TEST_12786,0.0005811318405903876,0.9999103546142578
TEST_12787,0.008050551638007164,0.9839233756065369
TEST_12788,0.010576849803328514,0.9518959522247314
TEST_12789,0.001300383941270411,0.9952150583267212
TEST_12790,0.30152615904808044,0.6802075505256653
TEST_12791,0.015168598853051662,0.9910069108009338
TEST_12792,0.00609727343544364,0.9934226870536804
TEST_12793,0.3614872992038727,0.9845882058143616
TEST_12794,0.0005488549941219389,0.9998700618743896
TEST_12795,0.027841312810778618,0.9678168892860413
TEST_12796,0.026875771582126617,0.7691861987113953
TEST_12797,0.01249960158020258,0.9226551651954651
TEST_12798,0.946871280670166,0.00908831786364317
TEST_12799,0.008403860963881016,0.8940422534942627
TEST_12800,0.012752263806760311,0.9976891279220581
TEST_12801,0.0009079324081540108,0.9996985197067261
TEST_12802,0.003555361181497574,0.9956978559494019
TEST_12803,0.6871446371078491,0.9509065747261047
TEST_12804,0.641705334186554,0.9940839409828186
TEST_12805,0.925995409488678,0.9884073138237
TEST_12806,0.006493764463812113,0.9992755055427551
TEST_12807,0.0253132414072752,0.9985077977180481
TEST_12808,0.009562090039253235,0.9834717512130737
TEST_12809,0.032607607543468475,0.9810856580734253
TEST_12810,0.0015052503440529108,0.9975730776786804
TEST_12811,0.012026185169816017,0.9939761161804199
TEST_12812,0.0010671629570424557,0.9974057078361511
TEST_12813,0.04546474292874336,0.42872411012649536
TEST_12814,0.012760238721966743,0.9950646758079529
TEST_12815,0.735964298248291,0.93938148021698
TEST_12816,0.024432357400655746,0.9999551773071289
TEST_12817,0.0019372255774214864,0.9964386224746704
TEST_12818,0.0064834486693143845,0.996209979057312
TEST_12819,0.0004003127396572381,0.9999920129776001
TEST_12820,0.0011082697892561555,0.9998317956924438
TEST_12821,0.012113143689930439,0.994971513748169
TEST_12822,0.005809217691421509,0.9999586343765259
TEST_12823,0.002650126349180937,0.9949064254760742
TEST_12824,0.010128910653293133,0.9972221851348877
TEST_12825,0.5249559879302979,0.516577422618866
TEST_12826,0.0026853838935494423,0.9966716766357422
TEST_12827,0.0009988615056499839,0.9894288182258606
TEST_12828,0.0025781032163649797,0.958051860332489
TEST_12829,0.010068182833492756,0.979273796081543
TEST_12830,0.002837498439475894,0.999966025352478
TEST_12831,0.005155253689736128,0.9671605229377747
TEST_12832,0.0014680688036605716,0.9937587976455688
TEST_12833,0.001410915283486247,0.9994187355041504
TEST_12834,0.007595586124807596,0.9986501336097717
TEST_12835,0.06125248968601227,0.8791243433952332
TEST_12836,0.02398991584777832,0.9929165840148926
TEST_12837,0.17032967507839203,0.8456065654754639
TEST_12838,0.00730881979689002,0.8717156052589417
TEST_12839,0.01303116325289011,0.989488422870636
TEST_12840,0.3751906454563141,0.9945078492164612
TEST_12841,0.01662616990506649,0.9621726274490356
TEST_12842,0.7840062975883484,0.7188608646392822
TEST_12843,0.03136088326573372,0.9260351657867432
TEST_12844,0.9419840574264526,0.8913471698760986
TEST_12845,0.03733765706419945,0.9509650468826294
TEST_12846,0.003506246255710721,0.9909157156944275
TEST_12847,0.0023605015594512224,0.9780884385108948
TEST_12848,0.004187408834695816,0.9870054721832275
TEST_12849,0.007306577172130346,0.9324625134468079
TEST_12850,0.9997518658638,0.005543228704482317
TEST_12851,0.0031935330480337143,0.9993700385093689
TEST_12852,0.0008119011181406677,0.9977949857711792
TEST_12853,0.022038595750927925,0.990288257598877
TEST_12854,0.0013059094781056046,0.9996374845504761
TEST_12855,0.003630019724369049,0.9838359355926514
TEST_12856,0.006440655793994665,0.9953886270523071
TEST_12857,0.011420163325965405,0.9965998530387878
TEST_12858,0.007263799197971821,0.9918990135192871
TEST_12859,0.4501745402812958,0.9853606820106506
TEST_12860,0.008599556051194668,0.885624349117279
TEST_12861,0.0007248381734825671,0.9862918853759766
TEST_12862,0.9977377653121948,0.001160933286882937
TEST_12863,0.0036764421965926886,0.9893997311592102
TEST_12864,0.0011467525037005544,0.999906063079834
TEST_12865,0.07006070762872696,0.9290259480476379
TEST_12866,0.07554788142442703,0.9570903778076172
TEST_12867,0.006710102315992117,0.8385133147239685
TEST_12868,0.01994522288441658,0.9787110686302185
TEST_12869,0.036725398153066635,0.9952242374420166
TEST_12870,0.0438559427857399,0.9408374428749084
TEST_12871,0.053544916212558746,0.8765321969985962
TEST_12872,0.0021834319923073053,0.9971628785133362
TEST_12873,0.030837344005703926,0.999072790145874
TEST_12874,0.9061967730522156,0.8680624961853027
TEST_12875,0.22845204174518585,0.8309904336929321
TEST_12876,0.19807672500610352,0.8505438566207886
TEST_12877,0.01430207397788763,0.997148334980011
TEST_12878,0.14332839846611023,0.9530965685844421
TEST_12879,0.007772496901452541,0.9969272017478943
TEST_12880,0.0013083677040413022,0.9334215521812439
TEST_12881,0.010753686539828777,0.9995751976966858
TEST_12882,0.00034172559389844537,0.9996334314346313
TEST_12883,0.002836021361872554,0.9915521144866943
TEST_12884,0.0024924397002905607,0.997223973274231
TEST_12885,0.0007356516434811056,0.9994491934776306
TEST_12886,0.016137193888425827,0.9759846925735474
TEST_12887,4.48127138952259e-05,0.9990488886833191
TEST_12888,0.009729546494781971,0.9992884397506714
TEST_12889,0.02961006760597229,0.9229781627655029
TEST_12890,0.0006806853343732655,0.9945011138916016
TEST_12891,0.0013066896935924888,0.9985364675521851
TEST_12892,0.032769422978162766,0.9153160452842712
TEST_12893,0.004157286137342453,0.977953314781189
TEST_12894,0.0171001385897398,0.9025428891181946
TEST_12895,9.984849020838737e-05,0.9955217838287354
TEST_12896,0.04165253788232803,0.9620211720466614
TEST_12897,0.003558509750291705,0.9979040622711182
TEST_12898,0.04515974223613739,0.9561952352523804
TEST_12899,0.0350092276930809,0.9313112497329712
TEST_12900,0.0011870050802826881,0.999911904335022
TEST_12901,0.012723084539175034,0.9988622665405273
TEST_12902,0.08709284663200378,0.9335694909095764
TEST_12903,0.011195726692676544,0.9612987041473389
TEST_12904,0.02910788729786873,0.9970704317092896
TEST_12905,0.27365389466285706,0.9965100884437561
TEST_12906,0.011048882268369198,0.999097466468811
TEST_12907,0.45082786679267883,0.5932468771934509
TEST_12908,0.014885135926306248,0.9967520236968994
TEST_12909,0.03282463923096657,0.9294021129608154
TEST_12910,0.05518229305744171,0.6903755068778992
TEST_12911,0.4205887019634247,0.9977989792823792
TEST_12912,0.0015427155885845423,0.9618276953697205
TEST_12913,0.9989033937454224,0.3992671072483063
TEST_12914,0.006359290797263384,0.9964243769645691
TEST_12915,0.016058798879384995,0.999537467956543
TEST_12916,0.08401455730199814,0.8792468905448914
TEST_12917,0.21556463837623596,0.9832249879837036
TEST_12918,0.02632584236562252,0.9976951479911804
TEST_12919,0.004013856407254934,0.9937849044799805
TEST_12920,0.032582566142082214,0.9965506792068481
TEST_12921,0.013341852463781834,0.9398426413536072
TEST_12922,0.06100328266620636,0.979154109954834
TEST_12923,0.999510645866394,0.8494278788566589
TEST_12924,0.015377126634120941,0.926263153553009
TEST_12925,0.015164703130722046,0.9583007097244263
TEST_12926,0.02140108123421669,0.9990785121917725
TEST_12927,0.1882925033569336,0.7212172150611877
TEST_12928,0.029008319601416588,0.9194971323013306
TEST_12929,0.20154085755348206,0.8683443665504456
TEST_12930,0.0026972638443112373,0.992523729801178
TEST_12931,0.0027734346222132444,0.9987651109695435
TEST_12932,0.0074664996936917305,0.9980783462524414
TEST_12933,0.0019342040177434683,0.9992940425872803
TEST_12934,0.003832247108221054,0.9882657527923584
TEST_12935,0.00032207489130087197,0.9991686344146729
TEST_12936,0.005883056204766035,0.993382453918457
TEST_12937,0.01966959610581398,0.9935604333877563
TEST_12938,0.0014829646097496152,0.9884979128837585
TEST_12939,0.20525090396404266,0.711925208568573
TEST_12940,0.00033718592021614313,0.9995991587638855
TEST_12941,0.007830196991562843,0.9677414894104004
TEST_12942,0.04174645617604256,0.8766726851463318
TEST_12943,0.0007061720243655145,0.9999692440032959
TEST_12944,0.009551912546157837,0.9524484872817993
TEST_12945,0.03184404969215393,0.9459157586097717
TEST_12946,0.014878983609378338,0.9919260144233704
TEST_12947,0.05309399962425232,0.8748983144760132
TEST_12948,0.02956676296889782,0.9959208965301514
TEST_12949,0.02002117782831192,0.9945923686027527
TEST_12950,0.028723975643515587,0.9786556959152222
TEST_12951,0.01371015328913927,0.998625636100769
TEST_12952,0.01094892993569374,0.9638803005218506
TEST_12953,0.04760166257619858,0.9967430233955383
TEST_12954,0.00321931391954422,0.9163317680358887
TEST_12955,0.062016215175390244,0.9998461008071899
TEST_12956,0.18783879280090332,0.5856252312660217
TEST_12957,0.01218565832823515,0.9529009461402893
TEST_12958,0.16996893286705017,0.8698362708091736
TEST_12959,0.0004215566150378436,0.9996843338012695
TEST_12960,0.12324420362710953,0.3946933150291443
TEST_12961,0.007734842598438263,0.9984341263771057
TEST_12962,0.6531752347946167,0.9565361738204956
TEST_12963,0.02157306671142578,0.9466542601585388
TEST_12964,0.11376595497131348,0.9423408508300781
TEST_12965,0.23069033026695251,0.6375738382339478
TEST_12966,0.5628734827041626,0.49466103315353394
TEST_12967,0.1572241634130478,0.2273726463317871
TEST_12968,0.03977629914879799,0.9861067533493042
TEST_12969,0.00221654144115746,0.9976275563240051
TEST_12970,0.000844016030896455,0.9955058097839355
TEST_12971,0.12227776646614075,0.977411150932312
TEST_12972,0.0856662392616272,0.7064865231513977
TEST_12973,0.003577763680368662,0.9951156377792358
TEST_12974,0.036307718604803085,0.9966281056404114
TEST_12975,0.00025476363953202963,0.9997802376747131
TEST_12976,0.05907270684838295,0.42664122581481934
TEST_12977,0.48098304867744446,0.97276771068573
TEST_12978,0.019222168251872063,0.9693416357040405
TEST_12979,0.08282049745321274,0.8505247831344604
TEST_12980,0.3046269118785858,0.35411518812179565
TEST_12981,0.03484275937080383,0.9541941285133362
TEST_12982,0.04935942217707634,0.9534170031547546
TEST_12983,0.06898515671491623,0.6139551401138306
TEST_12984,0.030118117108941078,0.9967513084411621
TEST_12985,0.005833195522427559,0.9915391802787781
TEST_12986,0.002152851549908519,0.9890994429588318
TEST_12987,0.002674882998690009,0.9977523684501648
TEST_12988,0.009032310917973518,0.9323577284812927
TEST_12989,0.019517820328474045,0.8520753979682922
TEST_12990,0.008056128397583961,0.9963650703430176
TEST_12991,0.0014745135558769107,0.998275876045227
TEST_12992,0.005551041103899479,0.9872457981109619
TEST_12993,0.001523369224742055,0.9993021488189697
TEST_12994,5.310479537001811e-05,0.9969737529754639
TEST_12995,0.004742810968309641,0.9947040677070618
TEST_12996,0.1535733938217163,0.06572765111923218
TEST_12997,0.02878822572529316,0.9953931570053101
TEST_12998,0.0015920419245958328,0.9940767288208008
TEST_12999,0.019919205456972122,0.9616489410400391
TEST_13000,0.00036318216007202864,0.9984799027442932
TEST_13001,0.024855542927980423,0.9649633765220642
TEST_13002,0.005744273774325848,0.9352943301200867
TEST_13003,0.029070226475596428,0.957865834236145
TEST_13004,0.008716548793017864,0.9956527948379517
TEST_13005,0.00512590492144227,0.9940658807754517
TEST_13006,0.002933965530246496,0.9852564930915833
TEST_13007,0.002050005132332444,0.9587603211402893
TEST_13008,0.009104318916797638,0.9775634407997131
TEST_13009,0.009644380770623684,0.9998241066932678
TEST_13010,0.012384169735014439,0.9587118625640869
TEST_13011,0.0025170829612761736,0.9900283217430115
TEST_13012,0.0051773348823189735,0.9927269220352173
TEST_13013,0.0025292206555604935,0.9899333119392395
TEST_13014,0.016351498663425446,0.8691375255584717
TEST_13015,0.005590948276221752,0.992003321647644
TEST_13016,0.04879497364163399,0.971980631351471
TEST_13017,0.010877653025090694,0.2669752538204193
TEST_13018,0.0063403877429664135,0.9991450309753418
TEST_13019,0.09370217472314835,0.9944304823875427
TEST_13020,0.0009052425739355385,0.9967296123504639
TEST_13021,0.711753785610199,0.004838266409933567
TEST_13022,0.05703117698431015,0.8633714914321899
TEST_13023,0.011550269089639187,0.9870118498802185
TEST_13024,0.029683828353881836,0.9898968935012817
TEST_13025,0.013605756685137749,0.957788348197937
TEST_13026,3.35113873006776e-05,0.9999974966049194
TEST_13027,0.04513716325163841,0.8604454398155212
TEST_13028,0.002149951411411166,0.9992941617965698
TEST_13029,0.999357283115387,0.0020278908777981997
TEST_13030,0.016388097777962685,0.9960559606552124
TEST_13031,0.015400737524032593,0.9978829026222229
TEST_13032,0.008430996909737587,0.9993019104003906
TEST_13033,0.0012107129441574216,0.9997993111610413
TEST_13034,0.036655623465776443,0.9258576035499573
TEST_13035,0.10534781217575073,0.9156976342201233
TEST_13036,0.08446180075407028,0.2011692225933075
TEST_13037,0.9998916387557983,0.0001279762072954327
TEST_13038,0.26099613308906555,0.11738792806863785
TEST_13039,0.0004674717492889613,0.9996522665023804
TEST_13040,0.4725818336009979,0.9664071202278137
TEST_13041,0.0025377338752150536,0.994729220867157
TEST_13042,0.005102765746414661,0.9939256310462952
TEST_13043,0.11070810258388519,0.4181617796421051
TEST_13044,0.2394176423549652,0.878424882888794
TEST_13045,0.02337384596467018,0.9275982975959778
TEST_13046,0.9964052438735962,0.00018799054669216275
TEST_13047,0.003633522428572178,0.9762176275253296
TEST_13048,0.004008064046502113,0.9824274182319641
TEST_13049,0.029822684824466705,0.9247350096702576
TEST_13050,0.0023124313447624445,0.9965178966522217
TEST_13051,0.9999842643737793,0.005879332311451435
TEST_13052,0.008533289656043053,0.9884008169174194
TEST_13053,0.03221019729971886,0.998737633228302
TEST_13054,0.000961439625825733,0.9950153231620789
TEST_13055,0.004816924221813679,0.8555472493171692
TEST_13056,0.0005944116273894906,0.9962608218193054
TEST_13057,0.0035253274254500866,0.9964981079101562
TEST_13058,0.0007451458368450403,0.9999946355819702
TEST_13059,0.016901984810829163,0.9094521999359131
TEST_13060,0.011453885585069656,0.9995429515838623
TEST_13061,0.0016707534668967128,0.9996645450592041
TEST_13062,0.05429022014141083,0.9068207740783691
TEST_13063,0.07198213785886765,0.9241474866867065
TEST_13064,0.009493901394307613,0.9962185025215149
TEST_13065,0.0014855036279186606,0.9847106337547302
TEST_13066,0.010806488804519176,0.9335219860076904
TEST_13067,0.04307280108332634,0.8873599171638489
TEST_13068,0.01184526551514864,0.9710023999214172
TEST_13069,0.02864418923854828,0.9509909152984619
TEST_13070,0.021523095667362213,0.9310530424118042
TEST_13071,0.9993816614151001,0.8055787682533264
TEST_13072,0.0019150139996781945,0.9962385892868042
TEST_13073,0.005108598154038191,0.9927998781204224
TEST_13074,0.009041868150234222,0.973666250705719
TEST_13075,0.12594285607337952,0.9578545689582825
TEST_13076,0.011122128926217556,0.974597692489624
TEST_13077,0.03618656471371651,0.9949672818183899
TEST_13078,0.15442124009132385,0.5874443054199219
TEST_13079,0.006764744408428669,0.9914270639419556
TEST_13080,0.014108750969171524,0.8868854641914368
TEST_13081,0.02570951357483864,0.9681264758110046
TEST_13082,0.01269807294011116,0.7795248031616211
TEST_13083,0.02412421442568302,0.9116964936256409
TEST_13084,0.024242935702204704,0.9601716995239258
TEST_13085,0.004680335987359285,0.9993705153465271
TEST_13086,0.008909197524189949,0.9851723909378052
TEST_13087,0.0004922735970467329,0.9998984336853027
TEST_13088,0.0019681239500641823,0.999115526676178
TEST_13089,0.036966051906347275,0.8810965418815613
TEST_13090,0.0010455806041136384,0.9989627599716187
TEST_13091,0.057688694447278976,0.9739504456520081
TEST_13092,0.0016160875093191862,0.9999755620956421
TEST_13093,0.013562391512095928,0.9342524409294128
TEST_13094,0.016190320253372192,0.9906212091445923
TEST_13095,0.01679639145731926,0.9838352203369141
TEST_13096,0.0007602123077958822,0.9917113780975342
TEST_13097,0.003242678940296173,0.998765230178833
TEST_13098,0.0012880340218544006,0.9953307509422302
TEST_13099,0.006608161143958569,0.9984220266342163
TEST_13100,0.019540144130587578,0.9582039713859558
TEST_13101,0.004735274706035852,0.9937479496002197
TEST_13102,0.1700974553823471,0.17865049839019775
TEST_13103,0.02678065560758114,0.8986669182777405
TEST_13104,0.283877432346344,0.899186909198761
TEST_13105,0.0013070281129330397,0.9954103827476501
TEST_13106,0.007167805917561054,0.9932652711868286
TEST_13107,0.051993757486343384,0.9921755194664001
TEST_13108,0.09028486907482147,0.8307237029075623
TEST_13109,0.003371929982677102,0.9999712705612183
TEST_13110,0.016464360058307648,0.9936415553092957
TEST_13111,0.018156008794903755,0.9530143737792969
TEST_13112,0.18495182693004608,0.9894059300422668
TEST_13113,0.004932447336614132,0.9979021549224854
TEST_13114,0.013394858688116074,0.9149043560028076
TEST_13115,0.05441876873373985,0.996061384677887
TEST_13116,0.03955003619194031,0.993063747882843
TEST_13117,0.0044088405556976795,0.9972013235092163
TEST_13118,0.026139207184314728,0.9863547682762146
TEST_13119,0.0014197409618645906,0.9951969981193542
TEST_13120,0.02190372161567211,0.9780244827270508
TEST_13121,0.0018058684654533863,0.9873878359794617
TEST_13122,0.8645617961883545,0.507137656211853
TEST_13123,0.005470423959195614,0.9618642926216125
TEST_13124,0.11512994021177292,0.9399450421333313
TEST_13125,0.0010381645988672972,0.9964003562927246
TEST_13126,0.0868157297372818,0.925929069519043
TEST_13127,0.8632110357284546,0.9032391905784607
TEST_13128,0.0012017481494694948,0.9583730697631836
TEST_13129,0.05257195234298706,0.990571141242981
TEST_13130,0.0072231595404446125,0.7042044997215271
TEST_13131,0.04497068002820015,0.9957824945449829
TEST_13132,0.0015851401258260012,0.9998544454574585
TEST_13133,0.015105643309652805,0.8517491221427917
TEST_13134,0.0018871399806812406,0.9962634444236755
TEST_13135,0.004398375283926725,0.9998181462287903
TEST_13136,0.08525645732879639,0.24961073696613312
TEST_13137,0.10569261759519577,0.9983616471290588
TEST_13138,0.02904469519853592,0.9958698153495789
TEST_13139,0.0019658314995467663,0.9620928764343262
TEST_13140,0.026696685701608658,0.971416175365448
TEST_13141,0.007081449031829834,0.8436263799667358
TEST_13142,0.7968952059745789,0.5917119383811951
TEST_13143,0.13645616173744202,0.9022115468978882
TEST_13144,0.041879791766405106,0.9840302467346191
TEST_13145,0.5391824245452881,0.989589512348175
TEST_13146,0.007673514075577259,0.9961579442024231
TEST_13147,0.002243159106001258,0.9969620108604431
TEST_13148,0.0009025507606565952,0.9993070363998413
TEST_13149,0.0009912466630339622,0.99832683801651
TEST_13150,0.0017254475969821215,0.9874956607818604
TEST_13151,0.007655543740838766,0.9687371850013733
TEST_13152,0.05610504373908043,0.9942293167114258
TEST_13153,0.003426710609346628,0.9067556858062744
TEST_13154,0.7669761180877686,0.8859670758247375
TEST_13155,0.0005144957103766501,0.9879062175750732
TEST_13156,0.5519657731056213,0.7070763111114502
TEST_13157,0.05172024667263031,0.8595278263092041
TEST_13158,0.016073843464255333,0.8714293241500854
TEST_13159,0.045417219400405884,0.9867310523986816
TEST_13160,0.27640220522880554,0.8176079988479614
TEST_13161,0.08240200579166412,0.987385630607605
TEST_13162,0.013306478038430214,0.997877836227417
TEST_13163,0.01930033601820469,0.9580745100975037
TEST_13164,0.053606946021318436,0.9582014083862305
TEST_13165,0.045609001070261,0.9965715408325195
TEST_13166,0.0017812881851568818,0.965132474899292
TEST_13167,0.002084883628413081,0.9999973773956299
TEST_13168,0.002005486050620675,0.9501288533210754
TEST_13169,0.01858375407755375,0.9048985838890076
TEST_13170,0.08257531374692917,0.9175178408622742
TEST_13171,0.12810741364955902,0.9535616040229797
TEST_13172,0.05292107164859772,0.8338904976844788
TEST_13173,0.03040122240781784,0.745900571346283
TEST_13174,0.008122437633574009,0.9997346997261047
TEST_13175,0.0013153483159840107,0.9663360714912415
TEST_13176,0.0008124255109578371,0.9999982118606567
TEST_13177,0.0007362141623161733,0.9993603825569153
TEST_13178,0.008275596424937248,0.9937261939048767
TEST_13179,0.037381310015916824,0.9946432113647461
TEST_13180,0.0022540229838341475,0.9897017478942871
TEST_13181,0.0004993127658963203,0.999962329864502
TEST_13182,0.5805953741073608,0.9801479578018188
TEST_13183,0.0007442469359375536,0.9972690939903259
TEST_13184,0.029847068712115288,0.9877112507820129
TEST_13185,0.04631432518362999,0.9623673558235168
TEST_13186,0.0021293172612786293,0.9977869987487793
TEST_13187,0.0094764344394207,0.9902800917625427
TEST_13188,0.014206710271537304,0.9986386895179749
TEST_13189,0.003226775676012039,0.9746863842010498
TEST_13190,0.0035725589841604233,0.9950439929962158
TEST_13191,0.02605135552585125,0.969635546207428
TEST_13192,0.02037234604358673,0.8088226914405823
TEST_13193,0.6281636357307434,0.3799670338630676
TEST_13194,0.0002540943678468466,0.9995337724685669
TEST_13195,0.008355260826647282,0.9768020510673523
TEST_13196,0.04122449457645416,0.9642035961151123
TEST_13197,0.059414494782686234,0.845942497253418
TEST_13198,0.019047852605581284,0.8842744827270508
TEST_13199,0.2330838143825531,0.9534572958946228
TEST_13200,0.005228332709521055,0.9533397555351257
TEST_13201,0.006288981530815363,0.976093053817749
TEST_13202,0.041183777153491974,0.9906013011932373
TEST_13203,0.22556211054325104,0.8979594707489014
TEST_13204,0.5203842520713806,0.3391531705856323
TEST_13205,0.06285953521728516,0.9803019165992737
TEST_13206,0.024824421852827072,0.989963710308075
TEST_13207,0.00970513466745615,0.9908598065376282
TEST_13208,0.005413173232227564,0.9625211954116821
TEST_13209,0.9040956497192383,0.5974494814872742
TEST_13210,0.0021840950939804316,0.9712256193161011
TEST_13211,0.04222116619348526,0.9945490956306458
TEST_13212,0.044783443212509155,0.890028178691864
TEST_13213,0.0021042958833277225,0.9966586828231812
TEST_13214,0.14538075029850006,0.9659752249717712
TEST_13215,0.025429613888263702,0.9889633655548096
TEST_13216,0.013250013813376427,0.996098518371582
TEST_13217,0.002735592657700181,0.9939731955528259
TEST_13218,0.812651515007019,0.8655468225479126
TEST_13219,0.04619578644633293,0.8827306628227234
TEST_13220,0.14632731676101685,0.9581673741340637
TEST_13221,0.017875848338007927,0.8867051005363464
TEST_13222,7.001021629093884e-08,0.9997096657752991
TEST_13223,0.13752424716949463,0.45930424332618713
TEST_13224,0.09427742660045624,0.8693603873252869
TEST_13225,0.010500742122530937,0.9986959099769592
TEST_13226,0.02197917364537716,0.9821131825447083
TEST_13227,0.02527753636240959,0.9164864420890808
TEST_13228,0.043371859937906265,0.9853686690330505
TEST_13229,0.012182082049548626,0.9559413194656372
TEST_13230,0.0024179124739021063,0.9792231321334839
TEST_13231,0.007543888408690691,0.9710729718208313
TEST_13232,0.002968629589304328,0.9935113787651062
TEST_13233,0.09203708916902542,0.8314973711967468
TEST_13234,0.9656904339790344,0.5923109650611877
TEST_13235,0.0027550284285098314,0.9203512668609619
TEST_13236,0.040680158883333206,0.8765019774436951
TEST_13237,0.1755952090024948,0.967776894569397
TEST_13238,0.0033831815235316753,0.9908381104469299
TEST_13239,0.02868291735649109,0.8891241550445557
TEST_13240,0.01614784263074398,0.9864622950553894
TEST_13241,0.02515067532658577,0.9906798005104065
TEST_13242,0.007489826995879412,0.998808741569519
TEST_13243,0.022924724966287613,0.9050136804580688
TEST_13244,0.05210992321372032,0.9356858730316162
TEST_13245,0.022001411765813828,0.8531408309936523
TEST_13246,0.0022632223553955555,0.9977388381958008
TEST_13247,0.9999628067016602,1.76766462800515e-07
TEST_13248,0.07579702883958817,0.9943779110908508
TEST_13249,0.20732952654361725,0.9030946493148804
TEST_13250,0.0016536099137738347,0.9971688389778137
TEST_13251,0.0015709820436313748,0.9979701638221741
TEST_13252,0.000544777954928577,0.9936476349830627
TEST_13253,0.14595775306224823,0.6915948987007141
TEST_13254,0.0004443545185495168,0.9996336698532104
TEST_13255,0.008057077415287495,0.9864946603775024
TEST_13256,0.20716874301433563,0.0426536463201046
TEST_13257,0.0017991241766139865,0.9982272982597351
TEST_13258,0.03509041294455528,0.9583812952041626
TEST_13259,0.0001285389153053984,0.9999845027923584
TEST_13260,0.03688225895166397,0.9930698275566101
TEST_13261,0.012908384203910828,0.999241828918457
TEST_13262,0.6188949942588806,0.20842720568180084
TEST_13263,0.026477977633476257,0.847252607345581
TEST_13264,0.0021049659699201584,0.9928304553031921
TEST_13265,0.03709055110812187,0.8920911550521851
TEST_13266,0.007419353350996971,0.9794110059738159
TEST_13267,0.029937293380498886,0.9957350492477417
TEST_13268,0.001872583176009357,0.997379720211029
TEST_13269,0.002557033207267523,0.9953469634056091
TEST_13270,0.057459890842437744,0.9218841195106506
TEST_13271,0.0031726479064673185,0.9934191107749939
TEST_13272,0.05142709240317345,0.9677845239639282
TEST_13273,0.013899026438593864,0.9945864677429199
TEST_13274,0.008630581200122833,0.9820224046707153
TEST_13275,0.003492685966193676,0.955449104309082
TEST_13276,0.17662909626960754,0.5758529901504517
TEST_13277,0.21312931180000305,0.7275376319885254
TEST_13278,0.029940111562609673,0.9574553370475769
TEST_13279,0.0011257253354415298,0.9890024662017822
TEST_13280,0.02503722719848156,0.9824703335762024
TEST_13281,0.017976973205804825,0.9803780913352966
TEST_13282,0.3434561789035797,0.2380789816379547
TEST_13283,0.02739541418850422,0.9969381093978882
TEST_13284,0.0038092248141765594,0.9893510937690735
TEST_13285,0.005122778937220573,0.9935011267662048
TEST_13286,0.006750182714313269,0.9866260886192322
TEST_13287,0.02024069055914879,0.9851551651954651
TEST_13288,0.10815457254648209,0.989221453666687
TEST_13289,0.9954160451889038,0.8394483923912048
TEST_13290,0.01711989752948284,0.9992941617965698
TEST_13291,0.01092534139752388,0.9990507960319519
TEST_13292,0.021341871470212936,0.5841246247291565
TEST_13293,0.011933515779674053,0.9896454811096191
TEST_13294,0.028944196179509163,0.9565560221672058
TEST_13295,0.0008064958383329213,0.984001874923706
TEST_13296,0.0382646881043911,0.9770553112030029
TEST_13297,0.0016568956198170781,0.9913694262504578
TEST_13298,0.327079176902771,0.9882683157920837
TEST_13299,0.5614368915557861,0.2488211840391159
TEST_13300,0.014966553077101707,0.9988017082214355
TEST_13301,0.0023759808391332626,0.9801361560821533
TEST_13302,0.1030585914850235,0.976606011390686
TEST_13303,0.0007680126582272351,0.9990346431732178
TEST_13304,0.0028834089171141386,0.9958437085151672
TEST_13305,0.02286321483552456,0.9150455594062805
TEST_13306,0.018147587776184082,0.9926232099533081
TEST_13307,0.09356033802032471,0.9400002360343933
TEST_13308,0.0020287607330828905,0.9889489412307739
TEST_13309,0.0034222921822220087,0.9960458874702454
TEST_13310,0.03414000943303108,0.9668166637420654
TEST_13311,0.012072276324033737,0.9908251166343689
TEST_13312,0.0019647241570055485,0.9909997582435608
TEST_13313,0.01791931688785553,0.8255147933959961
TEST_13314,0.02270592376589775,0.9972589015960693
TEST_13315,0.00065772351808846,0.9701850414276123
TEST_13316,0.034249741584062576,0.7500028610229492
TEST_13317,0.004213398788124323,0.9962540864944458
TEST_13318,0.02527414634823799,0.9957315325737
TEST_13319,0.053876329213380814,0.9878119826316833
TEST_13320,0.01660373993217945,0.9669573307037354
TEST_13321,0.0009445295436307788,0.9996746778488159
TEST_13322,0.0016361045418307185,0.995814859867096
TEST_13323,0.5358158946037292,0.9381906986236572
TEST_13324,0.006699095014482737,0.9977546334266663
TEST_13325,0.006945064757019281,0.507125198841095
TEST_13326,0.31029966473579407,0.650516927242279
TEST_13327,0.00514583196491003,0.9997102618217468
TEST_13328,0.04135364666581154,0.9786226749420166
TEST_13329,0.011655285023152828,0.9861907958984375
TEST_13330,0.010198522359132767,0.9962716102600098
TEST_13331,0.010247774422168732,0.9896882176399231
TEST_13332,0.022499706596136093,0.9801383018493652
TEST_13333,0.6488758325576782,0.9795896410942078
TEST_13334,0.07268133014440536,0.9920251369476318
TEST_13335,0.010566754266619682,0.9886166453361511
TEST_13336,0.018233375623822212,0.9987887740135193
TEST_13337,0.002988796215504408,0.9974064230918884
TEST_13338,0.00941385142505169,0.9174558520317078
TEST_13339,0.002063459251075983,0.9992896318435669
TEST_13340,0.001448136754333973,0.999622106552124
TEST_13341,0.01492262352257967,0.8398013114929199
TEST_13342,0.03967960923910141,0.9039384722709656
TEST_13343,0.012017418630421162,0.9966272711753845
TEST_13344,0.00437911506742239,0.998892605304718
TEST_13345,0.0015408216277137399,0.9945618510246277
TEST_13346,0.017112717032432556,0.9818174242973328
TEST_13347,0.004525625146925449,0.9984744191169739
TEST_13348,0.047224994748830795,0.9870492815971375
TEST_13349,0.0025251773186028004,0.9959480166435242
TEST_13350,0.021388893947005272,0.9965086579322815
TEST_13351,0.005548496264964342,0.8594404458999634
TEST_13352,0.31107673048973083,0.9692137241363525
TEST_13353,0.0016211762558668852,0.9948071837425232
TEST_13354,0.00020464519911911339,0.9940958023071289
TEST_13355,0.05962624028325081,0.8956509828567505
TEST_13356,0.0045877862721681595,0.9954197406768799
TEST_13357,0.002117444761097431,0.9982166886329651
TEST_13358,0.017970753833651543,0.9901695847511292
TEST_13359,0.025447847321629524,0.9069798588752747
TEST_13360,0.0023392343427985907,0.9980258941650391
TEST_13361,0.01688571088016033,0.9922611117362976
TEST_13362,0.0155648747459054,0.8851119875907898
TEST_13363,0.08611205220222473,0.9953426122665405
TEST_13364,0.0015332638286054134,0.9991063475608826
TEST_13365,0.00818305928260088,0.9512433409690857
TEST_13366,0.032451823353767395,0.9532585144042969
TEST_13367,0.043346673250198364,0.9584596157073975
TEST_13368,0.003527205903083086,0.9996306896209717
TEST_13369,0.03643154725432396,0.925362765789032
TEST_13370,0.028610415756702423,0.3614979684352875
TEST_13371,0.01135603804141283,0.9647998809814453
TEST_13372,0.026151755824685097,0.9966174960136414
TEST_13373,0.0009502446046099067,0.9990720748901367
TEST_13374,0.0030471975915133953,0.9969571828842163
TEST_13375,0.34287622570991516,0.6794579029083252
TEST_13376,0.018417324870824814,0.9973151087760925
TEST_13377,0.05781378969550133,0.9500710964202881
TEST_13378,0.001536307972855866,0.9709821343421936
TEST_13379,0.0053797150030732155,0.9927729964256287
TEST_13380,0.012242895551025867,0.9993066787719727
TEST_13381,0.0016994073521345854,0.9924492835998535
TEST_13382,0.005936827044934034,0.9989307522773743
TEST_13383,0.017338180914521217,0.9958051443099976
TEST_13384,0.021177880465984344,0.997804582118988
TEST_13385,0.025458941236138344,0.8791893720626831
TEST_13386,0.04079972580075264,0.8561879992485046
TEST_13387,0.20768606662750244,0.8344423174858093
TEST_13388,0.0008520074770785868,0.9928690791130066
TEST_13389,0.015102550387382507,0.9892609119415283
TEST_13390,0.01680188998579979,0.9614070057868958
TEST_13391,0.011552190408110619,0.9938201308250427
TEST_13392,0.001762531348504126,0.9999063014984131
TEST_13393,0.0622902438044548,0.9512465596199036
TEST_13394,0.0211318451911211,0.9903507828712463
TEST_13395,0.011097799055278301,0.9645383358001709
TEST_13396,0.002606610767543316,0.999424934387207
TEST_13397,0.011616031639277935,0.9599636793136597
TEST_13398,0.04407481849193573,0.9141623377799988
TEST_13399,0.010875990614295006,0.9969049096107483
TEST_13400,0.007048807572573423,0.99748295545578
TEST_13401,0.11826729029417038,0.7053421139717102
TEST_13402,0.015045646578073502,0.9869384765625
TEST_13403,0.004838364664465189,0.9965845346450806
TEST_13404,0.05957391858100891,0.8936137557029724
TEST_13405,0.002636972349137068,0.9971688389778137
TEST_13406,0.0010998647194355726,0.9991282820701599
TEST_13407,0.8958001732826233,0.8275190591812134
TEST_13408,0.007300226949155331,0.9994093179702759
TEST_13409,0.0070067113265395164,0.9415230751037598
TEST_13410,0.14683903753757477,0.7889900803565979
TEST_13411,0.43933361768722534,0.9820324778556824
TEST_13412,0.39833226799964905,0.9679089188575745
TEST_13413,0.004705559462308884,0.9886808395385742
TEST_13414,0.013733597472310066,0.9946852922439575
TEST_13415,0.021689388900995255,0.995116114616394
TEST_13416,0.014911091886460781,0.993877112865448
TEST_13417,0.0018523555481806397,0.9965644478797913
TEST_13418,0.014413856901228428,0.9952174425125122
TEST_13419,0.0008250196697190404,0.9999043941497803
TEST_13420,0.08675658702850342,0.8371998071670532
TEST_13421,0.001037489390000701,0.9949859380722046
TEST_13422,0.0001600592804607004,0.9997867941856384
TEST_13423,0.025668708607554436,0.9594939351081848
TEST_13424,0.011335579678416252,0.9920274615287781
TEST_13425,0.0004956545308232307,0.9995027780532837
TEST_13426,0.18583951890468597,0.8195883631706238
TEST_13427,0.16917286813259125,0.9493653178215027
TEST_13428,0.016690056771039963,0.9632545113563538
TEST_13429,0.004343934822827578,0.9739596247673035
TEST_13430,0.07553450018167496,0.9967765212059021
TEST_13431,0.004555458202958107,0.9991987347602844
TEST_13432,0.2373976707458496,0.9895642995834351
TEST_13433,0.9997939467430115,0.0006634073215536773
TEST_13434,0.015241626650094986,0.9376735091209412
TEST_13435,0.01196069736033678,0.9955873489379883
TEST_13436,0.01128887664526701,0.9993225336074829
TEST_13437,0.9999550580978394,0.11432390660047531
TEST_13438,0.10325495898723602,0.990321934223175
TEST_13439,0.13198010623455048,0.3462643027305603
TEST_13440,0.31026491522789,0.9108042120933533
TEST_13441,0.033790890127420425,0.9222548604011536
TEST_13442,0.08169039338827133,0.9686799049377441
TEST_13443,0.27217745780944824,0.642722487449646
TEST_13444,0.13618023693561554,0.6181513667106628
TEST_13445,0.02847852185368538,0.9813116192817688
TEST_13446,1.236188495568058e-06,0.9998025298118591
TEST_13447,9.593585855327547e-05,0.9999728202819824
TEST_13448,0.01641477644443512,0.9879602193832397
TEST_13449,0.0013424225617200136,0.9993522763252258
TEST_13450,0.0055550383403897285,0.9914795160293579
TEST_13451,0.07921557128429413,0.9961947202682495
TEST_13452,0.002083374187350273,0.9986686706542969
TEST_13453,0.04523991048336029,0.8419325351715088
TEST_13454,0.0093148872256279,0.9995488524436951
TEST_13455,0.005204605869948864,0.9996659755706787
TEST_13456,0.016335276886820793,0.9199686646461487
TEST_13457,0.16626816987991333,0.984565019607544
TEST_13458,0.0002788385027088225,0.9998379945755005
TEST_13459,0.0016989187570288777,0.9971032738685608
TEST_13460,0.2686595320701599,0.9841653108596802
TEST_13461,0.04618070274591446,0.9076715707778931
TEST_13462,0.00443663913756609,0.9991902709007263
TEST_13463,0.00144269282463938,0.9982307553291321
TEST_13464,0.011337551288306713,0.5783032178878784
TEST_13465,0.005519545637071133,0.9416539072990417
TEST_13466,0.0014789446722716093,0.9861018657684326
TEST_13467,0.10430992394685745,0.8675698041915894
TEST_13468,0.03202301636338234,0.9321848154067993
TEST_13469,0.7391387224197388,0.8311094045639038
TEST_13470,0.02531701885163784,0.8194133639335632
TEST_13471,0.0012151384726166725,0.9989594221115112
TEST_13472,0.013410281389951706,0.9929647445678711
TEST_13473,0.020488228648900986,0.9973443150520325
TEST_13474,0.07477504014968872,0.9972636699676514
TEST_13475,0.22453971207141876,0.9589051008224487
TEST_13476,0.012411347590386868,0.9958980679512024
TEST_13477,0.0018572729313746095,0.9946394562721252
TEST_13478,0.016016360372304916,0.9751830101013184
TEST_13479,0.08515303581953049,0.9816374182701111
TEST_13480,0.004286638461053371,0.9829528331756592
TEST_13481,0.07202929258346558,0.9789614677429199
TEST_13482,0.009465913288295269,0.5698387026786804
TEST_13483,0.6294585466384888,0.8697188496589661
TEST_13484,0.01620512269437313,0.9443851709365845
TEST_13485,0.0017255026614293456,0.9852091670036316
TEST_13486,0.008711256086826324,0.9644700884819031
TEST_13487,0.3201092779636383,0.7050184011459351
TEST_13488,0.004865800496190786,0.9950961470603943
TEST_13489,0.0022645690478384495,0.9975782036781311
TEST_13490,0.00024034066882450134,0.9999942779541016
TEST_13491,0.004246056545525789,0.9647813439369202
TEST_13492,0.06583326309919357,0.9777061343193054
TEST_13493,0.007791064213961363,0.8878330588340759
TEST_13494,0.032601550221443176,0.9552913308143616
TEST_13495,0.007432230282574892,0.9917123317718506
TEST_13496,0.03547866269946098,0.8857890367507935
TEST_13497,0.000901725550647825,0.9976200461387634
TEST_13498,0.014889562502503395,0.9665455222129822
TEST_13499,0.6983941197395325,0.6392190456390381
TEST_13500,0.02089189924299717,0.9953737854957581
TEST_13501,0.02536056749522686,0.9152950644493103
TEST_13502,0.017046460881829262,0.9957801103591919
TEST_13503,0.00526268919929862,0.9991183876991272
TEST_13504,0.004967455752193928,0.9988961219787598
TEST_13505,0.0016695370431989431,0.9913020133972168
TEST_13506,0.017337482422590256,0.9861428141593933
TEST_13507,0.01661159098148346,0.9984914064407349
TEST_13508,0.039220549166202545,0.8522893190383911
TEST_13509,0.04185396805405617,0.9356881380081177
TEST_13510,0.09016238152980804,0.9655703902244568
TEST_13511,0.01379849761724472,0.8777757883071899
TEST_13512,0.025517143309116364,0.9796234965324402
TEST_13513,0.20908698439598083,0.01600913144648075
TEST_13514,0.0047464631497859955,0.987407922744751
TEST_13515,0.011959413066506386,0.9519239664077759
TEST_13516,0.0036597540602087975,0.9989633560180664
TEST_13517,0.12079503387212753,0.9849961996078491
TEST_13518,0.0055459183640778065,0.9975353479385376
TEST_13519,0.0317331962287426,0.5834659337997437
TEST_13520,0.022992709651589394,0.8835047483444214
TEST_13521,0.012955207377672195,0.9994106292724609
TEST_13522,0.30840927362442017,0.9936461448669434
TEST_13523,0.04686916247010231,0.9970314502716064
TEST_13524,0.9989362359046936,0.025090767070651054
TEST_13525,0.008085671812295914,0.97889244556427
TEST_13526,8.173127571353689e-05,0.9999983310699463
TEST_13527,0.007745984476059675,0.9998303651809692
TEST_13528,0.011124708689749241,0.99396812915802
TEST_13529,0.30263373255729675,0.665825605392456
TEST_13530,0.0063554830849170685,0.9959335923194885
TEST_13531,0.014324361458420753,0.9983602166175842
TEST_13532,0.00495017459616065,0.9989124536514282
TEST_13533,0.0302021112293005,0.9175243973731995
TEST_13534,0.022304683923721313,0.9635410904884338
TEST_13535,0.33791229128837585,0.9655234813690186
TEST_13536,0.001741405576467514,0.9991905093193054
TEST_13537,0.03378007188439369,0.8593712449073792
TEST_13538,0.0036580851301550865,0.9910750389099121
TEST_13539,0.051206037402153015,0.982349693775177
TEST_13540,0.6951538920402527,0.11711420863866806
TEST_13541,0.05586273968219757,0.8912707567214966
TEST_13542,0.00032958664814941585,0.9977937936782837
TEST_13543,0.0004724514437839389,0.9998052716255188
TEST_13544,0.05379601567983627,0.524577260017395
TEST_13545,0.0040099164471030235,0.9986734390258789
TEST_13546,0.00315270503051579,0.9899957180023193
TEST_13547,0.02027301676571369,0.9986128807067871
TEST_13548,0.004533838946372271,0.9686284065246582
TEST_13549,0.004936806857585907,0.9957318902015686
TEST_13550,0.008735262788832188,0.9909453392028809
TEST_13551,0.0018459046259522438,0.9993810653686523
TEST_13552,0.022128557786345482,0.4714539349079132
TEST_13553,0.9944950938224792,0.5831694602966309
TEST_13554,0.030299387872219086,0.9039537906646729
TEST_13555,0.0005136689869686961,0.998257577419281
TEST_13556,0.08115807175636292,0.8756322860717773
TEST_13557,0.005490724463015795,0.9893737435340881
TEST_13558,0.006253304425626993,0.9703441858291626
TEST_13559,0.17787177860736847,0.023393593728542328
TEST_13560,0.0014953120844438672,0.9863013029098511
TEST_13561,0.012844506651163101,0.9990575909614563
TEST_13562,0.016779273748397827,0.9860336184501648
TEST_13563,0.08680497109889984,0.8987988233566284
TEST_13564,0.0008475023205392063,0.9985539317131042
TEST_13565,0.018719617277383804,0.983553409576416
TEST_13566,0.005371342413127422,0.9996461868286133
TEST_13567,0.005484255030751228,0.9999908208847046
TEST_13568,0.026454512029886246,0.9860636591911316
TEST_13569,0.0012245237594470382,0.9956870675086975
TEST_13570,0.004562389571219683,0.9957534074783325
TEST_13571,0.040751535445451736,0.6957648396492004
TEST_13572,0.018103590235114098,0.9232841730117798
TEST_13573,0.13990119099617004,0.9967525005340576
TEST_13574,0.016274521127343178,0.9839396476745605
TEST_13575,0.814672589302063,0.007395551074296236
TEST_13576,0.05676708370447159,0.8651933073997498
TEST_13577,0.0008230370003730059,0.9997130036354065
TEST_13578,0.051899440586566925,0.9341176152229309
TEST_13579,0.008183348923921585,0.9635607004165649
TEST_13580,0.01286151260137558,0.9947085380554199
TEST_13581,0.007933170534670353,0.9781336188316345
TEST_13582,0.04011613875627518,0.8658676743507385
TEST_13583,0.014225575141608715,0.9881994724273682
TEST_13584,0.0728285014629364,0.8569537401199341
TEST_13585,0.016808444634079933,0.9350322484970093
TEST_13586,0.02348184399306774,0.994234025478363
TEST_13587,0.003787155030295253,0.9968051910400391
TEST_13588,0.01926516368985176,0.5360081195831299
TEST_13589,0.029485056176781654,0.9016813039779663
TEST_13590,0.02912825345993042,0.978706419467926
TEST_13591,0.006739774718880653,0.9879966378211975
TEST_13592,0.012887305580079556,0.9979594945907593
TEST_13593,0.0002758792252279818,0.999881386756897
TEST_13594,0.11798148602247238,0.7079028487205505
TEST_13595,0.07127748429775238,0.894689679145813
TEST_13596,0.018223684281110764,0.9932788014411926
TEST_13597,0.041687991470098495,0.9844893217086792
TEST_13598,0.04158142954111099,0.9849746823310852
TEST_13599,0.01712709665298462,0.9845810532569885
TEST_13600,0.5796672105789185,0.8485267758369446
TEST_13601,0.0013526638504117727,0.9996150732040405
TEST_13602,0.0013981681549921632,0.9999886751174927
TEST_13603,0.03144913539290428,0.9110729098320007
TEST_13604,0.0018574260175228119,0.9980775117874146
TEST_13605,0.000327396672219038,0.9988903403282166
TEST_13606,0.00814053975045681,0.999895453453064
TEST_13607,0.004637243691831827,0.9949784874916077
TEST_13608,0.0003519071324262768,0.9992928504943848
TEST_13609,0.9982024431228638,0.8742810487747192
TEST_13610,0.13396890461444855,0.9235060214996338
TEST_13611,0.04750444367527962,0.8778342008590698
TEST_13612,0.012089298106729984,0.9383185505867004
TEST_13613,0.062230393290519714,0.8240993022918701
TEST_13614,0.0033966319169849157,0.9981947541236877
TEST_13615,0.02218194305896759,0.9994888305664062
TEST_13616,0.002123473212122917,0.999659538269043
TEST_13617,0.851234495639801,0.0836387500166893
TEST_13618,0.6363995671272278,0.3774421513080597
TEST_13619,0.07461649924516678,0.8656578660011292
TEST_13620,0.2130795568227768,0.9402581453323364
TEST_13621,0.008462522178888321,0.9972037076950073
TEST_13622,0.00274177105166018,0.9992165565490723
TEST_13623,0.074210986495018,0.9903044104576111
TEST_13624,0.3887008726596832,0.9332330822944641
TEST_13625,0.045707669109106064,0.9210901856422424
TEST_13626,0.5284942388534546,0.8900073766708374
TEST_13627,0.028717657551169395,0.9981028437614441
TEST_13628,0.9973790645599365,0.0038383426144719124
TEST_13629,0.003970809746533632,0.9960502982139587
TEST_13630,0.0023005774710327387,0.9851757287979126
TEST_13631,0.0002194253174820915,0.9995967745780945
TEST_13632,0.005967466160655022,0.9945229291915894
TEST_13633,0.005365300923585892,0.9993332028388977
TEST_13634,0.010545408353209496,0.9969165325164795
TEST_13635,0.01596297137439251,0.9636080265045166
TEST_13636,0.0023312754929065704,0.9999960660934448
TEST_13637,0.047842804342508316,0.8959517478942871
TEST_13638,0.0355447493493557,0.6870399117469788
TEST_13639,0.001572941429913044,0.9994184970855713
TEST_13640,0.0013052442809566855,0.990098774433136
TEST_13641,0.007475350517779589,0.9809473156929016
TEST_13642,0.0011436429340392351,0.9918096661567688
TEST_13643,0.5664420127868652,0.8067649602890015
TEST_13644,0.001926783355884254,0.9985376596450806
TEST_13645,0.1594492644071579,0.7677397727966309
TEST_13646,0.00230896333232522,0.9943825006484985
TEST_13647,0.02173421159386635,0.9929350018501282
TEST_13648,0.005141583736985922,0.5087111592292786
TEST_13649,0.08101541548967361,0.8206496834754944
TEST_13650,0.026088468730449677,0.9949687123298645
TEST_13651,0.006556271575391293,0.959725558757782
TEST_13652,0.9992523789405823,0.006731002125889063
TEST_13653,0.008783039636909962,0.9990552067756653
TEST_13654,0.027596164494752884,0.8460843563079834
TEST_13655,0.021670091897249222,0.9830420017242432
TEST_13656,0.00038196498644538224,0.9999297857284546
TEST_13657,0.010923624970018864,0.9951007962226868
TEST_13658,0.9719074368476868,0.9539337158203125
TEST_13659,7.069933189995936e-07,0.999992847442627
TEST_13660,0.0705571249127388,0.9900541305541992
TEST_13661,0.0047484999522566795,0.9625501036643982
TEST_13662,0.9924623966217041,0.09136329591274261
TEST_13663,0.0017866137204691768,0.9967477321624756
TEST_13664,0.0009125389624387026,0.9985126852989197
TEST_13665,0.01844467781484127,0.9497822523117065
TEST_13666,0.9996664524078369,0.005085768643766642
TEST_13667,0.011462721042335033,0.9998101592063904
TEST_13668,0.0006145454826764762,0.9996777772903442
TEST_13669,0.176690012216568,0.9924684166908264
TEST_13670,0.001124141039326787,0.996677041053772
TEST_13671,0.01937374658882618,0.9963686466217041
TEST_13672,0.0038450616411864758,0.9937134385108948
TEST_13673,0.01883488893508911,0.9957948923110962
TEST_13674,0.002179875737056136,0.9989801049232483
TEST_13675,0.9893534183502197,0.026499668136239052
TEST_13676,0.007960224524140358,0.8402903079986572
TEST_13677,0.25910699367523193,0.8902885913848877
TEST_13678,0.013384667225182056,0.9980827569961548
TEST_13679,0.11449423432350159,0.9028961062431335
TEST_13680,0.00416294950991869,0.9997071623802185
TEST_13681,0.9940441250801086,0.005164990667253733
TEST_13682,0.05377984046936035,0.8366594910621643
TEST_13683,0.05872460454702377,0.993488073348999
TEST_13684,0.015074717812240124,0.9967128038406372
TEST_13685,0.007801532279700041,0.9967008233070374
TEST_13686,0.00168315798509866,0.9992856383323669
TEST_13687,0.0710744857788086,0.9206284284591675
TEST_13688,0.012607361190021038,0.9734739661216736
TEST_13689,0.00486609386280179,0.9990071654319763
TEST_13690,0.030924154445528984,0.8999947309494019
TEST_13691,0.0014456138014793396,0.9875074028968811
TEST_13692,0.0004822147893719375,0.9992964267730713
TEST_13693,0.012854916043579578,0.9859949946403503
TEST_13694,4.9839472922030836e-05,0.9984562397003174
TEST_13695,0.15402859449386597,0.9836753010749817
TEST_13696,0.21523913741111755,0.9553912281990051
TEST_13697,0.020283395424485207,0.9727956056594849
TEST_13698,0.7593591213226318,0.363747775554657
TEST_13699,0.008659853599965572,0.9599431157112122
TEST_13700,0.004489373415708542,0.9819033145904541
TEST_13701,0.0019471768755465746,0.9986826777458191
TEST_13702,0.011317290365695953,0.983966052532196
TEST_13703,0.0028040013276040554,0.993948221206665
TEST_13704,0.007371562533080578,0.9958875775337219
TEST_13705,0.08220943063497543,0.86387038230896
TEST_13706,0.0003530471003614366,0.9998507499694824
TEST_13707,0.008351595140993595,0.8011559247970581
TEST_13708,0.5066092610359192,0.19746974110603333
TEST_13709,0.003989336546510458,0.9939699172973633
TEST_13710,0.00289108301512897,0.9809387922286987
TEST_13711,0.007678581401705742,0.976330041885376
TEST_13712,0.003201227867975831,0.9508622884750366
TEST_13713,0.01674080267548561,0.9868386387825012
TEST_13714,0.0002294327423442155,0.999998927116394
TEST_13715,0.18290947377681732,0.5985921621322632
TEST_13716,0.02306591346859932,0.9971234202384949
TEST_13717,0.06160906329751015,0.9830085039138794
TEST_13718,0.004988180473446846,0.9564141631126404
TEST_13719,0.010057195089757442,0.9267376065254211
TEST_13720,0.00026821112260222435,0.9934206604957581
TEST_13721,0.010434199124574661,0.9928943514823914
TEST_13722,0.006061657331883907,0.995925784111023
TEST_13723,6.22305492470332e-07,0.9992796778678894
TEST_13724,0.012085363268852234,0.9989303946495056
TEST_13725,0.0070310477167367935,0.9898563623428345
TEST_13726,0.0573289580643177,0.995075523853302
TEST_13727,0.07725744694471359,0.9634090662002563
TEST_13728,0.041633203625679016,0.9711545705795288
TEST_13729,0.032979659736156464,0.9497405290603638
TEST_13730,0.00041757902363315225,0.9999420642852783
TEST_13731,0.0078947888687253,0.996599018573761
TEST_13732,0.9069191217422485,0.10651843249797821
TEST_13733,0.0015030009672045708,0.9992863535881042
TEST_13734,0.02369723655283451,0.9232660531997681
TEST_13735,0.0036086507607251406,0.9959623217582703
TEST_13736,0.018864324316382408,0.9899191856384277
TEST_13737,0.05339143052697182,0.9992152452468872
TEST_13738,0.0003172028809785843,0.9999798536300659
TEST_13739,0.005221313796937466,0.8161353468894958
TEST_13740,0.22674384713172913,0.9243984222412109
TEST_13741,0.04362248629331589,0.9880982041358948
TEST_13742,0.007053815759718418,0.8906980156898499
TEST_13743,0.035353560000658035,0.9996403455734253
TEST_13744,0.8398175239562988,0.9902447462081909
TEST_13745,0.9976876974105835,0.0015009986236691475
TEST_13746,0.0032360893674194813,0.9968818426132202
TEST_13747,0.03014667145907879,0.4599578380584717
TEST_13748,0.138633593916893,0.8727840185165405
TEST_13749,0.004484725650399923,0.9718455076217651
TEST_13750,0.004708975553512573,0.9766196608543396
TEST_13751,0.9058296084403992,0.5476537346839905
TEST_13752,0.0010570849990472198,0.9649299383163452
TEST_13753,0.005098485387861729,0.98084956407547
TEST_13754,0.02998129092156887,0.9824426174163818
TEST_13755,0.0010662733111530542,0.9999512434005737
TEST_13756,0.013111401349306107,0.9983945488929749
TEST_13757,0.01728896051645279,0.9809065461158752
TEST_13758,0.010123834945261478,0.9974722266197205
TEST_13759,0.013154896907508373,0.9777721166610718
TEST_13760,0.051830094307661057,0.9103425145149231
TEST_13761,0.0004449186671990901,0.9996799230575562
TEST_13762,0.04246177524328232,0.9391196966171265
TEST_13763,0.0004570446617435664,0.999230146408081
TEST_13764,0.004071490839123726,0.9761543869972229
TEST_13765,0.7594887614250183,0.846217930316925
TEST_13766,0.017552059143781662,0.9857553839683533
TEST_13767,0.256487637758255,0.7373149991035461
TEST_13768,0.128580704331398,0.9023230075836182
TEST_13769,0.0001141494867624715,0.9999980926513672
TEST_13770,0.0027369430754333735,0.9986635446548462
TEST_13771,0.013450590893626213,0.9988353848457336
TEST_13772,0.15184365212917328,0.7701264023780823
TEST_13773,0.042844511568546295,0.8960808515548706
TEST_13774,0.010402289219200611,0.9536532759666443
TEST_13775,0.16709299385547638,0.8832152485847473
TEST_13776,0.007538513746112585,0.995771586894989
TEST_13777,0.0011646415805444121,0.9985707998275757
TEST_13778,0.00036806732532568276,0.9999945163726807
TEST_13779,0.9986257553100586,0.007185092195868492
TEST_13780,0.006474706809967756,0.9972348809242249
TEST_13781,0.014126412570476532,0.5705345273017883
TEST_13782,0.008961875922977924,0.9834042191505432
TEST_13783,0.04549315571784973,0.8854151964187622
TEST_13784,0.0024028231855481863,0.9967807531356812
TEST_13785,0.1308303326368332,0.9024016857147217
TEST_13786,0.008899746462702751,0.9938684105873108
TEST_13787,0.07370863854885101,0.9307588934898376
TEST_13788,0.006114812567830086,0.9786051511764526
TEST_13789,0.03001810610294342,0.9951075315475464
TEST_13790,0.08341694623231888,0.8922916054725647
TEST_13791,0.001851735869422555,0.9995786547660828
TEST_13792,0.08384759724140167,0.7903772592544556
TEST_13793,0.0002959201519843191,0.9991946816444397
TEST_13794,0.49674320220947266,0.8976924419403076
TEST_13795,0.04480713978409767,0.9944397211074829
TEST_13796,0.18248318135738373,0.9295274615287781
TEST_13797,0.011423927731812,0.9389867186546326
TEST_13798,0.20863127708435059,0.9201111197471619
TEST_13799,0.017282333225011826,0.9991278052330017
TEST_13800,0.011374303139746189,0.9837946891784668
TEST_13801,0.005586445797234774,0.9990032315254211
TEST_13802,0.999997615814209,0.00044912059092894197
TEST_13803,0.03564375638961792,0.9942027926445007
TEST_13804,0.00532924709841609,0.9654006958007812
TEST_13805,0.017163222655653954,0.9961668848991394
TEST_13806,0.016440672799944878,0.8457654714584351
TEST_13807,0.000666185631416738,0.9980834722518921
TEST_13808,0.0008363854722119868,0.989140510559082
TEST_13809,0.001138550927862525,0.9991397857666016
TEST_13810,0.20279671251773834,0.9814591407775879
TEST_13811,0.002665852662175894,0.9998960494995117
TEST_13812,0.9697633385658264,0.8368317484855652
TEST_13813,0.021778743714094162,0.904798150062561
TEST_13814,0.674842357635498,0.7668010592460632
TEST_13815,0.007501242682337761,0.9964777827262878
TEST_13816,0.001859969226643443,0.9654101133346558
TEST_13817,0.002376541495323181,0.9838730692863464
TEST_13818,0.013375929556787014,0.9803638458251953
TEST_13819,0.15847626328468323,0.5999531745910645
TEST_13820,0.17214860022068024,0.9876120686531067
TEST_13821,0.9489945769309998,0.2040797472000122
TEST_13822,0.4970637559890747,0.463570773601532
TEST_13823,0.07441393285989761,0.8212523460388184
TEST_13824,0.02072647586464882,0.9978941082954407
TEST_13825,0.016469134017825127,0.9874409437179565
TEST_13826,0.02971312403678894,0.7578294277191162
TEST_13827,0.22985044121742249,0.6035891175270081
TEST_13828,0.051721371710300446,0.9914079308509827
TEST_13829,0.898823082447052,0.03053799644112587
TEST_13830,0.006270413752645254,0.9894393086433411
TEST_13831,0.018552085384726524,0.9939665794372559
TEST_13832,0.0010711678769439459,0.9872506856918335
TEST_13833,0.0012148728128522635,0.999176561832428
TEST_13834,0.04893139749765396,0.885922908782959
TEST_13835,0.5574859380722046,0.6777464151382446
TEST_13836,0.006488426122814417,0.9954195022583008
TEST_13837,0.014764778316020966,0.9918328523635864
TEST_13838,0.003534831339493394,0.9965540170669556
TEST_13839,0.00795801542699337,0.8786415457725525
TEST_13840,0.5994619727134705,0.8821037411689758
TEST_13841,0.03498499095439911,0.8896588087081909
TEST_13842,0.021737338975071907,0.9032196998596191
TEST_13843,0.012943523935973644,0.9902843832969666
TEST_13844,0.025157105177640915,0.9845492839813232
TEST_13845,0.0064282794483006,0.9744173288345337
TEST_13846,0.04807593673467636,0.8942263722419739
TEST_13847,0.46883469820022583,0.9806093573570251
TEST_13848,0.016875913366675377,0.956202507019043
TEST_13849,0.012406696565449238,0.9848737716674805
TEST_13850,0.2996988594532013,0.899421751499176
TEST_13851,0.026055047288537025,0.925176739692688
TEST_13852,0.6323444843292236,0.4152902364730835
TEST_13853,0.0021246173419058323,0.9985577464103699
TEST_13854,0.006444147322326899,0.9924365878105164
TEST_13855,0.00509981345385313,0.9853228330612183
TEST_13856,0.022032933309674263,0.9327096939086914
TEST_13857,0.32754552364349365,0.9113850593566895
TEST_13858,0.15194439888000488,0.9071282744407654
TEST_13859,0.019115161150693893,0.9710275530815125
TEST_13860,0.03918551653623581,0.8480098843574524
TEST_13861,0.014234878122806549,0.9962146878242493
TEST_13862,0.009873517788946629,0.9989044666290283
TEST_13863,0.0013289465568959713,0.9902864098548889
TEST_13864,0.0014870839659124613,0.9996548891067505
TEST_13865,0.006185668986290693,0.9996812343597412
TEST_13866,0.007502719759941101,0.9958022236824036
TEST_13867,0.013727664016187191,0.9703928828239441
TEST_13868,0.031620562076568604,0.9191299080848694
TEST_13869,0.04566199705004692,0.9559904932975769
TEST_13870,0.9466310739517212,0.9994513392448425
TEST_13871,0.008519728668034077,0.9990071654319763
TEST_13872,0.006664176005870104,0.9934712648391724
TEST_13873,0.03261173516511917,0.7774599194526672
TEST_13874,0.010930938646197319,0.9993972778320312
TEST_13875,0.01580261066555977,0.9989485144615173
TEST_13876,0.02471078746020794,0.9282898306846619
TEST_13877,0.036381904035806656,0.9644114375114441
TEST_13878,0.0024659857153892517,0.9944690465927124
TEST_13879,0.0010729980422183871,0.9695295095443726
TEST_13880,0.0023242104798555374,0.9867632985115051
TEST_13881,0.07168173789978027,0.9873771071434021
TEST_13882,0.1457071155309677,0.857135534286499
TEST_13883,0.11822160333395004,0.878955602645874
TEST_13884,0.0011785742826759815,0.9967566132545471
TEST_13885,0.24319294095039368,0.9976771473884583
TEST_13886,7.543810352217406e-05,0.9999934434890747
TEST_13887,0.00038208553451113403,0.9966281056404114
TEST_13888,0.967875063419342,0.406591534614563
TEST_13889,0.0015638333279639482,0.9978263974189758
TEST_13890,0.007580006495118141,0.9972577691078186
TEST_13891,0.03627536818385124,0.8250918388366699
TEST_13892,0.0014096461236476898,0.9990921020507812
TEST_13893,0.3463476598262787,0.974257230758667
TEST_13894,0.07717077434062958,0.9960252046585083
TEST_13895,0.07081066071987152,0.8885461688041687
TEST_13896,0.16074854135513306,0.9449318647384644
TEST_13897,0.007669851649552584,0.9971228241920471
TEST_13898,0.8023748993873596,0.9066736698150635
TEST_13899,0.5192467570304871,0.9683222770690918
TEST_13900,0.6358032822608948,0.016778627410531044
TEST_13901,0.02671261690557003,0.8765565156936646
TEST_13902,0.016434798017144203,0.9379447102546692
TEST_13903,0.5727156400680542,0.8413134217262268
TEST_13904,0.0006810250342823565,0.9990516304969788
TEST_13905,0.12453053891658783,0.9964391589164734
TEST_13906,0.007216480560600758,0.9978289008140564
TEST_13907,0.0027439219411462545,0.9773978590965271
TEST_13908,0.0351068340241909,0.9626728296279907
TEST_13909,0.15976537764072418,0.9584810733795166
TEST_13910,0.07898923754692078,0.8644427061080933
TEST_13911,0.008948068134486675,0.9952461123466492
TEST_13912,0.02869328111410141,0.9399813413619995
TEST_13913,0.004228002391755581,0.9930781722068787
TEST_13914,0.0006173697765916586,0.998101532459259
TEST_13915,0.012062691152095795,0.9909441471099854
TEST_13916,0.002017449354752898,0.9966993927955627
TEST_13917,0.006688987836241722,0.9114534854888916
TEST_13918,0.016411390155553818,0.9991831183433533
TEST_13919,0.0006830787751823664,0.9872021079063416
TEST_13920,0.02122737094759941,0.9999140501022339
TEST_13921,0.013297735713422298,0.922424852848053
TEST_13922,0.9293556213378906,0.007905896753072739
TEST_13923,0.00917457602918148,0.9876496195793152
TEST_13924,0.9960899353027344,0.010474585928022861
TEST_13925,0.005936202127486467,0.9985557198524475
TEST_13926,0.03579966723918915,0.9988613128662109
TEST_13927,0.11511481553316116,0.5219555497169495
TEST_13928,0.0032744635827839375,0.9980438947677612
TEST_13929,0.028832348063588142,0.9829156398773193
TEST_13930,0.0032559605315327644,0.9993314743041992
TEST_13931,0.5475789308547974,0.9970244765281677
TEST_13932,0.0018007896142080426,0.9898550510406494
TEST_13933,0.0025658169761300087,0.9975690245628357
TEST_13934,0.0035072495229542255,0.9852126836776733
TEST_13935,0.03643852472305298,0.9624954462051392
TEST_13936,0.00042781472438946366,0.9996784925460815
TEST_13937,0.04075237363576889,0.9789878129959106
TEST_13938,0.0048569864593446255,0.9996862411499023
TEST_13939,0.19323334097862244,0.9958071708679199
TEST_13940,0.11276169866323471,0.8634760975837708
TEST_13941,0.45935145020484924,0.7949041724205017
TEST_13942,7.587950676679611e-06,0.9991337656974792
TEST_13943,0.05628412216901779,0.9364275336265564
TEST_13944,0.1558925360441208,0.8236279487609863
TEST_13945,0.30651572346687317,0.8933383822441101
TEST_13946,0.003934052307158709,0.999448835849762
TEST_13947,0.007832423783838749,0.9467196464538574
TEST_13948,0.02602520026266575,0.9976855516433716
TEST_13949,0.004278241191059351,0.975585401058197
TEST_13950,0.006795365363359451,0.9780181050300598
TEST_13951,0.03416598215699196,0.970497727394104
TEST_13952,0.28377479314804077,0.9655590653419495
TEST_13953,0.005043855868279934,0.9834207892417908
TEST_13954,0.017837749794125557,0.9969532489776611
TEST_13955,0.014597730711102486,0.9679509997367859
TEST_13956,0.03566835820674896,0.8817237019538879
TEST_13957,0.012747234664857388,0.962894082069397
TEST_13958,0.18001613020896912,0.9929491281509399
TEST_13959,0.9927148222923279,0.9235543608665466
TEST_13960,0.35697853565216064,0.9862356781959534
TEST_13961,0.034051742404699326,0.9355425834655762
TEST_13962,0.0038453061133623123,0.9986298084259033
TEST_13963,0.05972913280129433,0.6909446716308594
TEST_13964,0.7533749938011169,0.5769405364990234
TEST_13965,0.002806002041324973,0.9188315868377686
TEST_13966,0.006424796301871538,0.8921427130699158
TEST_13967,0.06982440501451492,0.7441174387931824
TEST_13968,0.025342892855405807,0.9750860929489136
TEST_13969,0.9247497916221619,0.8801367282867432
TEST_13970,0.02614188939332962,0.9698997735977173
TEST_13971,0.9620401263237,0.8239003419876099
TEST_13972,0.00040893134428188205,0.9985784292221069
TEST_13973,0.049757059663534164,0.9743606448173523
TEST_13974,0.023766767233610153,0.9700652360916138
TEST_13975,0.6320778131484985,0.9860475063323975
TEST_13976,0.003149832133203745,0.9958375692367554
TEST_13977,0.0013889431720599532,0.9911786913871765
TEST_13978,0.0016366044292226434,0.9996355772018433
TEST_13979,0.0821419209241867,0.9950442314147949
TEST_13980,0.028156496584415436,0.937508225440979
TEST_13981,0.0009466647170484066,0.9932067394256592
TEST_13982,2.1140920125617413e-06,0.9999992847442627
TEST_13983,0.0028734744992107153,0.9998658895492554
TEST_13984,0.273782879114151,0.9104778170585632
TEST_13985,0.026051323860883713,0.8556020259857178
TEST_13986,0.3769415020942688,0.9755604267120361
TEST_13987,0.0023693102411925793,0.998507559299469
TEST_13988,0.01508459635078907,0.9473568201065063
TEST_13989,0.0019704867154359818,0.9980284571647644
TEST_13990,0.01912391185760498,0.999471127986908
TEST_13991,0.0010103702079504728,0.9984295964241028
TEST_13992,0.07501081377267838,0.9991253018379211
TEST_13993,0.030501842498779297,0.9952210783958435
TEST_13994,0.0041540851816535,0.9757928252220154
TEST_13995,0.007632958237081766,0.9975374937057495
TEST_13996,0.004046238027513027,0.9065805673599243
TEST_13997,0.007308020256459713,0.9990774393081665
TEST_13998,0.911786675453186,0.47069624066352844
TEST_13999,0.014269661158323288,0.9866166114807129
TEST_14000,0.019924867898225784,0.9724676609039307
TEST_14001,0.016561251133680344,0.9992664456367493
TEST_14002,0.001280146767385304,0.9988001585006714
TEST_14003,0.09274708479642868,0.9538658261299133
TEST_14004,0.0009405857999809086,0.9994181394577026
TEST_14005,0.9875290393829346,0.15137185156345367
TEST_14006,0.661081075668335,0.8690040111541748
TEST_14007,0.012172664515674114,0.985017716884613
TEST_14008,0.011538011021912098,0.9995317459106445
TEST_14009,0.0005576522671617568,0.9983353018760681
TEST_14010,0.00150394591037184,0.9994485974311829
TEST_14011,1.0,1.8370970792602748e-05
TEST_14012,0.12838326394557953,0.9302599430084229
TEST_14013,0.18612755835056305,0.9748815298080444
TEST_14014,0.0025470000691711903,0.9807027578353882
TEST_14015,0.006719022989273071,0.8648422360420227
TEST_14016,0.040156055241823196,0.9961121678352356
TEST_14017,0.013833190314471722,0.9973202347755432
TEST_14018,0.0825449526309967,0.9960373044013977
TEST_14019,0.019422072917222977,0.9866127967834473
TEST_14020,0.7465898990631104,0.8724510669708252
TEST_14021,0.17823059856891632,0.8970616459846497
TEST_14022,0.036941416561603546,0.9702231884002686
TEST_14023,0.18940192461013794,0.9701449871063232
TEST_14024,0.010118445381522179,0.9991341233253479
TEST_14025,0.009026594460010529,0.996069073677063
TEST_14026,0.007915809750556946,0.8997249603271484
TEST_14027,0.025179490447044373,0.997368574142456
TEST_14028,0.004445069469511509,0.9783118367195129
TEST_14029,0.002256385749205947,0.9762206077575684
TEST_14030,0.03543301671743393,0.6943455934524536
TEST_14031,0.004491006024181843,0.9876543879508972
TEST_14032,0.008714370429515839,0.9974000453948975
TEST_14033,0.06166617199778557,0.8835464119911194
TEST_14034,0.048393022269010544,0.9196864366531372
TEST_14035,0.016169749200344086,0.9422527551651001
TEST_14036,0.033100515604019165,0.8808709383010864
TEST_14037,0.003909126855432987,0.9789140224456787
TEST_14038,0.06988897174596786,0.9623495936393738
TEST_14039,0.019840240478515625,0.9790548086166382
TEST_14040,0.0010147526627406478,0.9962342381477356
TEST_14041,0.00016475158918183297,0.9992591738700867
TEST_14042,0.999815046787262,0.002136863535270095
TEST_14043,0.2865019738674164,0.7940994501113892
TEST_14044,0.00045766611583530903,0.9993576407432556
TEST_14045,0.09857827425003052,0.9387356042861938
TEST_14046,0.025372613221406937,0.887116551399231
TEST_14047,0.8038666844367981,0.5886669158935547
TEST_14048,0.22924569249153137,0.8984728455543518
TEST_14049,0.007350719999521971,0.9808246493339539
TEST_14050,0.01778281293809414,0.967380940914154
TEST_14051,0.0026392757426947355,0.9995306730270386
TEST_14052,0.9293321371078491,0.5151219367980957
TEST_14053,0.014882547780871391,0.9763527512550354
TEST_14054,0.002582334680482745,0.9989521503448486
TEST_14055,0.005065666977316141,0.9754077196121216
TEST_14056,0.06613428145647049,0.48799166083335876
TEST_14057,0.0018880050629377365,0.9857020378112793
TEST_14058,0.0026870807632803917,0.99587482213974
TEST_14059,0.0036513935774564743,0.9900063872337341
TEST_14060,0.08605354279279709,0.9060142040252686
TEST_14061,0.0832897424697876,0.8722489476203918
TEST_14062,0.01235766801983118,0.9868813753128052
TEST_14063,0.7303225994110107,0.29496610164642334
TEST_14064,0.0033595224376767874,0.9949454665184021
TEST_14065,0.0953332781791687,0.7456286549568176
TEST_14066,0.6928226351737976,0.88893723487854
TEST_14067,0.8647117018699646,0.037978414446115494
TEST_14068,0.05027979612350464,0.8923666477203369
TEST_14069,0.0006384726730175316,0.9988489151000977
TEST_14070,0.004423948470503092,0.9192997217178345
TEST_14071,0.9986796975135803,0.0026691812090575695
TEST_14072,0.05002636834979057,0.9816768169403076
TEST_14073,0.027962282299995422,0.9896402955055237
TEST_14074,0.05486634001135826,0.920952558517456
TEST_14075,0.027569208294153214,0.976152241230011
TEST_14076,0.02772786095738411,0.9956234097480774
TEST_14077,0.05330754816532135,0.9785037636756897
TEST_14078,0.7328076958656311,0.9363924264907837
TEST_14079,0.08683940023183823,0.9810505509376526
TEST_14080,0.10070256143808365,0.9117920398712158
TEST_14081,0.018226319923996925,0.9614280462265015
TEST_14082,0.06620988994836807,0.9604095816612244
TEST_14083,0.012282921001315117,0.9987092018127441
TEST_14084,0.04321715608239174,0.8972949981689453
TEST_14085,0.0369018130004406,0.9668894410133362
TEST_14086,0.11001014709472656,0.9641450643539429
TEST_14087,0.003263845108449459,0.9948210716247559
TEST_14088,0.033664457499980927,0.5639167428016663
TEST_14089,0.015006231144070625,0.9917731881141663
TEST_14090,0.10005442798137665,0.48608386516571045
TEST_14091,0.2841361463069916,0.9867433309555054
TEST_14092,0.04896681755781174,0.8755499124526978
TEST_14093,0.07984714955091476,0.410424143075943
TEST_14094,0.005534524098038673,0.9988125562667847
TEST_14095,0.0012818548129871488,0.9955666661262512
TEST_14096,0.04266668111085892,0.9911432266235352
TEST_14097,0.47528547048568726,0.85538250207901
TEST_14098,0.0007278821431100368,0.942208468914032
TEST_14099,0.0005620176088996232,0.9999754428863525
TEST_14100,0.02263534814119339,0.9771634340286255
TEST_14101,0.016264982521533966,0.9961453676223755
TEST_14102,0.050977952778339386,0.9531697630882263
TEST_14103,0.0021222198847681284,0.9994828701019287
TEST_14104,0.006649564485996962,0.9986878037452698
TEST_14105,0.020242638885974884,0.9868974089622498
TEST_14106,0.03005760721862316,0.7062705159187317
TEST_14107,0.034368786960840225,0.8419609665870667
TEST_14108,0.07793367654085159,0.8856493234634399
TEST_14109,0.20260897278785706,0.9007412791252136
TEST_14110,0.09302074462175369,0.9962880611419678
TEST_14111,0.010073925368487835,0.9841365814208984
TEST_14112,0.008328461088240147,0.991564154624939
TEST_14113,0.2267354130744934,0.9524272680282593
TEST_14114,0.1851809173822403,0.03008607029914856
TEST_14115,0.012228338047862053,0.9862750768661499
TEST_14116,0.9937304258346558,0.5724451541900635
TEST_14117,0.007908866740763187,0.9847502708435059
TEST_14118,0.057217299938201904,0.9114784598350525
TEST_14119,1.6873054846655577e-05,0.9998160004615784
TEST_14120,0.10503128916025162,0.9525176882743835
TEST_14121,0.005506991408765316,0.9844075441360474
TEST_14122,0.027921028435230255,0.9985743761062622
TEST_14123,0.35207265615463257,0.967275083065033
TEST_14124,0.08488181978464127,0.9846173524856567
TEST_14125,0.15673208236694336,0.8721759915351868
TEST_14126,0.02128935232758522,0.9965762495994568
TEST_14127,0.00296802562661469,0.9973872303962708
TEST_14128,0.060481585562229156,0.71715247631073
TEST_14129,0.0357777439057827,0.904548168182373
TEST_14130,0.012836208567023277,0.9826964139938354
TEST_14131,0.005855145864188671,0.9984176158905029
TEST_14132,0.0334053561091423,0.8741832971572876
TEST_14133,0.028079718351364136,0.9063351154327393
TEST_14134,0.008127541281282902,0.9520508050918579
TEST_14135,0.007101560477167368,0.9996067881584167
TEST_14136,0.0023665495682507753,0.9964738488197327
TEST_14137,0.0026311795227229595,0.9736740589141846
TEST_14138,0.15555256605148315,0.7543344497680664
TEST_14139,0.011990923434495926,0.9998562335968018
TEST_14140,0.002367671113461256,0.9953439831733704
TEST_14141,0.10553081333637238,0.9955343008041382
TEST_14142,0.01843886263668537,0.9448751211166382
TEST_14143,0.7186803221702576,0.05870469659566879
TEST_14144,0.0040614488534629345,0.9879044890403748
TEST_14145,0.011659272946417332,0.9766255617141724
TEST_14146,0.0025712044443935156,0.9267290830612183
TEST_14147,0.7786867618560791,0.7806202173233032
TEST_14148,0.006356802303344011,0.9938467144966125
TEST_14149,0.1071656122803688,0.860308825969696
TEST_14150,0.0993872582912445,0.9707702398300171
TEST_14151,0.033265091478824615,0.9624538421630859
TEST_14152,0.970255434513092,0.029051361605525017
TEST_14153,0.02788252755999565,0.872096836566925
TEST_14154,0.9999668598175049,5.483712357090553e-06
TEST_14155,0.00014090485638007522,0.9991796612739563
TEST_14156,0.07032766193151474,0.9412985444068909
TEST_14157,0.0017424619290977716,0.9734804034233093
TEST_14158,0.008014832623302937,0.9997115731239319
TEST_14159,0.1033756211400032,0.6589450240135193
TEST_14160,0.004447995685040951,0.9968454241752625
TEST_14161,0.006621509324759245,0.9464858770370483
TEST_14162,0.9470060467720032,0.1001322865486145
TEST_14163,0.0006549465470016003,0.9998883008956909
TEST_14164,0.7217928171157837,0.8868458867073059
TEST_14165,0.030428772792220116,0.9992954730987549
TEST_14166,0.031392041593790054,0.885254442691803
TEST_14167,0.02723384089767933,0.6937462091445923
TEST_14168,0.0038470528088510036,0.9996857643127441
TEST_14169,0.015148197300732136,0.9869685769081116
TEST_14170,0.0017556487582623959,0.9957271814346313
TEST_14171,0.002773624612018466,0.9692932367324829
TEST_14172,0.0006384839653037488,0.9980742931365967
TEST_14173,0.058892980217933655,0.9537238478660583
TEST_14174,0.011067258194088936,0.9894472360610962
TEST_14175,0.5777480602264404,0.07278456538915634
TEST_14176,0.007429198827594519,0.999402642250061
TEST_14177,0.002074652584269643,0.9992733597755432
TEST_14178,0.09210347384214401,0.7624407410621643
TEST_14179,0.5114917159080505,0.9278799295425415
TEST_14180,0.017472101375460625,0.9896512031555176
TEST_14181,0.2621825039386749,0.9572365880012512
TEST_14182,0.0043614585883915424,0.9849338531494141
TEST_14183,0.13158342242240906,0.9572906494140625
TEST_14184,0.006146644242107868,0.9844397306442261
TEST_14185,0.0183668565005064,0.9956368803977966
TEST_14186,0.013667059130966663,0.7927365899085999
TEST_14187,0.030073631554841995,0.940708577632904
TEST_14188,0.005136942490935326,0.9899957180023193
TEST_14189,0.07759522646665573,0.8519411683082581
TEST_14190,0.0480286069214344,0.99275803565979
TEST_14191,0.11687135696411133,0.9395331144332886
TEST_14192,0.011370168998837471,0.8725733757019043
TEST_14193,0.007185462396591902,0.9945401549339294
TEST_14194,0.039875779300928116,0.5669747591018677
TEST_14195,0.0003326401056256145,0.9994939565658569
TEST_14196,0.03846707195043564,0.4723537564277649
TEST_14197,0.9210461378097534,0.982586681842804
TEST_14198,0.08688969910144806,0.884434163570404
TEST_14199,0.23906883597373962,0.9877049922943115
TEST_14200,0.03464365750551224,0.9069819450378418
TEST_14201,0.0002945131273008883,0.9989619255065918
TEST_14202,0.0006594153237529099,0.9962450861930847
TEST_14203,0.03209654241800308,0.91538405418396
TEST_14204,0.02842697687447071,0.9790023565292358
TEST_14205,0.04059731587767601,0.9222000241279602
TEST_14206,0.015178916975855827,0.9894552826881409
TEST_14207,0.9859740138053894,0.9303752183914185
TEST_14208,0.004320934414863586,0.9991672039031982
TEST_14209,0.0009084503399208188,0.99885094165802
TEST_14210,0.0023328796960413456,0.9960923790931702
TEST_14211,0.032412633299827576,0.9296159744262695
TEST_14212,0.025507889688014984,0.9733851552009583
TEST_14213,0.13498012721538544,0.8167433738708496
TEST_14214,0.2792956233024597,0.5917209386825562
TEST_14215,0.01220026332885027,0.9415604472160339
TEST_14216,0.016027959063649178,0.9875211715698242
TEST_14217,0.0076217083260416985,0.9413655400276184
TEST_14218,0.07291772216558456,0.999687910079956
TEST_14219,0.007318689022213221,0.9988001585006714
TEST_14220,0.0018838008400052786,0.9919297695159912
TEST_14221,0.019427957013249397,0.9829800128936768
TEST_14222,0.05730626359581947,0.9827467203140259
TEST_14223,0.0011124155716970563,0.9989890456199646
TEST_14224,0.9998551607131958,0.019885309040546417
TEST_14225,0.0036811435129493475,0.9989759922027588
TEST_14226,0.1634185016155243,0.9027205109596252
TEST_14227,0.006949183531105518,0.9936712980270386
TEST_14228,0.0011406710837036371,0.9919791221618652
TEST_14229,0.10772380977869034,0.556002140045166
TEST_14230,0.12575176358222961,0.9030829071998596
TEST_14231,0.009909093379974365,0.9699582457542419
TEST_14232,0.019208431243896484,0.9850597381591797
TEST_14233,0.1912786364555359,0.8111253380775452
TEST_14234,0.9996193647384644,0.8806338310241699
TEST_14235,0.0027118679136037827,0.9221035838127136
TEST_14236,0.054727084934711456,0.9356193542480469
TEST_14237,0.0048552146181464195,0.9458538889884949
TEST_14238,0.03948251157999039,0.9519562721252441
TEST_14239,0.02666943334043026,0.9945611357688904
TEST_14240,0.005424161907285452,0.9973607659339905
TEST_14241,0.5112840533256531,0.15508510172367096
TEST_14242,0.004428998101502657,0.8819870352745056
TEST_14243,0.012763267382979393,0.9887762665748596
TEST_14244,0.0007379839080385864,0.9998594522476196
TEST_14245,0.007105296477675438,0.9568933248519897
TEST_14246,0.42731374502182007,0.15189222991466522
TEST_14247,0.06483335047960281,0.9796360731124878
TEST_14248,0.18319667875766754,0.9560815691947937
TEST_14249,0.3131795823574066,0.8645762205123901
TEST_14250,0.018114082515239716,0.9995282888412476
TEST_14251,0.0008430526359006763,0.9821099638938904
TEST_14252,0.03126677870750427,0.9481204748153687
TEST_14253,0.0013973554596304893,0.9836981296539307
TEST_14254,0.0052877324633300304,0.9996910095214844
TEST_14255,0.00809809472411871,0.9777389168739319
TEST_14256,0.007128988392651081,0.9732677936553955
TEST_14257,0.001589907449670136,0.9994522929191589
TEST_14258,0.013607600703835487,0.9350321292877197
TEST_14259,0.010134740732610226,0.9979450106620789
TEST_14260,0.006590099073946476,0.9994000196456909
TEST_14261,0.9996907711029053,6.0211819800315425e-05
TEST_14262,0.9944500923156738,0.0025259098038077354
TEST_14263,0.030819563195109367,0.893612802028656
TEST_14264,0.004374622832983732,0.9909693598747253
TEST_14265,0.0005139014101587236,0.9992628693580627
TEST_14266,0.0400710292160511,0.9995313882827759
TEST_14267,0.21792663633823395,0.9287559986114502
TEST_14268,0.001290655811317265,0.9705163836479187
TEST_14269,0.0013826715294271708,0.9995595812797546
TEST_14270,0.47425106167793274,0.5085941553115845
TEST_14271,0.00650786655023694,0.989825427532196
TEST_14272,0.00207336968742311,0.9894821643829346
TEST_14273,1.132621673605172e-05,0.9999961853027344
TEST_14274,1.4382902691068011e-06,0.9985771179199219
TEST_14275,0.03481815755367279,0.8996518850326538
TEST_14276,0.903115451335907,0.614136278629303
TEST_14277,0.018181748688220978,0.9997555613517761
TEST_14278,0.01521063968539238,0.9962276220321655
TEST_14279,0.005081492476165295,0.99680495262146
TEST_14280,0.029414741322398186,0.9120650291442871
TEST_14281,0.9878657460212708,0.3855733573436737
TEST_14282,0.5094650387763977,0.9071741104125977
TEST_14283,0.00551034277305007,0.9963951706886292
TEST_14284,0.00040995809831656516,0.9996024966239929
TEST_14285,0.005035807378590107,0.9639707207679749
TEST_14286,0.015268776565790176,0.9758791923522949
TEST_14287,0.9667649865150452,0.007682741619646549
TEST_14288,0.0019212480401620269,0.9988692402839661
TEST_14289,0.004558264277875423,0.999915361404419
TEST_14290,0.0013758575078099966,0.971039354801178
TEST_14291,0.038233522325754166,0.952389657497406
TEST_14292,0.002925809705629945,0.9867600202560425
TEST_14293,0.08351822197437286,0.9650437235832214
TEST_14294,0.04802653566002846,0.8816105127334595
TEST_14295,0.0679827481508255,0.875338077545166
TEST_14296,0.04037750884890556,0.9797292947769165
TEST_14297,0.0019974568858742714,0.9994053840637207
TEST_14298,0.9986299276351929,0.008217286318540573
TEST_14299,0.021740183234214783,0.9063917994499207
TEST_14300,0.0018593064742162824,0.9964939951896667
TEST_14301,0.40625056624412537,0.33691754937171936
TEST_14302,0.03137940168380737,0.9916961789131165
TEST_14303,0.05161281302571297,0.9672214388847351
TEST_14304,0.06298811733722687,0.9628562927246094
TEST_14305,0.9987834095954895,0.8041115403175354
TEST_14306,0.003797524608671665,0.9993607401847839
TEST_14307,0.00813321303576231,0.9932060241699219
TEST_14308,0.17034688591957092,0.8752332329750061
TEST_14309,0.012882962822914124,0.9983940720558167
TEST_14310,0.0008731409907341003,0.9996387958526611
TEST_14311,0.47642481327056885,0.47293931245803833
TEST_14312,0.7432037591934204,0.9813246130943298
TEST_14313,0.0016196181531995535,0.9967119693756104
TEST_14314,0.030443813651800156,0.9966236352920532
TEST_14315,0.5634751915931702,0.8980241417884827
TEST_14316,0.10403236001729965,0.985805332660675
TEST_14317,0.034392815083265305,0.8835150599479675
TEST_14318,0.052576929330825806,0.9866558313369751
TEST_14319,0.02594809979200363,0.9898287653923035
TEST_14320,0.05280517414212227,0.9844660758972168
TEST_14321,0.2771971523761749,0.8440651297569275
TEST_14322,0.011590023525059223,0.9576894640922546
TEST_14323,0.01439617108553648,0.9969927072525024
TEST_14324,0.053311217576265335,0.9940502047538757
TEST_14325,0.15429991483688354,0.8768705129623413
TEST_14326,0.024468861520290375,0.9990156888961792
TEST_14327,0.0005279059405438602,0.9999563694000244
TEST_14328,0.11680908501148224,0.9508134722709656
TEST_14329,0.02798588201403618,0.9920741319656372
TEST_14330,0.9977542757987976,0.01554273720830679
TEST_14331,0.006466105114668608,0.9944542050361633
TEST_14332,0.0007053531007841229,0.9977025389671326
TEST_14333,0.0011019065277650952,0.9999600648880005
TEST_14334,0.004562023561447859,0.9991856217384338
TEST_14335,0.024500582367181778,0.9045045971870422
TEST_14336,0.31199437379837036,0.9925606846809387
TEST_14337,0.004711434710770845,0.9704660773277283
TEST_14338,0.016839204356074333,0.9775686860084534
TEST_14339,0.4526461660861969,0.493327260017395
TEST_14340,0.0011588184861466289,0.9875703454017639
TEST_14341,0.013976664282381535,0.9970703125
TEST_14342,0.00768273463472724,0.9966872334480286
TEST_14343,0.9547601938247681,0.85975182056427
TEST_14344,0.11237410455942154,0.9942692518234253
TEST_14345,0.0036206634249538183,0.8165315985679626
TEST_14346,0.026513686403632164,0.5153695940971375
TEST_14347,0.011936119757592678,0.8877094984054565
TEST_14348,0.1518240123987198,0.7101550102233887
TEST_14349,4.750197331304662e-05,0.9999220371246338
TEST_14350,0.008809505961835384,0.9986910223960876
TEST_14351,0.03230039030313492,0.997670590877533
TEST_14352,0.8531419038772583,0.39111506938934326
TEST_14353,0.47894278168678284,0.9945465326309204
TEST_14354,0.00969742052257061,0.9617599844932556
TEST_14355,0.05148087814450264,0.9575808048248291
TEST_14356,0.07887854427099228,0.9963070154190063
TEST_14357,0.00010930774442385882,0.9998716115951538
TEST_14358,0.036070991307497025,0.9810535311698914
TEST_14359,0.01743042655289173,0.9776703119277954
TEST_14360,0.0018986911745741963,0.9961686730384827
TEST_14361,0.9893052577972412,0.0033209645189344883
TEST_14362,0.03409996256232262,0.6164883375167847
TEST_14363,0.0013416020665317774,0.9982232451438904
TEST_14364,0.048572346568107605,0.9708428978919983
TEST_14365,0.008059951476752758,0.736333966255188
TEST_14366,0.05233323574066162,0.9885108470916748
TEST_14367,0.050215836614370346,0.992522656917572
TEST_14368,0.0032227153424173594,0.961765706539154
TEST_14369,0.6476178765296936,0.9540748596191406
TEST_14370,0.013415537774562836,0.9403031468391418
TEST_14371,0.02134324051439762,0.9839984178543091
TEST_14372,0.22137895226478577,0.9072257876396179
TEST_14373,0.0007211344200186431,0.9273015260696411
TEST_14374,0.014597413130104542,0.876822829246521
TEST_14375,0.004332948010414839,0.9999608993530273
TEST_14376,0.0017924322746694088,0.9983812570571899
TEST_14377,0.012407198548316956,0.9884858131408691
TEST_14378,0.0009537566802464426,0.9980801343917847
TEST_14379,0.034901197999715805,0.9914318323135376
TEST_14380,0.01104374136775732,0.9418610334396362
TEST_14381,0.0031558058690279722,0.9987254738807678
TEST_14382,0.00621074391528964,0.9998693466186523
TEST_14383,0.003668376011773944,0.9992449283599854
TEST_14384,0.0060812076553702354,0.9595069885253906
TEST_14385,0.008037269115447998,0.958782434463501
TEST_14386,0.007989823818206787,0.9940723776817322
TEST_14387,0.3996235430240631,0.858241617679596
TEST_14388,0.07324826717376709,0.15573379397392273
TEST_14389,0.03750266507267952,0.9381829500198364
TEST_14390,3.8416885217884555e-05,0.9956845045089722
TEST_14391,3.853047587654146e-07,0.9997569918632507
TEST_14392,0.046784039586782455,0.9922850131988525
TEST_14393,0.9871663451194763,0.004140844102948904
TEST_14394,0.08477669954299927,0.8461394906044006
TEST_14395,0.0509788952767849,0.9407724142074585
TEST_14396,0.009683838114142418,0.9913973808288574
TEST_14397,0.0014641344314441085,0.9993791580200195
TEST_14398,0.01578468643128872,0.9937024116516113
TEST_14399,0.02975122258067131,0.9852771162986755
TEST_14400,0.03428177535533905,0.988542914390564
TEST_14401,0.0022625464480370283,0.9994230270385742
TEST_14402,0.03372882679104805,0.9800185561180115
TEST_14403,0.8561495542526245,0.002134426962584257
TEST_14404,0.03080694191157818,0.9035617709159851
TEST_14405,0.042159032076597214,0.8440179824829102
TEST_14406,0.011632587760686874,0.9964094758033752
TEST_14407,0.0045975325629115105,0.9720582365989685
TEST_14408,0.9671733975410461,0.7048137187957764
TEST_14409,0.03917946666479111,0.9769653081893921
TEST_14410,0.019607320427894592,0.9945899248123169
TEST_14411,0.011297177523374557,0.999032735824585
TEST_14412,0.2309022843837738,0.9121268391609192
TEST_14413,0.005803379695862532,0.998544454574585
TEST_14414,0.009840783663094044,0.9956241250038147
TEST_14415,0.02625705674290657,0.9976487755775452
TEST_14416,0.07605056464672089,0.9979277849197388
TEST_14417,0.7784597277641296,0.5187626481056213
TEST_14418,0.013278628699481487,0.9992187023162842
TEST_14419,0.03484982252120972,0.6463844776153564
TEST_14420,0.06133219972252846,0.9136523008346558
TEST_14421,0.04122607037425041,0.9572773575782776
TEST_14422,0.04298068955540657,0.8313915729522705
TEST_14423,0.0024139347951859236,0.8954166769981384
TEST_14424,0.07284314930438995,0.9553017616271973
TEST_14425,0.03672228381037712,0.9753104448318481
TEST_14426,0.012351320125162601,0.9885454773902893
TEST_14427,0.0009596729069016874,0.9987291693687439
TEST_14428,0.0027998804580420256,0.9968553781509399
TEST_14429,0.011880731210112572,0.8527493476867676
TEST_14430,0.09924589842557907,0.9392381310462952
TEST_14431,0.1036360114812851,0.7461279630661011
TEST_14432,0.6531637907028198,0.907335102558136
TEST_14433,0.017771389335393906,0.9945157170295715
TEST_14434,0.014621789567172527,0.9949589371681213
TEST_14435,0.009172334335744381,0.9775561690330505
TEST_14436,0.47687897086143494,0.8191254734992981
TEST_14437,0.11613961309194565,0.6771178245544434
TEST_14438,0.0017442860407754779,0.9961231350898743
TEST_14439,0.12010247260332108,0.3142886757850647
TEST_14440,0.00105442781932652,0.9996142387390137
TEST_14441,0.051139891147613525,0.9849675297737122
TEST_14442,0.7368091940879822,0.9931662678718567
TEST_14443,0.026197006925940514,0.9999116659164429
TEST_14444,0.052846647799015045,0.8535981774330139
TEST_14445,0.014827732928097248,0.9853827953338623
TEST_14446,0.027405425906181335,0.9864307641983032
TEST_14447,0.03118732199072838,0.9907228350639343
TEST_14448,0.0022161072120070457,0.9990710020065308
TEST_14449,0.013830192387104034,0.9564560055732727
TEST_14450,0.8361315131187439,0.9049768447875977
TEST_14451,0.00850226916372776,0.9307904839515686
TEST_14452,0.0075408401899039745,0.9145345091819763
TEST_14453,0.006627690978348255,0.9845646619796753
TEST_14454,0.11962775141000748,0.9495337009429932
TEST_14455,0.1923738718032837,0.913715660572052
TEST_14456,0.004617790691554546,0.9997679591178894
TEST_14457,0.04422125592827797,0.96407151222229
TEST_14458,0.162494957447052,0.903333306312561
TEST_14459,0.9379586577415466,0.9899260997772217
TEST_14460,0.0009719491936266422,0.989522397518158
TEST_14461,0.021895600482821465,0.9916568994522095
TEST_14462,0.012771524488925934,0.9746052622795105
TEST_14463,0.00646714074537158,0.9899986386299133
TEST_14464,0.03252174332737923,0.9251930713653564
TEST_14465,0.4076702892780304,0.6490504145622253
TEST_14466,0.06589793413877487,0.9857778549194336
TEST_14467,0.08591842651367188,0.9749420285224915
TEST_14468,0.0040693082846701145,0.8250395655632019
TEST_14469,0.06988993287086487,0.9890838265419006
TEST_14470,0.32543057203292847,0.21117186546325684
TEST_14471,0.0026710606180131435,0.9371758103370667
TEST_14472,0.012468943372368813,0.9994649291038513
TEST_14473,0.012290350161492825,0.9993201494216919
TEST_14474,0.005191037897020578,0.9164987802505493
TEST_14475,0.8852464556694031,0.9265114665031433
TEST_14476,0.007708967663347721,0.9852095246315002
TEST_14477,0.06515426188707352,0.959291934967041
TEST_14478,0.4758943021297455,0.06886029243469238
TEST_14479,7.940972864162177e-05,0.999811589717865
TEST_14480,0.027990829199552536,0.9978965520858765
TEST_14481,0.46388527750968933,0.028032120317220688
TEST_14482,0.07100556045770645,0.7008530497550964
TEST_14483,0.009786329232156277,0.9668787121772766
TEST_14484,0.010314027778804302,0.9967864751815796
TEST_14485,0.015005492605268955,0.8829298615455627
TEST_14486,0.6751986742019653,0.7296847701072693
TEST_14487,0.017951300367712975,0.9847940802574158
TEST_14488,0.07015489041805267,0.9878436326980591
TEST_14489,0.0032326411455869675,0.9994193315505981
TEST_14490,0.0654936134815216,0.8146070241928101
TEST_14491,0.007017736788839102,0.9793179035186768
TEST_14492,0.2719237804412842,0.622340738773346
TEST_14493,0.00025747244944795966,0.9998884201049805
TEST_14494,0.27457594871520996,0.9469611644744873
TEST_14495,0.07542110979557037,0.225287526845932
TEST_14496,0.00016916329332161695,0.9998977184295654
TEST_14497,0.0029088337905704975,0.900532603263855
TEST_14498,0.005841937847435474,0.9104033708572388
TEST_14499,0.025504475459456444,0.9954427480697632
TEST_14500,0.0021992758847773075,0.9932778477668762
TEST_14501,0.0016655956860631704,0.9860944747924805
TEST_14502,0.0011226000497117639,0.8310503959655762
TEST_14503,0.016576465219259262,0.9878374338150024
TEST_14504,0.04407298192381859,0.8203971982002258
TEST_14505,0.0005005474667996168,0.9977430105209351
TEST_14506,0.04302305728197098,0.9962226152420044
TEST_14507,0.006579977925866842,0.9992938041687012
TEST_14508,0.07144611328840256,0.9405442476272583
TEST_14509,0.04677831754088402,0.9821112751960754
TEST_14510,0.0043028430081903934,0.9872890710830688
TEST_14511,0.33331048488616943,0.9595794677734375
TEST_14512,0.000620033941231668,0.9997109770774841
TEST_14513,0.6638413667678833,0.8712148666381836
TEST_14514,0.016637440770864487,0.952548623085022
TEST_14515,0.10324133932590485,0.9840430617332458
TEST_14516,0.007849851623177528,0.9946854114532471
TEST_14517,0.02980332262814045,0.9369850754737854
TEST_14518,0.0442604124546051,0.983260452747345
TEST_14519,0.019384872168302536,0.9946504235267639
TEST_14520,0.7775754332542419,0.9581432342529297
TEST_14521,0.06727508455514908,0.996295154094696
TEST_14522,0.04291822388768196,0.8946507573127747
TEST_14523,0.009057095274329185,0.9891647696495056
TEST_14524,0.14912083745002747,0.46564725041389465
TEST_14525,0.04415227845311165,0.9979148507118225
TEST_14526,0.009718773886561394,0.9977551102638245
TEST_14527,0.17114372551441193,0.1707472801208496
TEST_14528,0.04434977099299431,0.8100159168243408
TEST_14529,0.04878870025277138,0.9958820343017578
TEST_14530,0.004776001907885075,0.9975379705429077
TEST_14531,0.008949361741542816,0.9160745143890381
TEST_14532,0.010032089427113533,0.9975225329399109
TEST_14533,0.005121578462421894,0.9643976092338562
TEST_14534,0.0018307012505829334,0.9767360687255859
TEST_14535,0.03753579407930374,0.8009299039840698
TEST_14536,0.006366821471601725,0.9952462315559387
TEST_14537,0.09128784388303757,0.9114956855773926
TEST_14538,0.004352197982370853,0.9907483458518982
TEST_14539,0.028223644942045212,0.9591420292854309
TEST_14540,0.11636564135551453,0.44771912693977356
TEST_14541,0.00014894553169142455,0.9996875524520874
TEST_14542,0.06479174643754959,0.9033809900283813
TEST_14543,0.02666889689862728,0.8550944328308105
TEST_14544,0.013510549440979958,0.9887410998344421
TEST_14545,0.09138046205043793,0.6443771123886108
TEST_14546,0.023800017312169075,0.9550162553787231
TEST_14547,0.7975247502326965,0.9813215136528015
TEST_14548,0.17441095411777496,0.91505366563797
TEST_14549,0.025201832875609398,0.9918177127838135
TEST_14550,0.040336742997169495,0.8902344703674316
TEST_14551,0.03162265196442604,0.9925389885902405
TEST_14552,0.049510013312101364,0.8992593884468079
TEST_14553,0.010396214202046394,0.9970819354057312
TEST_14554,0.008993810974061489,0.9956984519958496
TEST_14555,0.009984385222196579,0.9693551063537598
TEST_14556,0.05212199315428734,0.9685049653053284
TEST_14557,0.004671184346079826,0.990691602230072
TEST_14558,0.04628893360495567,0.7703234553337097
TEST_14559,0.017903245985507965,0.855108916759491
TEST_14560,0.0001255127281183377,0.9994875192642212
TEST_14561,0.0015223409282043576,0.9999047517776489
TEST_14562,0.4679998457431793,0.13685163855552673
TEST_14563,0.03398597985506058,0.9927036762237549
TEST_14564,0.014568203128874302,0.9221101999282837
TEST_14565,0.042983416467905045,0.9852900505065918
TEST_14566,0.006807947531342506,0.9987265467643738
TEST_14567,0.02393091283738613,0.9690554141998291
TEST_14568,0.013049660250544548,0.9949446320533752
TEST_14569,0.0012211411958560348,0.9649783372879028
TEST_14570,0.7304689288139343,0.928672730922699
TEST_14571,0.005898224655538797,0.9998791217803955
TEST_14572,0.008785190060734749,0.9440917372703552
TEST_14573,0.9999655485153198,3.0770451076023164e-08
TEST_14574,0.014492112211883068,0.9967555403709412
TEST_14575,0.09432744979858398,0.9687057137489319
TEST_14576,0.0017601419240236282,0.9929231405258179
TEST_14577,0.009170220233500004,0.8492836356163025
TEST_14578,0.0026510641910135746,0.9814738631248474
TEST_14579,0.19298730790615082,0.837404191493988
TEST_14580,0.06004475802183151,0.865002453327179
TEST_14581,0.00432458333671093,0.9708488583564758
TEST_14582,0.03215324133634567,0.9925968647003174
TEST_14583,0.00042350165313109756,0.9889732003211975
TEST_14584,0.9991375207901001,0.00040308787720277905
TEST_14585,0.05189405754208565,0.8789029121398926
TEST_14586,0.23641832172870636,0.7262701392173767
TEST_14587,0.006253980565816164,0.9949426054954529
TEST_14588,0.0003277845389675349,0.9973419308662415
TEST_14589,0.011796599254012108,0.9904364943504333
TEST_14590,0.18629950284957886,0.968639075756073
TEST_14591,0.010457434691488743,0.9730194807052612
TEST_14592,0.026644237339496613,0.9534863829612732
TEST_14593,0.008922365494072437,0.9713072776794434
TEST_14594,0.0053141480311751366,0.9925123453140259
TEST_14595,0.0005072660278528929,0.998603880405426
TEST_14596,0.05536101385951042,0.9294434189796448
TEST_14597,0.6890233159065247,0.00070619722828269
TEST_14598,0.5847451090812683,0.9211042523384094
TEST_14599,0.0024579570163041353,0.9975681900978088
TEST_14600,0.0029592968057841063,0.9997246861457825
TEST_14601,0.0005495954537764192,0.9999974966049194
TEST_14602,0.44896069169044495,0.9522630572319031
TEST_14603,0.0005326499813236296,0.9960887432098389
TEST_14604,0.074825718998909,0.4338085949420929
TEST_14605,0.0249919556081295,0.990756094455719
TEST_14606,0.008148371241986752,0.9506547451019287
TEST_14607,0.36076247692108154,0.8437870740890503
TEST_14608,0.01235173363238573,0.9961464405059814
TEST_14609,0.21592280268669128,0.9218850135803223
TEST_14610,0.01742081716656685,0.9913169145584106
TEST_14611,0.022584358230233192,0.9974806904792786
TEST_14612,0.25640538334846497,0.9784386157989502
TEST_14613,0.11887476593255997,0.9506813883781433
TEST_14614,0.005506252404302359,0.9987146854400635
TEST_14615,0.03066357411444187,0.934586763381958
TEST_14616,0.002699252450838685,0.9879530072212219
TEST_14617,0.02952224388718605,0.9968425035476685
TEST_14618,0.049526460468769073,0.9853465557098389
TEST_14619,0.0020304739009588957,0.9994514584541321
TEST_14620,0.010122711770236492,0.9815560579299927
TEST_14621,0.030053220689296722,0.9974318146705627
TEST_14622,0.17658910155296326,0.9952672719955444
TEST_14623,0.0008400676306337118,0.9995501637458801
TEST_14624,0.049345508217811584,0.9703503847122192
TEST_14625,0.004125795792788267,0.9990034699440002
TEST_14626,0.03639966621994972,0.9402451515197754
TEST_14627,0.028434250503778458,0.9174600839614868
TEST_14628,0.018996212631464005,0.8264051675796509
TEST_14629,0.07340525090694427,0.9452480673789978
TEST_14630,0.0016345815965905786,0.9958999752998352
TEST_14631,0.029968688264489174,0.8634185194969177
TEST_14632,0.17664244771003723,0.9987398982048035
TEST_14633,0.010060937143862247,0.9974076151847839
TEST_14634,0.062468335032463074,0.9551739692687988
TEST_14635,0.006997894961386919,0.9999328851699829
TEST_14636,0.4645610749721527,0.26754671335220337
TEST_14637,0.9526979327201843,0.14313887059688568
TEST_14638,0.006658489815890789,0.9988346695899963
TEST_14639,0.0010980984661728144,0.9999903440475464
TEST_14640,0.5084071755409241,0.9493201971054077
TEST_14641,0.01732344925403595,0.9999028444290161
TEST_14642,0.009256351739168167,0.9990637898445129
TEST_14643,0.000722269993275404,0.9635335803031921
TEST_14644,0.0036309666465967894,0.9910022616386414
TEST_14645,0.02393108420073986,0.9881415367126465
TEST_14646,0.0062898872420191765,0.9850000143051147
TEST_14647,0.020264187827706337,0.9952828288078308
TEST_14648,0.9984745383262634,0.012837283313274384
TEST_14649,0.19197455048561096,0.8505871891975403
TEST_14650,0.0004878006293438375,0.9980854988098145
TEST_14651,0.8916152715682983,0.9559687972068787
TEST_14652,0.006375666707754135,0.9670682549476624
TEST_14653,0.007531581912189722,0.9846087694168091
TEST_14654,0.00048509775660932064,0.999075174331665
TEST_14655,0.013417879119515419,0.9955001473426819
TEST_14656,0.12210913002490997,0.9020406007766724
TEST_14657,0.029830973595380783,0.9782260060310364
TEST_14658,0.0020182779990136623,0.973305881023407
TEST_14659,0.006604650057852268,0.9025048017501831
TEST_14660,0.9938370585441589,0.09208298474550247
TEST_14661,0.005260460544377565,0.9768692851066589
TEST_14662,0.004269115626811981,0.9962559938430786
TEST_14663,0.0387909896671772,0.21961142122745514
TEST_14664,0.030389701947569847,0.9751197695732117
TEST_14665,0.029792865738272667,0.7456343173980713
TEST_14666,0.018601583316922188,0.9907151460647583
TEST_14667,0.0004951566224917769,0.9999395608901978
TEST_14668,0.21864911913871765,0.8387725353240967
TEST_14669,0.024821197614073753,0.9826636910438538
TEST_14670,0.0005853616748936474,0.9997757077217102
TEST_14671,0.0023108446039259434,0.878504753112793
TEST_14672,0.003399563953280449,0.9806815981864929
TEST_14673,0.04213998094201088,0.9700987935066223
TEST_14674,0.0036384304985404015,0.9991624355316162
TEST_14675,0.06402448564767838,0.32912442088127136
TEST_14676,0.06292271614074707,0.8968356847763062
TEST_14677,0.1684209555387497,0.13606292009353638
TEST_14678,0.03523894399404526,0.974809467792511
TEST_14679,0.003495554905384779,0.9582650065422058
TEST_14680,0.006678398698568344,0.9967573285102844
TEST_14681,0.00629796925932169,0.9884486794471741
TEST_14682,0.005937592126429081,0.9489272236824036
TEST_14683,0.017232106998562813,0.9193557500839233
TEST_14684,0.1416088044643402,0.004906534682959318
TEST_14685,0.00030077830888330936,0.9999991655349731
TEST_14686,0.0036453998181968927,0.9904975295066833
TEST_14687,0.005506059154868126,0.9864590167999268
TEST_14688,0.8239896893501282,0.6638807654380798
TEST_14689,0.8534431457519531,0.015453173778951168
TEST_14690,0.00761387450620532,0.9988824725151062
TEST_14691,0.1596534550189972,0.9713342785835266
TEST_14692,0.0016493769362568855,0.9404504299163818
TEST_14693,0.004083388019353151,0.997286319732666
TEST_14694,0.23134441673755646,0.9380770921707153
TEST_14695,0.012620997615158558,0.9916272163391113
TEST_14696,0.005856234114617109,0.9621143937110901
TEST_14697,0.01214066706597805,0.9968447685241699
TEST_14698,0.04402954876422882,0.9760769009590149
TEST_14699,0.002014484954997897,0.9881300926208496
TEST_14700,0.03904133290052414,0.9285160899162292
TEST_14701,0.026239674538373947,0.9013275504112244
TEST_14702,0.01957974024116993,0.9994660019874573
TEST_14703,0.0487196147441864,0.9718754887580872
TEST_14704,0.003373207524418831,0.9979225993156433
TEST_14705,0.5737505555152893,0.9610267281532288
TEST_14706,0.018781710416078568,0.9948068261146545
TEST_14707,0.0007438567117787898,0.9994844198226929
TEST_14708,0.011278918944299221,0.9581956267356873
TEST_14709,0.29121026396751404,0.8419291377067566
TEST_14710,0.01721138320863247,0.9952324032783508
TEST_14711,0.8291420340538025,0.977846622467041
TEST_14712,0.11589401215314865,0.8675234317779541
TEST_14713,0.013717390596866608,0.9981916546821594
TEST_14714,0.0007818196900188923,0.9997257590293884
TEST_14715,0.07288755476474762,0.9992910623550415
TEST_14716,0.006053767632693052,0.9869024753570557
TEST_14717,0.06844713538885117,0.9893348813056946
TEST_14718,0.028834830969572067,0.8782017827033997
TEST_14719,0.002581173088401556,0.9974250793457031
TEST_14720,0.002619384787976742,0.993556559085846
TEST_14721,0.7824450731277466,0.854459822177887
TEST_14722,0.008117223158478737,0.9993429780006409
TEST_14723,0.009524108842015266,0.938456654548645
TEST_14724,0.008762165904045105,0.96513831615448
TEST_14725,0.03057888150215149,0.8882262706756592
TEST_14726,0.02045496553182602,0.999363124370575
TEST_14727,0.03326241299510002,0.9882694482803345
TEST_14728,0.020227527245879173,0.9790804982185364
TEST_14729,0.9727527499198914,0.0047858282923698425
TEST_14730,0.09935883432626724,0.9855448603630066
TEST_14731,0.02000080607831478,0.9748468399047852
TEST_14732,0.01390175148844719,0.9939897060394287
TEST_14733,0.0007006804225966334,0.998530387878418
TEST_14734,0.9148212671279907,0.5396819710731506
TEST_14735,0.15247918665409088,0.9740554094314575
TEST_14736,0.09841955453157425,0.8892720341682434
TEST_14737,0.003575527109205723,0.988746702671051
TEST_14738,0.01418419647961855,0.9325022101402283
TEST_14739,0.0009675200562924147,0.9662696123123169
TEST_14740,0.001020240830257535,0.9988204836845398
TEST_14741,0.014363165013492107,0.996119499206543
TEST_14742,0.2550489902496338,0.41475749015808105
TEST_14743,0.0004935229080729187,0.9990278482437134
TEST_14744,0.07203595340251923,0.9478904604911804
TEST_14745,0.00065017951419577,0.9987204074859619
TEST_14746,0.014397485181689262,0.9791190028190613
TEST_14747,0.04286054149270058,0.7174493074417114
TEST_14748,0.0006943090702407062,0.9998974800109863
TEST_14749,0.011337022297084332,0.9721971750259399
TEST_14750,0.0012769975000992417,0.9843254089355469
TEST_14751,0.03090108372271061,0.9975793957710266
TEST_14752,0.005259487312287092,0.9973794221878052
TEST_14753,0.9999692440032959,0.0005347614060156047
TEST_14754,0.011587177403271198,0.8384146094322205
TEST_14755,0.0012862588046118617,0.999504566192627
TEST_14756,0.00453974399715662,0.9933285713195801
TEST_14757,0.05095900967717171,0.7980619668960571
TEST_14758,0.004307517781853676,0.9697731733322144
TEST_14759,0.03252657502889633,0.9957804679870605
TEST_14760,0.2742813527584076,0.6592166423797607
TEST_14761,0.00679214159026742,0.9961375594139099
TEST_14762,0.013540852814912796,0.9919121265411377
TEST_14763,0.0003959141904488206,0.9974654912948608
TEST_14764,0.001814951770938933,0.9916844367980957
TEST_14765,0.000647215056233108,0.9999617338180542
TEST_14766,0.30385062098503113,0.7429545521736145
TEST_14767,0.1665770560503006,0.9378661513328552
TEST_14768,0.0031922662165015936,0.9828937649726868
TEST_14769,0.9954791069030762,0.007473910227417946
TEST_14770,0.016548549756407738,0.998687207698822
TEST_14771,0.06132170557975769,0.9520524144172668
TEST_14772,0.0068563842214643955,0.9981399774551392
TEST_14773,0.0005467049195431173,0.9996160268783569
TEST_14774,0.012061316519975662,0.9974910020828247
TEST_14775,0.01069722417742014,0.9833016395568848
TEST_14776,0.0038947949651628733,0.9137725830078125
TEST_14777,0.0026751933619379997,0.994109034538269
TEST_14778,0.005893501453101635,0.9364246129989624
TEST_14779,0.0009084217017516494,0.998437225818634
TEST_14780,0.020853951573371887,0.9862222075462341
TEST_14781,0.010151026770472527,0.9571540355682373
TEST_14782,0.02767704613506794,0.8211350440979004
TEST_14783,0.09758642315864563,0.522219181060791
TEST_14784,0.009882324375212193,0.9563837051391602
TEST_14785,0.0004926888504996896,0.9996901750564575
TEST_14786,0.034791119396686554,0.9132640361785889
TEST_14787,0.884417712688446,0.5283725261688232
TEST_14788,0.03321559727191925,0.9216127991676331
TEST_14789,0.029687710106372833,0.8128002882003784
TEST_14790,0.024498939514160156,0.9994673132896423
TEST_14791,0.0009095464483834803,0.9963002800941467
TEST_14792,0.04322950914502144,0.9200716614723206
TEST_14793,0.045384835451841354,0.9728480577468872
TEST_14794,0.9999964237213135,0.001151319476775825
TEST_14795,0.0060015274211764336,0.9889918565750122
TEST_14796,0.7481660842895508,0.8728623390197754
TEST_14797,0.0033184841740876436,0.9974960684776306
TEST_14798,0.0009180933702737093,0.9931899905204773
TEST_14799,0.08423051983118057,0.7825349569320679
TEST_14800,0.09125829488039017,0.9902532696723938
TEST_14801,0.02006426826119423,0.9989577531814575
TEST_14802,0.04257006570696831,0.826937735080719
TEST_14803,0.07309700548648834,0.7770383954048157
TEST_14804,0.0003349606122355908,0.9974871873855591
TEST_14805,0.0004902922664768994,0.9993703961372375
TEST_14806,0.0064378646202385426,0.9943893551826477
TEST_14807,0.8677579164505005,0.08760873228311539
TEST_14808,0.002897038357332349,0.9972947239875793
TEST_14809,0.0884271040558815,0.7247633337974548
TEST_14810,0.34589532017707825,0.8677675127983093
TEST_14811,0.19821736216545105,0.8956193327903748
TEST_14812,0.00856630876660347,0.9959576725959778
TEST_14813,0.8983418941497803,0.8922179341316223
TEST_14814,0.0007997089996933937,0.9952431321144104
TEST_14815,0.005333479959517717,0.9129739999771118
TEST_14816,0.02241542562842369,0.9272179007530212
TEST_14817,0.0010661905398592353,0.9985277652740479
TEST_14818,0.008158396929502487,0.9826341271400452
TEST_14819,0.014608178287744522,0.9620280861854553
TEST_14820,0.0002858987427316606,0.9726448059082031
TEST_14821,0.005552786402404308,0.8907122611999512
TEST_14822,0.04490760713815689,0.9877382516860962
TEST_14823,0.023132266476750374,0.9842930436134338
TEST_14824,0.0039061368443071842,0.9873462319374084
TEST_14825,0.3693769872188568,0.8796816468238831
TEST_14826,0.0051251244731247425,0.9990642666816711
TEST_14827,0.004903280641883612,0.9993669390678406
TEST_14828,0.016117515042424202,0.9585612416267395
TEST_14829,0.9997790455818176,0.3670797049999237
TEST_14830,0.9997077584266663,0.008014025166630745
TEST_14831,0.10471159964799881,0.9713928699493408
TEST_14832,0.004243045579642057,0.9966613054275513
TEST_14833,0.027989493682980537,0.998612642288208
TEST_14834,0.0007457929314114153,0.9958484172821045
TEST_14835,0.23184318840503693,0.8055964112281799
TEST_14836,0.0015648036496713758,0.9363107085227966
TEST_14837,0.3236638009548187,0.8675737380981445
TEST_14838,0.0037845317274332047,0.949219286441803
TEST_14839,0.010964110493659973,0.9991403818130493
TEST_14840,0.09091046452522278,0.3115813136100769
TEST_14841,0.004064032342284918,1.0
TEST_14842,0.9966781139373779,0.7013924717903137
TEST_14843,0.05177263915538788,0.8724573254585266
TEST_14844,0.03068145364522934,0.5951278209686279
TEST_14845,0.2362772822380066,0.5752152800559998
TEST_14846,0.01682768203318119,0.9826403260231018
TEST_14847,0.001554034766741097,0.9974888563156128
TEST_14848,0.01027207262814045,0.836468517780304
TEST_14849,0.05069149658083916,0.9954186677932739
TEST_14850,0.13663586974143982,0.9040133953094482
TEST_14851,0.006227636709809303,0.9943411350250244
TEST_14852,0.6195077300071716,0.8441026210784912
TEST_14853,0.0011235574493184686,0.9996497631072998
TEST_14854,0.05126190930604935,0.9608663320541382
TEST_14855,0.6922188997268677,0.8513606190681458
TEST_14856,0.05346282944083214,0.9404529333114624
TEST_14857,0.1096237450838089,0.9164040684700012
TEST_14858,0.0026208385825157166,0.9687115550041199
TEST_14859,0.5637699365615845,0.9926313161849976
TEST_14860,0.009621681645512581,0.9996404647827148
TEST_14861,0.0024795352946966887,0.9763088822364807
TEST_14862,0.011325675994157791,0.9717478156089783
TEST_14863,0.0074646202847361565,0.9986572265625
TEST_14864,0.0014752383576706052,1.0
TEST_14865,0.024243194609880447,0.7863712310791016
TEST_14866,0.00643081683665514,0.9983543157577515
TEST_14867,0.9993545413017273,0.3080310821533203
TEST_14868,0.0643756166100502,0.8700180649757385
TEST_14869,0.009102490730583668,0.9984660148620605
TEST_14870,0.0012044659815728664,0.9995021820068359
TEST_14871,0.028315935283899307,0.93332839012146
TEST_14872,0.015991998836398125,0.958507239818573
TEST_14873,0.012609955854713917,0.9783414602279663
TEST_14874,0.9387120604515076,0.20206914842128754
TEST_14875,0.9100233316421509,0.04123507812619209
TEST_14876,0.5641717314720154,0.19083110988140106
TEST_14877,0.008211730979382992,0.990856945514679
TEST_14878,0.024997636675834656,0.6702336072921753
TEST_14879,0.44948720932006836,0.9186339378356934
TEST_14880,0.059378836303949356,0.6711771488189697
TEST_14881,0.0011519102845340967,0.9983835220336914
TEST_14882,0.0180563535541296,0.9992941617965698
TEST_14883,0.13286647200584412,0.5907037258148193
TEST_14884,0.005598099902272224,0.9707984328269958
TEST_14885,0.002953712362796068,0.9047985076904297
TEST_14886,0.9734823107719421,0.05967869982123375
TEST_14887,0.0007286261534318328,0.9966350197792053
TEST_14888,0.014835326932370663,0.9760321378707886
TEST_14889,0.09534329175949097,0.9935237169265747
TEST_14890,0.006163135636597872,0.9988452196121216
TEST_14891,0.12296895682811737,0.9952239394187927
TEST_14892,0.003732958110049367,0.9972957968711853
TEST_14893,0.0611710399389267,0.9035111665725708
TEST_14894,0.05523299425840378,0.9039811491966248
TEST_14895,0.0016894323052838445,0.9903898239135742
TEST_14896,0.0014247925719246268,0.9926455020904541
TEST_14897,0.016625095158815384,0.9937303066253662
TEST_14898,0.048606883734464645,0.991213858127594
TEST_14899,0.2525623142719269,0.8247982263565063
TEST_14900,0.00023558575776405632,0.99974125623703
TEST_14901,0.956126868724823,0.9522922039031982
TEST_14902,0.04196200519800186,0.917472779750824
TEST_14903,0.9984320998191833,0.0007514384342357516
TEST_14904,0.0003570913104340434,0.9999698400497437
TEST_14905,0.006899859756231308,0.9999973773956299
TEST_14906,0.036902930587530136,0.9973490238189697
TEST_14907,0.0025277764070779085,0.992737352848053
TEST_14908,0.13394032418727875,0.9734306931495667
TEST_14909,0.09003085643053055,0.9156063795089722
TEST_14910,0.003480470972135663,0.99826979637146
TEST_14911,0.04896156117320061,0.868259608745575
TEST_14912,0.006668576970696449,0.9513806104660034
TEST_14913,0.005188907962292433,0.9975678324699402
TEST_14914,0.05705679580569267,0.9602919220924377
TEST_14915,0.4338676929473877,0.20547010004520416
TEST_14916,0.0003506162320263684,0.9999996423721313
TEST_14917,0.0023322883062064648,0.9999992847442627
TEST_14918,0.040769871324300766,0.8810111284255981
TEST_14919,0.012092316523194313,0.9914401769638062
TEST_14920,0.6735114455223083,0.34380054473876953
TEST_14921,0.20834830403327942,0.9213935136795044
TEST_14922,0.0844850018620491,0.8669961094856262
TEST_14923,0.00320176943205297,0.9690976142883301
TEST_14924,0.01802392117679119,0.9998966455459595
TEST_14925,0.00524631654843688,0.9990772008895874
TEST_14926,0.011101039126515388,0.6014458537101746
TEST_14927,0.015306375920772552,0.9959497451782227
TEST_14928,0.3344286382198334,0.929362416267395
TEST_14929,0.0005123977898620069,0.9987504482269287
TEST_14930,0.021369675174355507,0.9919060468673706
TEST_14931,0.19596733152866364,0.9641108512878418
TEST_14932,0.0009231352596543729,0.9980815649032593
TEST_14933,0.15459135174751282,0.9889390468597412
TEST_14934,0.28949132561683655,0.40191972255706787
TEST_14935,0.00792455393821001,0.9622188806533813
TEST_14936,0.9908294677734375,0.8274722099304199
TEST_14937,0.0073505183681845665,0.932671070098877
TEST_14938,0.007630166132003069,0.9364801645278931
TEST_14939,0.007828060537576675,0.9956165552139282
TEST_14940,0.039490748196840286,0.8767730593681335
TEST_14941,0.02578677609562874,0.6222710013389587
TEST_14942,0.07039730995893478,0.8762626051902771
TEST_14943,0.009532321244478226,0.9991136193275452
TEST_14944,0.006857329048216343,0.9984291195869446
TEST_14945,0.09984736889600754,0.9689314961433411
TEST_14946,0.007077514193952084,0.9985765218734741
TEST_14947,0.01685190387070179,0.8634916543960571
TEST_14948,0.0011360959615558386,0.9909806847572327
TEST_14949,0.0012396246893331409,0.9968409538269043
TEST_14950,0.0007520383805967867,0.9996433258056641
TEST_14951,0.6839807033538818,0.9780132174491882
TEST_14952,0.0034685982391238213,0.9938695430755615
TEST_14953,2.1189351173234172e-05,0.999686598777771
TEST_14954,0.8530898094177246,0.9324044585227966
TEST_14955,0.09034162759780884,0.9793674349784851
TEST_14956,0.003677738131955266,0.9995470643043518
TEST_14957,0.0022645010612905025,0.9891312122344971
TEST_14958,0.006951306480914354,0.9992208480834961
TEST_14959,0.004578647203743458,0.99905925989151
TEST_14960,0.05861018970608711,0.9974988102912903
TEST_14961,0.028292980045080185,0.9913712739944458
TEST_14962,0.010398049838840961,0.9931120276451111
TEST_14963,0.7690632343292236,0.6294385194778442
TEST_14964,0.0008564810850657523,0.9775271415710449
TEST_14965,0.0022687087766826153,0.9987990856170654
TEST_14966,0.01899654231965542,0.9836392402648926
TEST_14967,0.001248779590241611,0.9914339780807495
TEST_14968,0.043009620159864426,0.9952945113182068
TEST_14969,0.012388467788696289,0.9914681911468506
TEST_14970,0.0013602515682578087,0.9978524446487427
TEST_14971,0.004381344188004732,0.9999957084655762
TEST_14972,0.004254570696502924,0.990262508392334
TEST_14973,0.14335806667804718,0.9818675518035889
TEST_14974,0.0012726772110909224,0.9935662150382996
TEST_14975,0.011355212889611721,0.9882062077522278
TEST_14976,0.017138561233878136,0.9999626874923706
TEST_14977,0.039877999573946,0.9926981329917908
TEST_14978,0.03874989598989487,0.9381116032600403
TEST_14979,0.011354212649166584,0.9551448225975037
TEST_14980,0.007684152573347092,0.9621055722236633
TEST_14981,0.0016818339936435223,0.9859834313392639
TEST_14982,0.01479229237884283,0.9958524703979492
TEST_14983,0.005684669595211744,0.9975265860557556
TEST_14984,0.029854513704776764,0.9911403059959412
TEST_14985,0.0014001809759065509,0.9971410036087036
TEST_14986,0.019028589129447937,0.9981269240379333
TEST_14987,0.0005669691599905491,0.998755931854248
TEST_14988,0.00620165653526783,0.9910885095596313
TEST_14989,0.040459297597408295,0.906842827796936
TEST_14990,0.00038042545202188194,0.9996960163116455
TEST_14991,0.000551967357750982,0.9998891353607178
TEST_14992,0.05019281059503555,0.9838597774505615
TEST_14993,0.031558651477098465,0.8892311453819275
TEST_14994,0.00037567864637821913,0.9968770742416382
TEST_14995,0.01547437347471714,0.9524279236793518
TEST_14996,0.13018345832824707,0.8120161890983582
TEST_14997,0.023894213140010834,0.9805216789245605
TEST_14998,0.03344923257827759,0.9466375708580017
TEST_14999,0.030728135257959366,0.9450923204421997
TEST_15000,0.008411056362092495,0.8549492359161377
TEST_15001,0.0045621274039149284,0.9990515112876892
TEST_15002,0.17690615355968475,0.8715346455574036
TEST_15003,0.8902807235717773,0.12910665571689606
TEST_15004,0.022983258590102196,0.8962171673774719
TEST_15005,0.02468516118824482,0.9566910862922668
TEST_15006,0.04254674166440964,0.9966374635696411
TEST_15007,0.0295146144926548,0.9978112578392029
TEST_15008,0.2613009810447693,0.9920623302459717
TEST_15009,0.01800292357802391,0.9838587641716003
TEST_15010,0.5927653908729553,0.8667507767677307
TEST_15011,0.0034539124462753534,0.999390721321106
TEST_15012,0.1709325760602951,0.8584050536155701
TEST_15013,0.3105364441871643,0.024775201454758644
TEST_15014,0.0012981564505025744,0.9936176538467407
TEST_15015,0.018185930326581,0.9893425703048706
TEST_15016,0.043805405497550964,0.9996769428253174
TEST_15017,0.037970948964357376,0.8565376996994019
TEST_15018,0.013207854703068733,0.9971297383308411
TEST_15019,0.9218316674232483,0.8608868718147278
TEST_15020,0.0012597211170941591,0.9982873797416687
TEST_15021,0.06127249076962471,0.9909424185752869
TEST_15022,0.03600075840950012,0.9272630214691162
TEST_15023,0.0002827407734002918,0.997189462184906
TEST_15024,0.08908282220363617,0.8632255792617798
TEST_15025,0.02149774692952633,0.9950219392776489
TEST_15026,0.05482969805598259,0.895243763923645
TEST_15027,0.0022666663862764835,0.8118644952774048
TEST_15028,0.01982872188091278,0.9877090454101562
TEST_15029,0.003783578984439373,0.9975860118865967
TEST_15030,0.008885214105248451,0.998660683631897
TEST_15031,0.012834117747843266,0.9905637502670288
TEST_15032,0.0003628774138633162,0.9989084005355835
TEST_15033,0.0034000424202531576,0.9941735863685608
TEST_15034,0.1496620625257492,0.6473343968391418
TEST_15035,0.0012650447897613049,0.9993627667427063
TEST_15036,0.06286635994911194,0.8543710708618164
TEST_15037,0.004964202176779509,0.9641125202178955
TEST_15038,0.42074885964393616,0.8470036387443542
TEST_15039,0.8367534279823303,0.9795944094657898
TEST_15040,0.003200182458385825,0.9977666139602661
TEST_15041,0.007534896954894066,0.9996274709701538
TEST_15042,0.07120193541049957,0.8819149136543274
TEST_15043,0.021546443924307823,0.996006190776825
TEST_15044,0.02920800819993019,0.8992661237716675
TEST_15045,0.8010240197181702,0.70200514793396
TEST_15046,0.001539902063086629,0.9989727735519409
TEST_15047,0.46961626410484314,0.6279370784759521
TEST_15048,0.0014841648517176509,0.9907438158988953
TEST_15049,0.02958589605987072,0.994272768497467
TEST_15050,0.02102774567902088,0.8517594933509827
TEST_15051,0.016112571582198143,0.9907065033912659
TEST_15052,0.0005850169691257179,0.9993360638618469
TEST_15053,0.01144630741328001,0.9953969120979309
TEST_15054,0.013477053493261337,0.9987550973892212
TEST_15055,0.004506372846662998,0.9996523857116699
TEST_15056,0.06988519430160522,0.9891530275344849
TEST_15057,5.815800614072941e-05,0.9998086094856262
TEST_15058,0.0005928506143391132,0.9983957409858704
TEST_15059,0.8045930862426758,0.0030563981272280216
TEST_15060,0.03433926776051521,0.9869308471679688
TEST_15061,0.0027448416221886873,0.9981927275657654
TEST_15062,0.003048892831429839,0.8916602730751038
TEST_15063,0.013177636079490185,0.9764648079872131
TEST_15064,0.0062440843321383,0.9687304496765137
TEST_15065,0.01956438459455967,0.9973426461219788
TEST_15066,0.010170661844313145,0.9775426387786865
TEST_15067,0.0069985175505280495,0.9989492297172546
TEST_15068,0.23756930232048035,0.9880344271659851
TEST_15069,0.04037538543343544,0.9785176515579224
TEST_15070,0.07366997748613358,0.977769136428833
TEST_15071,0.9937823414802551,0.012666673399508
TEST_15072,0.03253185376524925,0.9323160648345947
TEST_15073,0.9978888630867004,0.9060919880867004
TEST_15074,0.9959604144096375,0.17365355789661407
TEST_15075,0.026276562362909317,0.9854796528816223
TEST_15076,0.004766672849655151,0.9997262358665466
TEST_15077,0.009972449392080307,0.9941943287849426
TEST_15078,0.003884011646732688,0.9960418939590454
TEST_15079,0.007108035963028669,0.9168558120727539
TEST_15080,0.00888693518936634,0.9959654808044434
TEST_15081,0.004890176001936197,0.9911415576934814
TEST_15082,0.00444761710241437,0.9907247424125671
TEST_15083,0.218061164021492,0.7907134890556335
TEST_15084,0.00681327236816287,0.9994744658470154
TEST_15085,0.1566276103258133,0.9863195419311523
TEST_15086,0.010144781321287155,0.997645914554596
TEST_15087,0.9131139516830444,0.708326518535614
TEST_15088,0.6198399662971497,0.6731362342834473
TEST_15089,0.6134403347969055,0.6886044144630432
TEST_15090,0.0024107114877551794,0.9903784990310669
TEST_15091,0.0035757787991315126,0.9974109530448914
TEST_15092,0.8257877826690674,0.794996976852417
TEST_15093,0.0015338398516178131,0.9557006359100342
TEST_15094,0.002585937036201358,0.9847116470336914
TEST_15095,0.01353275403380394,0.9999313354492188
TEST_15096,0.03951028734445572,0.9960277080535889
TEST_15097,0.10398294776678085,0.9739872217178345
TEST_15098,0.012988931499421597,0.765157163143158
TEST_15099,0.033861804753541946,0.9907746911048889
TEST_15100,0.03911970928311348,0.9951074123382568
TEST_15101,0.3968193829059601,0.7133780121803284
TEST_15102,0.032847680151462555,0.9312556982040405
TEST_15103,0.03288460895419121,0.9327260851860046
TEST_15104,0.006309564225375652,0.9978058934211731
TEST_15105,0.008661664091050625,0.9926825165748596
TEST_15106,0.0019517515320330858,0.9905132055282593
TEST_15107,0.007577747106552124,0.9948719143867493
TEST_15108,0.0075144642032682896,0.9748609066009521
TEST_15109,0.023487843573093414,0.9993796348571777
TEST_15110,0.011794748716056347,0.9454162120819092
TEST_15111,0.08992461860179901,0.37750861048698425
TEST_15112,0.0671490877866745,0.994172990322113
TEST_15113,0.00980687141418457,0.9542492032051086
TEST_15114,0.01185709796845913,0.9553443193435669
TEST_15115,0.07907409965991974,0.8636035323143005
TEST_15116,0.00039689254481345415,0.9164184927940369
TEST_15117,0.003834689036011696,0.9991231560707092
TEST_15118,0.03949997201561928,0.9864155650138855
TEST_15119,0.9978949427604675,0.6234197020530701
TEST_15120,0.01602902077138424,0.9845214486122131
TEST_15121,0.013416314497590065,0.9441319108009338
TEST_15122,0.015812326222658157,0.9928905963897705
TEST_15123,0.009977854788303375,0.9950579404830933
TEST_15124,0.023943575099110603,0.9668760895729065
TEST_15125,0.00010769632353913039,0.9997335076332092
TEST_15126,0.009509778581559658,0.970930814743042
TEST_15127,0.0023033032193779945,0.9973490238189697
TEST_15128,0.018591100350022316,0.9341163635253906
TEST_15129,0.016821736469864845,0.9887251257896423
TEST_15130,0.03519163280725479,0.9559869766235352
TEST_15131,0.027497023344039917,0.948614239692688
TEST_15132,0.002883894369006157,0.9441725611686707
TEST_15133,0.03782782703638077,0.9515836834907532
TEST_15134,0.0038088250439614058,0.9964007139205933
TEST_15135,0.5849219560623169,0.8281773328781128
TEST_15136,0.0295029915869236,0.8407212495803833
TEST_15137,0.10513056069612503,0.9885983467102051
TEST_15138,0.02745221182703972,0.9768259525299072
TEST_15139,0.8871745467185974,0.03255337104201317
TEST_15140,0.0007968381978571415,0.9968816041946411
TEST_15141,0.9776280522346497,0.0119596216827631
TEST_15142,0.0217661801725626,0.9836540818214417
TEST_15143,0.0015417896211147308,0.9931476712226868
TEST_15144,0.009905445389449596,0.9042844176292419
TEST_15145,0.03819471597671509,0.9010827541351318
TEST_15146,0.00913613848388195,0.968280017375946
TEST_15147,0.026046056300401688,0.9929601550102234
TEST_15148,0.03687708079814911,0.9890469908714294
TEST_15149,0.0037430457305163145,0.999019980430603
TEST_15150,0.025258678942918777,0.9356203079223633
TEST_15151,0.0021836834494024515,0.9978444576263428
TEST_15152,0.027699168771505356,0.9935160875320435
TEST_15153,0.002264672424644232,0.9999479055404663
TEST_15154,0.14507803320884705,0.6057270765304565
TEST_15155,0.003034197958186269,0.963255763053894
TEST_15156,0.0008025155402719975,0.9992819428443909
TEST_15157,0.0007467505638487637,0.999426007270813
TEST_15158,0.06558297574520111,0.8754634857177734
TEST_15159,0.3611646294593811,0.9877628684043884
TEST_15160,0.38908275961875916,0.034074436873197556
TEST_15161,0.0014830288710072637,0.9942915439605713
TEST_15162,0.00575054669752717,0.9854119420051575
TEST_15163,0.9089421629905701,0.9872241020202637
TEST_15164,0.9307451844215393,0.9206529855728149
TEST_15165,0.8972657322883606,0.6613074541091919
TEST_15166,0.0033884351141750813,0.9554262161254883
TEST_15167,0.0029605263844132423,0.9261049032211304
TEST_15168,0.014326454140245914,0.9118726253509521
TEST_15169,0.01642834022641182,0.9855976700782776
TEST_15170,0.0054673608392477036,0.9966813921928406
TEST_15171,0.007344237994402647,0.892712414264679
TEST_15172,0.0023773214779794216,0.9997060894966125
TEST_15173,0.017476489767432213,0.9959220886230469
TEST_15174,0.022548304870724678,0.9119247794151306
TEST_15175,0.026158848777413368,0.9532539248466492
TEST_15176,0.0265416968613863,0.9733543395996094
TEST_15177,0.010795352049171925,0.9791023135185242
TEST_15178,0.014599176123738289,0.9932382106781006
TEST_15179,0.009766323491930962,0.9794042110443115
TEST_15180,0.003634978085756302,0.9983213543891907
TEST_15181,0.9239065647125244,0.6863105893135071
TEST_15182,0.0035173059441149235,0.9932263493537903
TEST_15183,0.0031395331025123596,0.9968734383583069
TEST_15184,0.06213125213980675,0.857600212097168
TEST_15185,0.007800879422575235,0.9819445610046387
TEST_15186,0.8579442501068115,0.6926149129867554
TEST_15187,0.004999043419957161,0.9995841383934021
TEST_15188,0.03115331567823887,0.9925591945648193
TEST_15189,0.01578473299741745,0.988816499710083
TEST_15190,0.0029223228339105844,0.9990371465682983
TEST_15191,0.009147615171968937,0.9733167290687561
TEST_15192,0.002313802717253566,0.9992315769195557
TEST_15193,0.004286198876798153,0.9999996423721313
TEST_15194,0.0016125546535477042,0.9980617165565491
TEST_15195,0.00027424542349763215,0.9999716281890869
TEST_15196,0.003448257688432932,0.9842222332954407
TEST_15197,0.10284491628408432,0.8633732795715332
TEST_15198,0.0038667176850140095,0.9897929430007935
TEST_15199,0.0005501064588315785,0.9977084398269653
TEST_15200,0.0036864937283098698,0.9931343793869019
TEST_15201,0.29837486147880554,0.8823209404945374
TEST_15202,0.0010059729684144258,0.9997926354408264
TEST_15203,0.43687117099761963,0.9597069025039673
TEST_15204,0.1778007447719574,0.955757737159729
TEST_15205,0.011925339698791504,0.9966161847114563
TEST_15206,0.008477943949401379,0.9831578731536865
TEST_15207,0.01675613783299923,0.9907868504524231
TEST_15208,0.009720834903419018,0.9574257135391235
TEST_15209,0.08809220045804977,0.8609592318534851
TEST_15210,0.15994323790073395,0.9207969903945923
TEST_15211,0.07452801614999771,0.877936601638794
TEST_15212,0.10525914281606674,0.8658842444419861
TEST_15213,0.004911691881716251,0.9413523077964783
TEST_15214,0.016434188932180405,0.9987402558326721
TEST_15215,0.007684475742280483,0.9497563242912292
TEST_15216,0.43477365374565125,0.4903601109981537
TEST_15217,0.002809337107464671,0.9988638162612915
TEST_15218,0.005203914362937212,0.9940420985221863
TEST_15219,0.1195836290717125,0.923653781414032
TEST_15220,0.0009591299458406866,0.9982814788818359
TEST_15221,0.9996860027313232,0.08650631457567215
TEST_15222,0.038353219628334045,0.9282540082931519
TEST_15223,0.9980345368385315,0.012244729325175285
TEST_15224,0.0026019946672022343,0.9603605270385742
TEST_15225,0.7009403109550476,0.9697802662849426
TEST_15226,0.04022499918937683,0.9826136231422424
TEST_15227,0.12719249725341797,0.920076310634613
TEST_15228,0.9436642527580261,0.848682165145874
TEST_15229,0.06828052550554276,0.9537124633789062
TEST_15230,0.8256564140319824,0.36374637484550476
TEST_15231,0.005937406327575445,0.9803778529167175
TEST_15232,0.04155902937054634,0.930621862411499
TEST_15233,0.0010788722429424524,0.9963906407356262
TEST_15234,0.011868544854223728,0.9970621466636658
TEST_15235,0.002441093558445573,0.9616428017616272
TEST_15236,0.007043569814413786,0.9885653853416443
TEST_15237,0.06433026492595673,0.9578374028205872
TEST_15238,0.00229988363571465,0.9785168766975403
TEST_15239,0.06941360235214233,0.9919750094413757
TEST_15240,0.06346887350082397,0.10774651914834976
TEST_15241,9.552894031372716e-10,0.9999911785125732
TEST_15242,0.11945150047540665,0.9994414448738098
TEST_15243,0.01769799366593361,0.9661568999290466
TEST_15244,0.05716060474514961,0.9147096276283264
TEST_15245,0.011584251187741756,0.9884492754936218
TEST_15246,0.20496906340122223,0.059470269829034805
TEST_15247,0.03593401238322258,0.8582364320755005
TEST_15248,0.030556824058294296,0.9855608344078064
TEST_15249,0.0005578205455094576,0.9994385838508606
TEST_15250,0.04191611334681511,0.8999274373054504
TEST_15251,0.010848008096218109,0.9775402545928955
TEST_15252,0.004059597384184599,0.9990754127502441
TEST_15253,0.49833282828330994,0.8513180613517761
TEST_15254,0.007173787336796522,0.99128258228302
TEST_15255,0.03587920963764191,0.9205336570739746
TEST_15256,0.00780786108225584,0.9823289513587952
TEST_15257,0.005748348776251078,0.9897165894508362
TEST_15258,0.010583203285932541,0.9615601897239685
TEST_15259,0.04110068455338478,0.8514754176139832
TEST_15260,0.02143334038555622,0.9983956217765808
TEST_15261,0.0005928342579863966,0.9999490976333618
TEST_15262,0.01691087894141674,0.9697560667991638
TEST_15263,0.08322597295045853,0.9742374420166016
TEST_15264,0.08801104873418808,0.9925141930580139
TEST_15265,0.46615102887153625,0.96219801902771
TEST_15266,0.06461295485496521,0.9944287538528442
TEST_15267,0.004772981628775597,0.9974397420883179
TEST_15268,0.12778285145759583,0.11660885810852051
TEST_15269,0.7157661318778992,0.5369057059288025
TEST_15270,0.0009987468365579844,0.9183146953582764
TEST_15271,0.041038062423467636,0.9750037789344788
TEST_15272,0.042250216007232666,0.9870790243148804
TEST_15273,0.024707898497581482,0.8788602948188782
TEST_15274,0.817913293838501,0.9740316271781921
TEST_15275,0.02636577934026718,0.9970767498016357
TEST_15276,0.0012811255874112248,0.997597873210907
TEST_15277,0.00435916893184185,0.9982191920280457
TEST_15278,0.0018072383245453238,0.9989522695541382
TEST_15279,0.0020156758837401867,0.9993593096733093
TEST_15280,0.16797366738319397,0.8756570219993591
TEST_15281,0.001321375253610313,0.9996978044509888
TEST_15282,0.9741743206977844,0.0010571959428489208
TEST_15283,0.04365010932087898,0.6199671626091003
TEST_15284,0.1517006754875183,0.8872946500778198
TEST_15285,0.0009328799205832183,0.9973631501197815
TEST_15286,0.025911305099725723,0.9890376925468445
TEST_15287,0.003016707021743059,0.9817951321601868
TEST_15288,0.009335864335298538,0.96211838722229
TEST_15289,0.005066306330263615,0.9920743703842163
TEST_15290,0.018171975389122963,0.9965524673461914
TEST_15291,0.0005670478567481041,0.9679398536682129
TEST_15292,0.13561877608299255,0.297563761472702
TEST_15293,0.01844645105302334,0.9821964502334595
TEST_15294,0.03684352710843086,0.9586336612701416
TEST_15295,0.07670635730028152,0.7227604985237122
TEST_15296,0.03842156380414963,0.9921294450759888
TEST_15297,0.00902425218373537,0.9651468992233276
TEST_15298,0.43670323491096497,0.9130867123603821
TEST_15299,0.09045949578285217,0.9684820771217346
TEST_15300,0.016547370702028275,0.9915056824684143
TEST_15301,0.010708624497056007,0.9930417537689209
TEST_15302,0.0012049960205331445,0.9999381303787231
TEST_15303,0.003831169568002224,0.986331582069397
TEST_15304,0.15770694613456726,0.6440216898918152
TEST_15305,0.06981956213712692,0.63739413022995
TEST_15306,0.03866418078541756,0.9601272940635681
TEST_15307,0.0025462904013693333,0.9940441250801086
TEST_15308,0.053629666566848755,0.9310832023620605
TEST_15309,0.006876394618302584,0.7921304702758789
TEST_15310,0.02296966314315796,0.9152125716209412
TEST_15311,0.8353855013847351,0.010729284957051277
TEST_15312,0.001816135598346591,0.996563732624054
TEST_15313,0.13724569976329803,0.9967337846755981
TEST_15314,0.053306031972169876,0.9875763654708862
TEST_15315,0.01951071247458458,0.8183808922767639
TEST_15316,0.0110047347843647,0.9851198792457581
TEST_15317,0.004840473178774118,0.9821502566337585
TEST_15318,0.010475465096533298,0.9759126901626587
TEST_15319,0.003854797687381506,0.9961434006690979
TEST_15320,0.05414507910609245,0.9534323811531067
TEST_15321,0.07866031676530838,0.8702669143676758
TEST_15322,0.02783941477537155,0.9811702370643616
TEST_15323,0.011939804069697857,0.9987804293632507
TEST_15324,0.005480179097503424,0.991338849067688
TEST_15325,0.005689210258424282,0.9914325475692749
TEST_15326,0.1451692432165146,0.9192152619361877
TEST_15327,5.121079448144883e-05,0.9999877214431763
TEST_15328,0.043710071593523026,0.8871546387672424
TEST_15329,0.013350832276046276,0.9954559803009033
TEST_15330,0.003970564808696508,0.9959154725074768
TEST_15331,0.018059832975268364,0.9774945378303528
TEST_15332,0.003394530387595296,0.9872398972511292
TEST_15333,0.007409256417304277,0.9880869388580322
TEST_15334,0.0014580750139430165,0.9734508991241455
TEST_15335,0.027111371979117393,0.9601982831954956
TEST_15336,0.010052663274109364,0.976384699344635
TEST_15337,0.0026718175504356623,0.9997081160545349
TEST_15338,0.9999760389328003,2.2011916371411644e-05
TEST_15339,0.0012233194429427385,0.9908744096755981
TEST_15340,0.014687643386423588,0.998593270778656
TEST_15341,0.8990702629089355,0.8991401195526123
TEST_15342,0.9799796342849731,0.19296716153621674
TEST_15343,0.025026580318808556,0.9701619148254395
TEST_15344,0.05815919488668442,0.9959045052528381
TEST_15345,0.07172174006700516,0.8650899529457092
TEST_15346,0.000401500758016482,0.9599528908729553
TEST_15347,0.04980926215648651,0.9935271739959717
TEST_15348,0.28844591975212097,0.19877664744853973
TEST_15349,0.018003413453698158,0.9997914433479309
TEST_15350,0.0014352143043652177,0.9948207139968872
TEST_15351,0.028222449123859406,0.9801754355430603
TEST_15352,0.0039358073845505714,0.9869287014007568
TEST_15353,0.05987069010734558,0.8528028726577759
TEST_15354,0.003748934483155608,0.9999572038650513
TEST_15355,0.029915913939476013,0.8819262981414795
TEST_15356,0.0012140671024098992,0.9994657635688782
TEST_15357,0.022401493042707443,0.9769723415374756
TEST_15358,0.1348288208246231,0.8778733015060425
TEST_15359,0.008192774839699268,0.9863031506538391
TEST_15360,0.3780743181705475,0.7711092829704285
TEST_15361,0.0050790272653102875,0.9941518902778625
TEST_15362,0.02535604126751423,0.9450292587280273
TEST_15363,0.0042843883857131,0.9673188924789429
TEST_15364,0.02447613701224327,0.9698495268821716
TEST_15365,0.004676362033933401,0.9947878122329712
TEST_15366,0.015978634357452393,0.9159494042396545
TEST_15367,0.05714455246925354,0.6516774892807007
TEST_15368,0.023353183642029762,0.929210364818573
TEST_15369,0.02031751163303852,0.9901948571205139
TEST_15370,0.030459795147180557,0.7675415873527527
TEST_15371,0.0051545072346925735,0.9482221007347107
TEST_15372,0.8621551990509033,0.6028637290000916
TEST_15373,0.05646388605237007,0.9348530173301697
TEST_15374,0.1705411821603775,0.5563285946846008
TEST_15375,0.026775116100907326,0.9927198886871338
TEST_15376,0.002623551292344928,1.0
TEST_15377,0.002739651594310999,0.9998651742935181
TEST_15378,0.008430040441453457,0.9380820393562317
TEST_15379,0.004679398611187935,0.9984561204910278
TEST_15380,0.0009070711676031351,0.9985679388046265
TEST_15381,0.0045775542967021465,0.9830545783042908
TEST_15382,0.0348035953938961,0.9875596165657043
TEST_15383,0.057182278484106064,0.8151425719261169
TEST_15384,0.0297550018876791,0.9827281832695007
TEST_15385,0.020660407841205597,0.9767420887947083
TEST_15386,0.00016020129260141402,0.9976109266281128
TEST_15387,0.003365107113495469,0.9989173412322998
TEST_15388,0.03243954852223396,0.9434555768966675
TEST_15389,0.9681417942047119,0.5951026082038879
TEST_15390,0.002204308519139886,0.9976310729980469
TEST_15391,0.37404972314834595,0.4419976472854614
TEST_15392,0.9759543538093567,0.5669296383857727
TEST_15393,0.03239031508564949,0.9735289812088013
TEST_15394,0.061918724328279495,0.9398327469825745
TEST_15395,0.017159797251224518,0.9432649612426758
TEST_15396,0.001138193067163229,0.9852926135063171
TEST_15397,0.006742220371961594,0.999548614025116
TEST_15398,0.776347279548645,0.9034788608551025
TEST_15399,0.06963525712490082,0.9394304156303406
TEST_15400,0.003308886894956231,0.984930157661438
TEST_15401,0.011002061888575554,0.9664344191551208
TEST_15402,0.0003029615618288517,0.9999810457229614
TEST_15403,0.0032198955304920673,0.992374837398529
TEST_15404,6.3424636209674645e-06,0.9997878670692444
TEST_15405,0.008731134235858917,0.891974687576294
TEST_15406,0.9353265166282654,0.9805060625076294
TEST_15407,0.005008261650800705,0.9912921786308289
TEST_15408,0.002582449931651354,0.9000059366226196
TEST_15409,0.05913785845041275,0.46395260095596313
TEST_15410,0.02939799055457115,0.8891269564628601
TEST_15411,0.0020516053773462772,0.9990398287773132
TEST_15412,0.4308030903339386,0.9460309743881226
TEST_15413,0.07306486368179321,0.7637307643890381
TEST_15414,0.0008220060262829065,0.9998621940612793
TEST_15415,0.008500843308866024,0.9941028952598572
TEST_15416,0.0914272740483284,0.9202077388763428
TEST_15417,0.008786344900727272,0.9947313070297241
TEST_15418,0.001044910866767168,0.9984754920005798
TEST_15419,0.001790720853023231,0.997748076915741
TEST_15420,0.0033852870110422373,0.9631770849227905
TEST_15421,0.0027679179329425097,0.9973278045654297
TEST_15422,0.3053078055381775,0.8447603583335876
TEST_15423,0.13365013897418976,0.9577222466468811
TEST_15424,0.0011627216590568423,0.9823217391967773
TEST_15425,0.752331554889679,0.4499320983886719
TEST_15426,0.00037273927591741085,0.9991225600242615
TEST_15427,0.012459130957722664,0.9963577389717102
TEST_15428,0.05584171786904335,0.802216649055481
TEST_15429,0.0319308377802372,0.9414463639259338
TEST_15430,0.0013676474336534739,0.9007914066314697
TEST_15431,0.001786612905561924,0.9998526573181152
TEST_15432,0.00035013587330468,0.9970691800117493
TEST_15433,0.35947856307029724,0.9934861063957214
TEST_15434,0.012590870261192322,0.8767508268356323
TEST_15435,0.0074660517275333405,0.9980878233909607
TEST_15436,0.01130027323961258,0.98776775598526
TEST_15437,0.027133386582136154,0.9882161021232605
TEST_15438,0.09399322420358658,0.9467462301254272
TEST_15439,0.004047752358019352,0.988970160484314
TEST_15440,0.9287006855010986,0.7966465950012207
TEST_15441,0.00036810559686273336,0.9928871989250183
TEST_15442,0.030516259372234344,0.9840625524520874
TEST_15443,0.01949106529355049,0.9735629558563232
TEST_15444,0.20509682595729828,0.9921748042106628
TEST_15445,0.009172001853585243,0.9991282820701599
TEST_15446,0.01022168155759573,0.924257755279541
TEST_15447,0.001464717322960496,0.9973931312561035
TEST_15448,1.7084210412576795e-05,0.9999715089797974
TEST_15449,0.03129198029637337,0.6072472333908081
TEST_15450,0.0011170480865985155,0.9974243640899658
TEST_15451,0.014069446362555027,0.953187882900238
TEST_15452,0.21264035999774933,0.6879259943962097
TEST_15453,0.0050378888845443726,0.957402765750885
TEST_15454,0.009550513699650764,0.986221194267273
TEST_15455,0.25215277075767517,0.2650153934955597
TEST_15456,0.027922919020056725,0.9370810389518738
TEST_15457,0.00782750453799963,0.9890956282615662
TEST_15458,0.018898358568549156,0.9825561046600342
TEST_15459,0.006998968776315451,0.9933738708496094
TEST_15460,0.030923476442694664,0.9981662631034851
TEST_15461,0.0017040458042174578,0.9896172285079956
TEST_15462,0.7351783514022827,0.6977220773696899
TEST_15463,0.0014965585432946682,0.9671155214309692
TEST_15464,0.005540795158594847,0.9182167649269104
TEST_15465,0.0003506290668155998,0.9985906481742859
TEST_15466,0.058204419910907745,0.9936942458152771
TEST_15467,0.019678259268403053,0.9508846998214722
TEST_15468,0.0169781856238842,0.919147789478302
TEST_15469,0.04824099317193031,0.9153730869293213
TEST_15470,0.008321025408804417,0.9941385984420776
TEST_15471,0.0018217830220237374,0.9989196062088013
TEST_15472,0.001538221724331379,0.9932428002357483
TEST_15473,0.9915163516998291,0.9949119687080383
TEST_15474,0.0016980584478005767,0.9983810186386108
TEST_15475,0.39289912581443787,0.23711615800857544
TEST_15476,0.09125492721796036,0.7762373685836792
TEST_15477,0.0008491019834764302,0.9994124174118042
TEST_15478,0.048892006278038025,0.7664024829864502
TEST_15479,0.23261567950248718,0.8401758670806885
TEST_15480,0.014346109703183174,0.9898498058319092
TEST_15481,0.10711991041898727,0.9560205340385437
TEST_15482,0.1283453404903412,0.8794412016868591
TEST_15483,0.03768476843833923,0.5761821866035461
TEST_15484,0.0075474269688129425,0.9967229962348938
TEST_15485,0.04229719191789627,0.9395078420639038
TEST_15486,0.005918812472373247,0.9944115281105042
TEST_15487,0.05824527144432068,0.9987276196479797
TEST_15488,0.20752157270908356,0.1099669486284256
TEST_15489,0.11900653690099716,0.5973334908485413
TEST_15490,0.0015591980190947652,0.9997890591621399
TEST_15491,0.006168924272060394,0.9930580854415894
TEST_15492,0.0030293611343950033,0.990912914276123
TEST_15493,0.0014165403554216027,0.9966766834259033
TEST_15494,0.026417814195156097,0.8889593482017517
TEST_15495,0.9985390901565552,0.04191677272319794
TEST_15496,0.022035356611013412,0.9975364208221436
TEST_15497,0.0038523906841874123,0.9983748197555542
TEST_15498,0.009104985743761063,0.9994826316833496
TEST_15499,0.05550650134682655,0.9665222764015198
TEST_15500,0.0034794225357472897,0.9645037055015564
TEST_15501,0.02921111322939396,0.9928866028785706
TEST_15502,0.031170519068837166,0.8181490302085876
TEST_15503,0.14405591785907745,0.9762178659439087
TEST_15504,0.008562474511563778,0.9965015649795532
TEST_15505,0.06397448480129242,0.9726481437683105
TEST_15506,0.03525245934724808,0.8510274887084961
TEST_15507,0.915084183216095,0.9241488575935364
TEST_15508,0.009510866366326809,0.9962908029556274
TEST_15509,0.5016712546348572,0.9647476077079773
TEST_15510,0.03417041897773743,0.9645597338676453
TEST_15511,0.014713190495967865,0.9949122071266174
TEST_15512,0.0004938989295624197,0.9995588660240173
TEST_15513,0.0008089577313512564,0.9958856701850891
TEST_15514,0.01080621313303709,0.9865082502365112
TEST_15515,0.026681765913963318,0.8956359624862671
TEST_15516,0.002412114292383194,0.9875146150588989
TEST_15517,0.9435927271842957,0.9841274619102478
TEST_15518,0.5526228547096252,0.6176162958145142
TEST_15519,0.06086177006363869,0.9822784662246704
TEST_15520,0.03341742977499962,0.9879119992256165
TEST_15521,0.017683807760477066,0.9982522130012512
TEST_15522,0.005397228058427572,0.9738918542861938
TEST_15523,0.033327192068099976,0.9528478980064392
TEST_15524,0.010719828307628632,0.9436657428741455
TEST_15525,0.0026220183353871107,0.9212694764137268
TEST_15526,0.05018090084195137,0.9970500469207764
TEST_15527,0.99649977684021,0.651101291179657
TEST_15528,0.0024037195835262537,0.9845876693725586
TEST_15529,0.0027150227688252926,0.9327120780944824
TEST_15530,0.5632727146148682,0.951910138130188
TEST_15531,0.002329285489395261,0.9969109892845154
TEST_15532,0.028673142194747925,0.9906716346740723
TEST_15533,0.0006003880989737809,0.9999485015869141
TEST_15534,0.0030204295180737972,0.9967993497848511
TEST_15535,0.003633311716839671,0.989080011844635
TEST_15536,0.4138443171977997,0.16759829223155975
TEST_15537,0.03312334790825844,0.9511750936508179
TEST_15538,0.00036399340024217963,0.9948581457138062
TEST_15539,0.02253446727991104,0.9216955304145813
TEST_15540,0.49426865577697754,0.7586708068847656
TEST_15541,0.005854846443980932,0.9195724129676819
TEST_15542,0.006065477151423693,0.9761192798614502
TEST_15543,0.0031460553873330355,0.9972477555274963
TEST_15544,0.0034183214884251356,0.9656159281730652
TEST_15545,0.6243396997451782,0.9909378290176392
TEST_15546,0.3022221028804779,0.8446961045265198
TEST_15547,0.03957251086831093,0.989840567111969
TEST_15548,0.012376059778034687,0.9921667575836182
TEST_15549,0.010470963083207607,0.9987741112709045
TEST_15550,0.0076696183532476425,0.996229350566864
TEST_15551,0.033745672553777695,0.9827703237533569
TEST_15552,0.0007468537660315633,0.9991583824157715
TEST_15553,0.0025832043029367924,0.9997954964637756
TEST_15554,0.0029626598116010427,0.9997308850288391
TEST_15555,0.0056478101760149,0.9993921518325806
TEST_15556,0.02136903628706932,0.9914255142211914
TEST_15557,0.03522438928484917,0.5235361456871033
TEST_15558,0.01756666786968708,0.9352355003356934
TEST_15559,0.01128709502518177,0.998397171497345
TEST_15560,0.0023797783069312572,0.9937716126441956
TEST_15561,0.0008909896132536232,0.9796327352523804
TEST_15562,0.289348304271698,0.7473532557487488
TEST_15563,0.013788586482405663,0.9458134770393372
TEST_15564,0.11232573539018631,0.9752979874610901
TEST_15565,0.010560166090726852,0.9840285181999207
TEST_15566,0.009059937670826912,0.997443675994873
TEST_15567,0.06917867064476013,0.9986897110939026
TEST_15568,0.21296988427639008,0.8095479607582092
TEST_15569,0.02958528883755207,0.9957440495491028
TEST_15570,0.016027305275201797,0.9981489181518555
TEST_15571,0.03341389447450638,0.9221059679985046
TEST_15572,0.017470167949795723,0.9564841389656067
TEST_15573,0.10120289772748947,0.8655853271484375
TEST_15574,0.053688857704401016,0.8007159233093262
TEST_15575,0.21787363290786743,0.9971666932106018
TEST_15576,0.0004653647483792156,0.9936062097549438
TEST_15577,0.007348691578954458,0.9987133741378784
TEST_15578,0.0021374148782342672,0.9927082657814026
TEST_15579,0.02413816563785076,0.839485228061676
TEST_15580,0.0037594158202409744,0.993309736251831
TEST_15581,0.002271238947287202,0.9993444085121155
TEST_15582,0.8135647177696228,0.07997222244739532
TEST_15583,0.035010308027267456,0.958437442779541
TEST_15584,0.00872551929205656,0.9849972724914551
TEST_15585,0.011962996795773506,0.9772838950157166
TEST_15586,0.07417336106300354,0.9602571725845337
TEST_15587,0.05251696705818176,0.9900394082069397
TEST_15588,0.24265891313552856,0.7712109684944153
TEST_15589,0.012793614529073238,0.8713006973266602
TEST_15590,0.9860544800758362,0.29359185695648193
TEST_15591,0.21647882461547852,0.9453141093254089
TEST_15592,0.835625946521759,0.009874367155134678
TEST_15593,0.009006424807012081,0.9981521964073181
TEST_15594,7.018810720182955e-05,0.9991915822029114
TEST_15595,0.8334552049636841,0.9122732281684875
TEST_15596,0.005436094943434,0.9979023933410645
TEST_15597,0.039128366857767105,0.9880058169364929
TEST_15598,0.0020950951147824526,0.9955001473426819
TEST_15599,0.3204851448535919,0.9941942095756531
TEST_15600,0.003596186637878418,0.9917224049568176
TEST_15601,0.005884336773306131,0.9999954700469971
TEST_15602,0.014506509527564049,0.9989014863967896
TEST_15603,0.034248583018779755,0.979820966720581
TEST_15604,0.01575123891234398,0.991724967956543
TEST_15605,0.013179880566895008,0.956557035446167
TEST_15606,0.051818329840898514,0.918391764163971
TEST_15607,0.013343372382223606,0.6938788890838623
TEST_15608,0.004287556279450655,0.9995357990264893
TEST_15609,0.018285121768712997,0.9104384779930115
TEST_15610,0.021113550290465355,0.9947239756584167
TEST_15611,0.0006665854016318917,0.9979498982429504
TEST_15612,0.0024491127114742994,0.9999895095825195
TEST_15613,0.0012581617338582873,0.9929177761077881
TEST_15614,0.0007297905394807458,0.9984349608421326
TEST_15615,0.9998019337654114,0.0022891229018568993
TEST_15616,0.03393047675490379,0.9696444869041443
TEST_15617,0.02728332206606865,0.9847773313522339
TEST_15618,0.0012173274299129844,0.9930559992790222
TEST_15619,0.010010347701609135,0.8974800705909729
TEST_15620,0.38322877883911133,0.8209735751152039
TEST_15621,0.8474905490875244,0.08876527100801468
TEST_15622,0.006659010890871286,0.9975489974021912
TEST_15623,0.006105256732553244,0.9989795088768005
TEST_15624,0.9899985194206238,0.0017369037959724665
TEST_15625,0.0007808934315107763,0.997597873210907
TEST_15626,0.9297524690628052,0.6228993535041809
TEST_15627,0.15767808258533478,0.9508793354034424
TEST_15628,0.002778502181172371,0.9998583793640137
TEST_15629,0.42099642753601074,0.27886492013931274
TEST_15630,0.016545835882425308,0.9840794205665588
TEST_15631,0.009732854552567005,0.949815034866333
TEST_15632,0.0001902732183225453,0.9997854828834534
TEST_15633,0.016923679038882256,0.9082159996032715
TEST_15634,0.19509364664554596,0.9456837177276611
TEST_15635,0.01319172978401184,0.9118070006370544
TEST_15636,0.21827830374240875,0.937376856803894
TEST_15637,0.005462910979986191,0.9949173927307129
TEST_15638,0.0007529405411332846,0.9989445805549622
TEST_15639,0.6891109347343445,0.8737708926200867
TEST_15640,0.9946920275688171,0.8882900476455688
TEST_15641,0.23288649320602417,0.9315144419670105
TEST_15642,0.01113385520875454,0.9980315566062927
TEST_15643,0.027532799169421196,0.9740031361579895
TEST_15644,0.0044979313388466835,0.9721066951751709
TEST_15645,0.002487331861630082,0.9996401071548462
TEST_15646,0.010477768257260323,0.9810980558395386
TEST_15647,0.027595847845077515,0.9930980801582336
TEST_15648,0.0017260636668652296,0.9985458850860596
TEST_15649,0.12626913189888,0.6064609289169312
TEST_15650,0.0010064705274999142,0.9972547888755798
TEST_15651,0.014972514472901821,0.9853583574295044
TEST_15652,0.001588875544257462,0.9995995163917542
TEST_15653,0.00556865194812417,0.9872146844863892
TEST_15654,0.7755290269851685,0.591969907283783
TEST_15655,0.03468562662601471,0.8861070275306702
TEST_15656,0.002408698434010148,0.999228835105896
TEST_15657,0.10005279630422592,0.9365043044090271
TEST_15658,0.0016630500322207808,0.9918519854545593
TEST_15659,0.10046439617872238,0.9756420254707336
TEST_15660,0.5151900053024292,0.988899290561676
TEST_15661,0.01647401601076126,0.9787887334823608
TEST_15662,0.00655136676505208,0.9500218033790588
TEST_15663,0.9146487712860107,0.04050052911043167
TEST_15664,0.02316456474363804,0.9977061748504639
TEST_15665,0.01658186875283718,0.9808791279792786
TEST_15666,0.36865419149398804,0.6395490765571594
TEST_15667,0.000802112277597189,0.9996236562728882
TEST_15668,0.3279155492782593,0.9554524421691895
TEST_15669,0.023676643148064613,0.9977874755859375
TEST_15670,0.011574596166610718,0.9915719032287598
TEST_15671,0.5901625156402588,0.8897170424461365
TEST_15672,0.00953106489032507,0.9955594539642334
TEST_15673,0.176719531416893,0.5616721510887146
TEST_15674,0.0030301776714622974,0.9706701636314392
TEST_15675,0.11602585762739182,0.2132863849401474
TEST_15676,0.015673203393816948,0.9831134080886841
TEST_15677,0.00017406466940883547,0.9985515475273132
TEST_15678,0.03428671509027481,0.8623777627944946
TEST_15679,0.054550424218177795,0.9983567595481873
TEST_15680,0.0005569439381361008,0.9984252452850342
TEST_15681,0.9469990730285645,0.6412220597267151
TEST_15682,0.004791916348040104,0.9998999834060669
TEST_15683,0.16208724677562714,0.9517338871955872
TEST_15684,0.022346442565321922,0.9579353332519531
TEST_15685,0.13043610751628876,0.8687126040458679
TEST_15686,0.009307453408837318,0.9628031253814697
TEST_15687,0.010320289060473442,0.989254355430603
TEST_15688,0.001146815367974341,0.9980584979057312
TEST_15689,0.024793600663542747,0.9604694843292236
TEST_15690,0.3400299847126007,0.803048849105835
TEST_15691,0.00468828808516264,0.9601946473121643
TEST_15692,0.0457194447517395,0.995646059513092
TEST_15693,0.008032465353608131,0.9982041120529175
TEST_15694,0.10729418694972992,0.8866097927093506
TEST_15695,0.004411386791616678,0.9984095692634583
TEST_15696,0.04377804696559906,0.9703685641288757
TEST_15697,0.009731420315802097,0.8966048359870911
TEST_15698,0.0005846128915436566,0.9990814924240112
TEST_15699,0.999584972858429,0.00010489277337910607
TEST_15700,0.09941815584897995,0.5628997087478638
TEST_15701,0.0419035404920578,0.8524038195610046
TEST_15702,0.007113984785974026,0.9625846743583679
TEST_15703,0.00697275111451745,0.9860070943832397
TEST_15704,0.05752973631024361,0.8806255459785461
TEST_15705,0.02986125275492668,0.9213472604751587
TEST_15706,0.16597580909729004,0.6980477571487427
TEST_15707,0.0006069607334211469,0.9976335763931274
TEST_15708,0.018921328708529472,0.9932732582092285
TEST_15709,0.05302389711141586,0.9033298492431641
TEST_15710,0.012720205821096897,0.9686614274978638
TEST_15711,0.09212838113307953,0.8101934790611267
TEST_15712,0.01016652025282383,0.9805599451065063
TEST_15713,0.0003142989007756114,0.9998830556869507
TEST_15714,0.8054412603378296,0.5265531539916992
TEST_15715,0.01739688776433468,0.7771041989326477
TEST_15716,0.0008107839967124164,0.9985378980636597
TEST_15717,0.03554396331310272,0.9648028016090393
TEST_15718,0.02281847409904003,0.9596906304359436
TEST_15719,0.004464448895305395,0.9973202347755432
TEST_15720,0.00479069072753191,0.9959874749183655
TEST_15721,0.214734748005867,0.9656693935394287
TEST_15722,0.011601053178310394,0.9924484491348267
TEST_15723,0.03268489986658096,0.969547688961029
TEST_15724,0.10169351100921631,0.8689284324645996
TEST_15725,0.03263954445719719,0.9464591145515442
TEST_15726,0.0002567548945080489,0.9975442290306091
TEST_15727,0.03366316854953766,0.8918948173522949
TEST_15728,0.0007231804775074124,0.9990652203559875
TEST_15729,0.8332438468933105,0.2916083335876465
TEST_15730,0.020000942051410675,0.9943999648094177
TEST_15731,0.03399904817342758,0.9719797372817993
TEST_15732,0.004935628734529018,0.9964058995246887
TEST_15733,0.012356957420706749,0.9551162123680115
TEST_15734,0.0034098445903509855,0.9943941831588745
TEST_15735,0.006941205356270075,0.9779056906700134
TEST_15736,0.00024226840469054878,0.998471200466156
TEST_15737,0.08486226201057434,0.9392254948616028
TEST_15738,0.00043713621562346816,0.9996498823165894
TEST_15739,0.21047045290470123,0.8952847719192505
TEST_15740,0.01893189176917076,0.6478458642959595
TEST_15741,0.9070583581924438,0.3786543011665344
TEST_15742,0.010080094449222088,0.9265721440315247
TEST_15743,0.004775952082127333,0.9079893231391907
TEST_15744,0.008367406204342842,0.9951968789100647
TEST_15745,0.0002967765321955085,0.9985005855560303
TEST_15746,0.06899497658014297,0.1688438057899475
TEST_15747,0.009188452735543251,0.9758492708206177
TEST_15748,0.00015608100511599332,0.9999253749847412
TEST_15749,0.018963424488902092,0.9901317358016968
TEST_15750,0.010288122110068798,0.988678514957428
TEST_15751,0.007701515685766935,0.9832926392555237
TEST_15752,0.015602927654981613,0.9962081909179688
TEST_15753,0.019111696630716324,0.8680619597434998
TEST_15754,0.005138514097779989,0.9187353849411011
TEST_15755,0.002594082849100232,0.9955002665519714
TEST_15756,0.0008873246260918677,0.984468400478363
TEST_15757,0.01908538118004799,0.9956530332565308
TEST_15758,0.002232256345450878,0.9956530332565308
TEST_15759,0.0019526045070961118,0.9902123808860779
TEST_15760,0.9798098802566528,0.05103079229593277
TEST_15761,0.07471292465925217,0.6895196437835693
TEST_15762,0.006178254261612892,0.9993906021118164
TEST_15763,0.04782208800315857,0.9897438883781433
TEST_15764,0.0017601581057533622,0.9762018322944641
TEST_15765,0.007881063967943192,0.9980210065841675
TEST_15766,0.6034371852874756,0.8579866886138916
TEST_15767,0.05728952959179878,0.7949192523956299
TEST_15768,0.891493022441864,0.061722155660390854
TEST_15769,0.0043993545696139336,0.9931032657623291
TEST_15770,0.03600504621863365,0.9886212944984436
TEST_15771,0.014591201208531857,0.8160252571105957
TEST_15772,0.42408663034439087,0.9774945378303528
TEST_15773,0.003137008985504508,0.9994621872901917
TEST_15774,0.004726720042526722,0.9782061576843262
TEST_15775,0.04653364047408104,0.819936990737915
TEST_15776,0.0006518019363284111,0.9979528188705444
TEST_15777,0.0011914774077013135,0.993830144405365
TEST_15778,0.013049439527094364,0.968305766582489
TEST_15779,0.15490256249904633,0.9939478635787964
TEST_15780,0.06228344887495041,0.9428930282592773
TEST_15781,0.00029089293093420565,0.9713811874389648
TEST_15782,0.03850940614938736,0.9333022236824036
TEST_15783,0.010526856407523155,0.8646197319030762
TEST_15784,0.0030146241188049316,0.9928569793701172
TEST_15785,0.0526314303278923,0.8973315358161926
TEST_15786,0.002891348209232092,0.9366880059242249
TEST_15787,0.7677645683288574,0.9918274879455566
TEST_15788,0.28152015805244446,0.5973999500274658
TEST_15789,0.04373035579919815,0.9905062317848206
TEST_15790,0.00616026297211647,0.9653511643409729
TEST_15791,0.24993236362934113,0.32278692722320557
TEST_15792,0.8567842245101929,0.0035902902018278837
TEST_15793,0.03739146888256073,0.9633638262748718
TEST_15794,0.06010391190648079,0.7889361381530762
TEST_15795,0.007979486137628555,0.999188244342804
TEST_15796,0.0023327297531068325,0.9989516735076904
TEST_15797,0.002990186447277665,0.9999580383300781
TEST_15798,0.008967993780970573,0.9792457818984985
TEST_15799,0.007212989963591099,0.9798313975334167
TEST_15800,0.0036712847650051117,0.9803013205528259
TEST_15801,0.016857467591762543,0.898854672908783
TEST_15802,0.021368825808167458,0.9975922107696533
TEST_15803,0.057455796748399734,0.9936425685882568
TEST_15804,0.024919729679822922,0.9989069700241089
TEST_15805,0.9972594976425171,0.002146766521036625
TEST_15806,0.004430897068232298,0.995530903339386
TEST_15807,0.023625448346138,0.9949776530265808
TEST_15808,0.09771905839443207,0.9975764155387878
TEST_15809,0.052157022058963776,0.9017700552940369
TEST_15810,0.003513591131195426,0.9846418499946594
TEST_15811,0.001603041193448007,0.9890346527099609
TEST_15812,0.053190622478723526,0.8981638550758362
TEST_15813,0.9886017441749573,0.676643967628479
TEST_15814,0.024589015170931816,0.9897117614746094
TEST_15815,4.9154889047997585e-09,0.999998927116394
TEST_15816,0.0063831256702542305,0.9991176724433899
TEST_15817,0.006913008168339729,0.9627284407615662
TEST_15818,0.8310219645500183,0.7529155611991882
TEST_15819,0.311466246843338,0.6868727207183838
TEST_15820,0.001328210812062025,0.9969032406806946
TEST_15821,0.05885574221611023,0.989926815032959
TEST_15822,0.0011352968867868185,0.9983983635902405
TEST_15823,0.03218121454119682,0.8925541639328003
TEST_15824,0.004491466097533703,0.9919901490211487
TEST_15825,0.014849998988211155,0.9382470846176147
TEST_15826,0.00248733046464622,0.9989092350006104
TEST_15827,0.04745757207274437,0.9964534044265747
TEST_15828,0.446774423122406,0.8802488446235657
TEST_15829,0.0005498967948369682,0.9999099969863892
TEST_15830,0.00508473627269268,0.9956804513931274
TEST_15831,0.014717718586325645,0.9103831648826599
TEST_15832,0.0030135251581668854,0.9235770106315613
TEST_15833,0.03860265761613846,0.8921158313751221
TEST_15834,0.0037810096982866526,0.9928682446479797
TEST_15835,8.071216228699996e-08,0.9999959468841553
TEST_15836,0.014241009019315243,0.9991533756256104
TEST_15837,0.10320200026035309,0.9848918914794922
TEST_15838,0.5529876351356506,0.9327167272567749
TEST_15839,0.07456708699464798,0.9875398874282837
TEST_15840,0.010365539230406284,0.9988079071044922
TEST_15841,0.0054355282336473465,0.9758301973342896
TEST_15842,0.021259602159261703,0.934195876121521
TEST_15843,0.9999998807907104,6.213891083461931e-06
TEST_15844,0.00105586729478091,0.9998014569282532
TEST_15845,0.00689913472160697,0.8014203906059265
TEST_15846,0.002922813408076763,0.9879351854324341
TEST_15847,0.0017719105817377567,0.993452787399292
TEST_15848,0.031967826187610626,0.9635103344917297
TEST_15849,0.060236960649490356,0.7364518642425537
TEST_15850,0.0039081149734556675,0.9989088773727417
TEST_15851,0.13193951547145844,0.9725760221481323
TEST_15852,0.010674478486180305,0.9903451800346375
TEST_15853,0.16485249996185303,0.9812450408935547
TEST_15854,0.04070467874407768,0.5914903879165649
TEST_15855,0.4419316053390503,0.9530676603317261
TEST_15856,0.004069055430591106,0.9817765355110168
TEST_15857,2.2627514084661016e-08,0.9999901056289673
TEST_15858,0.020620068535208702,0.9347238540649414
TEST_15859,0.030504653230309486,0.9305367469787598
TEST_15860,0.0285339318215847,0.978362500667572
TEST_15861,0.08077619969844818,0.9735146164894104
TEST_15862,0.047468218952417374,0.9881541728973389
TEST_15863,0.010782110504806042,0.9981620907783508
TEST_15864,0.0019097041804343462,0.9922519326210022
TEST_15865,0.0024092807434499264,0.9983238577842712
TEST_15866,0.010460064746439457,0.9966861605644226
TEST_15867,0.007255283184349537,0.9995658993721008
TEST_15868,0.10291340947151184,0.8506854176521301
TEST_15869,0.38886043429374695,0.9718762636184692
TEST_15870,0.6860051155090332,0.889444887638092
TEST_15871,0.0011491385521367192,0.9994408488273621
TEST_15872,0.004671226721256971,0.9328786134719849
TEST_15873,0.0010445526568219066,0.9822232723236084
TEST_15874,0.01596442423760891,0.9959742426872253
TEST_15875,0.2682386338710785,0.9472103714942932
TEST_15876,0.2008056342601776,0.9931255578994751
TEST_15877,0.001465336070396006,0.9998664855957031
TEST_15878,0.029461827129125595,0.9421192407608032
TEST_15879,0.9866421222686768,0.9842512607574463
TEST_15880,0.007712346035987139,0.9998939037322998
TEST_15881,0.02974008023738861,0.9436699748039246
TEST_15882,0.0017437346978113055,0.9977242350578308
TEST_15883,0.05226839706301689,0.555492639541626
TEST_15884,0.010139797814190388,0.9976896047592163
TEST_15885,0.6554467678070068,0.8319948315620422
TEST_15886,0.00641737412661314,0.9796515107154846
TEST_15887,0.0012609480181708932,0.9905297160148621
TEST_15888,0.04432607442140579,0.8656980395317078
TEST_15889,0.006413045339286327,0.9983333945274353
TEST_15890,0.012257736176252365,0.9955026507377625
TEST_15891,0.013342668302357197,0.9847405552864075
TEST_15892,0.005285761784762144,0.9941771030426025
TEST_15893,0.1310301125049591,0.8829280734062195
TEST_15894,0.07348721474409103,0.8799582123756409
TEST_15895,0.04529901593923569,0.9938428401947021
TEST_15896,0.010286402888596058,0.9942759871482849
TEST_15897,0.027123600244522095,0.9742817878723145
TEST_15898,0.013293243944644928,0.9987941980361938
TEST_15899,0.002754821674898267,0.9997574687004089
TEST_15900,0.10715865343809128,0.030690394341945648
TEST_15901,0.0003650712314993143,0.9938595294952393
TEST_15902,0.0010729749919846654,0.9954023361206055
TEST_15903,0.05099562555551529,0.9282405376434326
TEST_15904,0.029647530987858772,0.9290919899940491
TEST_15905,0.00015230390999931842,0.9999552965164185
TEST_15906,0.1093817949295044,0.8919712901115417
TEST_15907,0.015980642288923264,0.998744010925293
TEST_15908,0.014237790368497372,0.9896910190582275
TEST_15909,0.14685936272144318,0.9727137088775635
TEST_15910,0.021105503663420677,0.9994420409202576
TEST_15911,0.019262947142124176,0.874457061290741
TEST_15912,0.9999339580535889,0.00012197658361401409
TEST_15913,0.030994458124041557,0.8734651207923889
TEST_15914,0.004539780784398317,0.9970952272415161
TEST_15915,0.00264279474504292,0.9643877148628235
TEST_15916,0.02178809605538845,0.9936380982398987
TEST_15917,0.0011258942540735006,0.9899750351905823
TEST_15918,0.0037036635912954807,0.998648464679718
TEST_15919,0.059784382581710815,0.9809236526489258
TEST_15920,0.9437743425369263,0.9844191670417786
TEST_15921,0.3597510755062103,0.8031247854232788
TEST_15922,0.01875392720103264,0.9919588565826416
TEST_15923,0.11704692244529724,0.2994037866592407
TEST_15924,0.3615429997444153,0.9018427133560181
TEST_15925,0.014596933498978615,0.9821684956550598
TEST_15926,0.005995312239974737,0.9929317235946655
TEST_15927,0.04892034828662872,0.9933390021324158
TEST_15928,0.019642427563667297,0.9809823036193848
TEST_15929,0.009287521243095398,0.9358904361724854
TEST_15930,0.0008589255739934742,0.9997432827949524
TEST_15931,0.9999785423278809,0.0003373286745045334
TEST_15932,0.9887536764144897,0.0012245633406564593
TEST_15933,0.15500760078430176,0.908558189868927
TEST_15934,0.06445475667715073,0.9090220332145691
TEST_15935,0.10837952047586441,0.8663703203201294
TEST_15936,0.058953363448381424,0.9323912858963013
TEST_15937,0.017811361700296402,0.9592478275299072
TEST_15938,0.036189232021570206,0.982077419757843
TEST_15939,0.010877838358283043,0.9715306758880615
TEST_15940,0.0016882738564163446,0.9904993176460266
TEST_15941,0.8695808053016663,0.527190089225769
TEST_15942,0.0020440882071852684,0.9661980867385864
TEST_15943,0.01054289098829031,0.9990154504776001
TEST_15944,0.06313285231590271,0.20358404517173767
TEST_15945,0.007941513322293758,0.9881572127342224
TEST_15946,0.1200612261891365,0.9886151552200317
TEST_15947,0.16413597762584686,0.9006039500236511
TEST_15948,0.008821397088468075,0.9985629916191101
TEST_15949,0.9647802710533142,0.4434625208377838
TEST_15950,0.00035777929588221014,0.9934926629066467
TEST_15951,0.029605165123939514,0.902279794216156
TEST_15952,0.0025651289615780115,0.9990195035934448
TEST_15953,0.00436978368088603,0.8933775424957275
TEST_15954,0.00697880145162344,0.9908257126808167
TEST_15955,0.0052901459857821465,0.9885382652282715
TEST_15956,0.17489928007125854,0.9972622394561768
TEST_15957,0.13289546966552734,0.8483240008354187
TEST_15958,0.001492853625677526,0.9713956713676453
TEST_15959,0.010930510237812996,0.9988012313842773
TEST_15960,0.02296481281518936,0.9196587204933167
TEST_15961,0.004192159045487642,0.9985373020172119
TEST_15962,0.01970876008272171,0.9710469841957092
TEST_15963,0.045009978115558624,0.9585919976234436
TEST_15964,0.5604629516601562,0.9367071986198425
TEST_15965,0.005257130600512028,0.9808298349380493
TEST_15966,0.26105740666389465,0.8981715440750122
TEST_15967,0.02788080833852291,0.9234038591384888
TEST_15968,0.9999195337295532,1.82139192475006e-05
TEST_15969,0.007213239092379808,0.9789456725120544
TEST_15970,0.007717427331954241,0.9957515001296997
TEST_15971,0.01505817100405693,0.9888074398040771
TEST_15972,0.574044942855835,0.9406347274780273
TEST_15973,0.009147895500063896,0.9823914170265198
TEST_15974,0.002550947479903698,0.9801135063171387
TEST_15975,0.21284577250480652,0.9881601333618164
TEST_15976,0.09237877279520035,0.905267596244812
TEST_15977,0.02606186456978321,0.8946847319602966
TEST_15978,0.03182831034064293,0.8996158838272095
TEST_15979,0.028149321675300598,0.8781817555427551
TEST_15980,0.05841560661792755,0.9131386876106262
TEST_15981,0.0011416549095883965,0.9982835054397583
TEST_15982,0.002088857814669609,0.9950790405273438
TEST_15983,0.009898919612169266,0.9990948438644409
TEST_15984,0.18241159617900848,0.789043128490448
TEST_15985,0.36306291818618774,0.18834753334522247
TEST_15986,0.7620131373405457,0.9972412586212158
TEST_15987,0.0034648983273655176,0.9873409867286682
TEST_15988,0.0003186562971677631,0.999744713306427
TEST_15989,0.0015403727302327752,0.9995730519294739
TEST_15990,0.07732167094945908,0.9581755995750427
TEST_15991,0.9539812207221985,0.19180388748645782
TEST_15992,0.05131051316857338,0.866887092590332
TEST_15993,0.0032240883447229862,0.9473348259925842
TEST_15994,0.08342604339122772,0.9898478388786316
TEST_15995,0.04902803897857666,0.9083639979362488
TEST_15996,0.9424337148666382,0.9836817979812622
TEST_15997,0.0019453288987278938,0.9949801564216614
TEST_15998,0.03770262002944946,0.8412150144577026
TEST_15999,0.003484757151454687,0.9812218546867371
TEST_16000,0.00011473112681414932,0.9999122619628906
TEST_16001,0.006210150197148323,0.995079517364502
TEST_16002,0.32720431685447693,0.9098260402679443
TEST_16003,0.009099737741053104,0.9834764003753662
TEST_16004,0.0324302539229393,0.9839431047439575
TEST_16005,0.0012663773959502578,0.9992582201957703
TEST_16006,0.0033095336984843016,0.9953243732452393
TEST_16007,0.06302326172590256,0.914616048336029
TEST_16008,0.0018542539328336716,0.9719387292861938
TEST_16009,0.00036004820140078664,0.9993584752082825
TEST_16010,0.005599478259682655,0.9993802309036255
TEST_16011,0.003324296325445175,0.8316768407821655
TEST_16012,0.0026295483112335205,0.9999955892562866
TEST_16013,0.0004754249530378729,0.9948273301124573
TEST_16014,0.0779409110546112,0.9647154808044434
TEST_16015,0.0033124322071671486,0.9825112223625183
TEST_16016,0.005501595791429281,0.999843955039978
TEST_16017,0.020612992346286774,0.987090528011322
TEST_16018,0.051498111337423325,0.9563050270080566
TEST_16019,0.038059018552303314,0.9299415946006775
TEST_16020,0.0821695551276207,0.9140082597732544
TEST_16021,0.28101593255996704,0.9920144081115723
TEST_16022,0.005116024520248175,0.9987043142318726
TEST_16023,0.005970420315861702,0.5561151504516602
TEST_16024,0.011115606874227524,0.9758219122886658
TEST_16025,0.0026405234821140766,0.999985933303833
TEST_16026,0.04421551153063774,0.9262310862541199
TEST_16027,0.007322590798139572,0.9369940757751465
TEST_16028,0.0822286307811737,0.7462527751922607
TEST_16029,0.0018062348244711757,0.9935418367385864
TEST_16030,0.02295025624334812,0.7099942564964294
TEST_16031,0.0012850508792325854,0.98786860704422
TEST_16032,0.0268040020018816,0.9741871953010559
TEST_16033,0.023547939956188202,0.9873219132423401
TEST_16034,0.00576862832531333,0.9920172691345215
TEST_16035,0.08545051515102386,0.8929794430732727
TEST_16036,0.007104500196874142,0.9967765212059021
TEST_16037,7.787259164615534e-06,0.9998806715011597
TEST_16038,0.0030357649084180593,0.9888277053833008
TEST_16039,0.1655036211013794,0.941849946975708
TEST_16040,0.0316198468208313,0.9356051683425903
TEST_16041,0.001384348957799375,0.9997805953025818
TEST_16042,0.000484197837067768,0.9993724226951599
TEST_16043,0.9992803931236267,0.0073461988940835
TEST_16044,0.002265096874907613,0.974469780921936
TEST_16045,0.00759672187268734,0.9797795414924622
TEST_16046,0.0044629257172346115,0.9816809296607971
TEST_16047,0.006362666375935078,0.9992007613182068
TEST_16048,0.023499658331274986,0.952190101146698
TEST_16049,0.004000319633632898,0.9208370447158813
TEST_16050,0.05858646705746651,0.8637665510177612
TEST_16051,0.003552359063178301,0.999643087387085
TEST_16052,0.0664127916097641,0.893003523349762
TEST_16053,0.08789502829313278,0.497126042842865
TEST_16054,0.014166091568768024,0.9967718720436096
TEST_16055,0.0002456187503412366,0.9996955394744873
TEST_16056,0.06431864202022552,0.9504402875900269
TEST_16057,0.0831436738371849,0.8587849736213684
TEST_16058,0.002676038071513176,0.9954761862754822
TEST_16059,0.026789451017975807,0.9897133111953735
TEST_16060,0.018702398985624313,0.9959271550178528
TEST_16061,0.08560831099748611,0.7154849171638489
TEST_16062,0.05327798053622246,0.9690520763397217
TEST_16063,0.004071016795933247,0.9903833270072937
TEST_16064,0.03463498502969742,0.9687531590461731
TEST_16065,0.006498399190604687,0.9952705502510071
TEST_16066,0.6909126043319702,0.9060841798782349
TEST_16067,0.052959393709897995,0.9412713050842285
TEST_16068,0.038593292236328125,0.9629106521606445
TEST_16069,0.03276410326361656,0.9969442486763
TEST_16070,0.05982794985175133,0.870424211025238
TEST_16071,0.0019370411755517125,0.9997921586036682
TEST_16072,0.005750551354140043,0.9956755042076111
TEST_16073,0.03680999204516411,0.8944323062896729
TEST_16074,0.031281400471925735,0.9782326221466064
TEST_16075,0.006073815748095512,0.8617396354675293
TEST_16076,0.0010473511647433043,0.9997387528419495
TEST_16077,0.005356892012059689,0.825614869594574
TEST_16078,0.0004969202564097941,0.9991093277931213
TEST_16079,0.01624404452741146,0.9933793544769287
TEST_16080,0.013186430558562279,0.9999037981033325
TEST_16081,0.03691107779741287,0.9394693374633789
TEST_16082,0.005114209838211536,0.9957672357559204
TEST_16083,0.012100482359528542,0.9984862208366394
TEST_16084,0.9998693466186523,0.00015112075197976083
TEST_16085,0.0019968049600720406,0.9944580793380737
TEST_16086,0.8621951341629028,0.8172048926353455
TEST_16087,0.001368098659440875,0.9953193068504333
TEST_16088,0.00210236432030797,0.9987530708312988
TEST_16089,0.06696878373622894,0.9904639720916748
TEST_16090,0.019491979852318764,0.9841757416725159
TEST_16091,0.0023466539569199085,0.9978110194206238
TEST_16092,0.0016128001734614372,0.9983152151107788
TEST_16093,0.0026306454092264175,0.9996782541275024
TEST_16094,0.008230611681938171,0.9964624047279358
TEST_16095,0.2369208186864853,0.8499356508255005
TEST_16096,0.03910330310463905,0.956940770149231
TEST_16097,0.019148776307702065,0.9679216146469116
TEST_16098,0.05786341801285744,0.9924736022949219
TEST_16099,0.0027687475085258484,0.9276049733161926
TEST_16100,0.21927078068256378,0.5035541653633118
TEST_16101,0.003398436587303877,0.9613848924636841
TEST_16102,0.01801310107111931,0.9754769206047058
TEST_16103,0.01671077497303486,0.9434099793434143
TEST_16104,0.06766121089458466,0.936576783657074
TEST_16105,0.8015899062156677,0.7970291972160339
TEST_16106,0.050619613379240036,0.998382568359375
TEST_16107,0.00526380492374301,0.9974160194396973
TEST_16108,0.0024213215801864862,0.9964123368263245
TEST_16109,0.0011435475898906589,0.9997376799583435
TEST_16110,0.0009549609967507422,0.9997459053993225
TEST_16111,0.03524551913142204,0.9595893025398254
TEST_16112,0.04837556555867195,0.972224771976471
TEST_16113,0.010893430560827255,0.9970980882644653
TEST_16114,0.07526947557926178,0.9617884159088135
TEST_16115,0.011459545232355595,0.9812232255935669
TEST_16116,0.011067583225667477,0.9837051033973694
TEST_16117,0.019888723269104958,0.92228102684021
TEST_16118,0.018365494906902313,0.9797648787498474
TEST_16119,0.005693921819329262,0.9989474415779114
TEST_16120,0.004688771441578865,0.9959606528282166
TEST_16121,0.026724593713879585,0.9936165809631348
TEST_16122,0.09981746971607208,0.9056975841522217
TEST_16123,0.06226865574717522,0.910140872001648
TEST_16124,0.032552480697631836,0.9959760308265686
TEST_16125,0.0008609674987383187,0.995868444442749
TEST_16126,0.013701090589165688,0.9916314482688904
TEST_16127,0.004556118045002222,0.99442058801651
TEST_16128,0.013918258249759674,0.9433612823486328
TEST_16129,0.034547578543424606,0.99905925989151
TEST_16130,0.0015673096058890224,0.9960705041885376
TEST_16131,0.013321003876626492,0.9953354001045227
TEST_16132,0.006644674576818943,0.9859026670455933
TEST_16133,0.005504237022250891,0.9946997165679932
TEST_16134,0.00385484891012311,0.9739941954612732
TEST_16135,0.003949644044041634,0.9986338019371033
TEST_16136,0.006276311352849007,0.9265594482421875
TEST_16137,0.024597901850938797,0.9781967997550964
TEST_16138,0.8783376216888428,0.6847492456436157
TEST_16139,0.02551431581377983,0.9958875775337219
TEST_16140,0.020839620381593704,0.9902633428573608
TEST_16141,0.01603824272751808,0.13592861592769623
TEST_16142,0.03260035440325737,0.9909998774528503
TEST_16143,0.0016363250324502587,0.9892076849937439
TEST_16144,0.0034973674919456244,0.9971933960914612
TEST_16145,0.003549354150891304,0.2169496864080429
TEST_16146,0.023731542751193047,0.9983589053153992
TEST_16147,0.545498788356781,0.9956415891647339
TEST_16148,0.8027907013893127,0.9630216360092163
TEST_16149,0.027303604409098625,0.9788941740989685
TEST_16150,0.0010258748661726713,0.99512779712677
TEST_16151,0.0018394188955426216,0.9938958287239075
TEST_16152,0.0014218647265806794,0.966996967792511
TEST_16153,0.025497663766145706,0.8954489827156067
TEST_16154,0.9956454038619995,0.7893739342689514
TEST_16155,0.21183976531028748,0.9813003540039062
TEST_16156,0.02288038283586502,0.9728010296821594
TEST_16157,0.11763156205415726,0.9939525723457336
TEST_16158,0.004681649152189493,0.924019455909729
TEST_16159,0.0033705311361700296,0.9983540773391724
TEST_16160,0.016200965270400047,0.9990443587303162
TEST_16161,0.0005868501029908657,0.9936570525169373
TEST_16162,0.0009302319376729429,0.9956449270248413
TEST_16163,0.8310455083847046,0.9975517392158508
TEST_16164,0.017631186172366142,0.995987594127655
TEST_16165,0.9999768733978271,1.1217979363209452e-06
TEST_16166,0.01438000425696373,0.9438285231590271
TEST_16167,0.9999539852142334,0.0007930992869660258
TEST_16168,0.9999513626098633,3.9116701373131946e-05
TEST_16169,0.0023130904883146286,0.9957082271575928
TEST_16170,0.016468994319438934,0.9978302121162415
TEST_16171,0.010249453596770763,0.9838743209838867
TEST_16172,0.6494144797325134,0.7411954998970032
TEST_16173,0.06379867345094681,0.9188734292984009
TEST_16174,0.0010366050992161036,1.0
TEST_16175,0.001093328814022243,0.9997733235359192
TEST_16176,0.6000180840492249,0.9797994494438171
TEST_16177,0.7684854865074158,0.6883577108383179
TEST_16178,0.060938961803913116,0.9069881439208984
TEST_16179,0.03478921949863434,0.4907752275466919
TEST_16180,0.016395563259720802,0.9443061947822571
TEST_16181,0.01788582280278206,0.9881352186203003
TEST_16182,0.0057845283299684525,0.704415500164032
TEST_16183,0.00872726459056139,0.8799646496772766
TEST_16184,0.0007215345976874232,0.9999897480010986
TEST_16185,0.032051023095846176,0.9595680236816406
TEST_16186,0.0014173417584970593,0.9990081191062927
TEST_16187,0.0027301707305014133,0.9166122674942017
TEST_16188,0.015533413738012314,0.9988802075386047
TEST_16189,0.38173624873161316,0.9238925576210022
TEST_16190,0.013888996094465256,0.9897480010986328
TEST_16191,0.028585420921444893,0.8294379115104675
TEST_16192,0.014215253293514252,0.9954800605773926
TEST_16193,0.011372078210115433,0.9965272545814514
TEST_16194,0.9480981230735779,0.013005808927118778
TEST_16195,0.04928618296980858,0.8999496698379517
TEST_16196,0.005199246108531952,0.963897705078125
TEST_16197,0.0022446538787335157,0.9859129786491394
TEST_16198,0.003037094371393323,0.9972244501113892
TEST_16199,0.019667483866214752,0.9804156422615051
TEST_16200,0.008249655365943909,0.997904896736145
TEST_16201,0.6901603937149048,0.9959916472434998
TEST_16202,0.0038081230595707893,0.9880917072296143
TEST_16203,0.03556055203080177,0.9619016647338867
TEST_16204,0.003697008127346635,0.9974395036697388
TEST_16205,0.00659820856526494,0.9950200319290161
TEST_16206,0.030806243419647217,0.8873152136802673
TEST_16207,0.03145771473646164,0.9962148070335388
TEST_16208,0.008752964437007904,0.9777665138244629
TEST_16209,0.005929009057581425,0.933327317237854
TEST_16210,0.010006241500377655,0.9950219392776489
TEST_16211,1.0135682714462746e-05,0.9994996786117554
TEST_16212,0.017454110085964203,0.6197547316551208
TEST_16213,0.008793331682682037,0.9920353293418884
TEST_16214,0.00397509103640914,0.9986207485198975
TEST_16215,0.0018539194716140628,0.9885845184326172
TEST_16216,0.029468536376953125,0.9947460889816284
TEST_16217,0.03221413493156433,0.955775797367096
TEST_16218,0.11047147214412689,0.8286460041999817
TEST_16219,0.0025344034656882286,0.9538782835006714
TEST_16220,0.09267141669988632,0.45767396688461304
TEST_16221,0.8670166730880737,0.9251681566238403
TEST_16222,0.0032343072816729546,0.992900013923645
TEST_16223,0.03826061263680458,0.9838138818740845
TEST_16224,0.010614690370857716,0.9949270486831665
TEST_16225,0.005759681109338999,0.9877909421920776
TEST_16226,0.03044991008937359,0.9944215416908264
TEST_16227,0.11773350089788437,0.8567094802856445
TEST_16228,0.008774998597800732,0.8892059326171875
TEST_16229,0.05296635627746582,0.5009892582893372
TEST_16230,0.0015122325858101249,0.9756909012794495
TEST_16231,0.04095988720655441,0.996077835559845
TEST_16232,0.016177739948034286,0.9492390751838684
TEST_16233,0.0082598477602005,0.9953007698059082
TEST_16234,0.0007125437841750681,0.9816879630088806
TEST_16235,0.1494487076997757,0.7377458214759827
TEST_16236,0.0023014903999865055,0.9930784106254578
TEST_16237,0.06852826476097107,0.9941207766532898
TEST_16238,0.13622884452342987,0.9927303194999695
TEST_16239,0.9939316511154175,0.22213909029960632
TEST_16240,0.30897602438926697,0.9108418226242065
TEST_16241,0.002736818278208375,0.7333612442016602
TEST_16242,0.5157251954078674,0.13628822565078735
TEST_16243,0.021741745993494987,0.9698644876480103
TEST_16244,0.10899709165096283,0.9747889637947083
TEST_16245,0.026786791160702705,0.9285504221916199
TEST_16246,5.2110299293417484e-05,0.9999818801879883
TEST_16247,0.8318934440612793,0.9474958181381226
TEST_16248,0.03535124287009239,0.9362787008285522
TEST_16249,0.013652346096932888,0.9992850422859192
TEST_16250,0.0352933406829834,0.9799233078956604
TEST_16251,0.04594693332910538,0.8956913352012634
TEST_16252,0.0008686747751198709,0.9994890689849854
TEST_16253,0.26597973704338074,0.9305113554000854
TEST_16254,0.10361017286777496,0.8752004504203796
TEST_16255,0.011265398934483528,0.9243565797805786
TEST_16256,0.003107926808297634,0.9981237053871155
TEST_16257,0.0014192179078236222,0.9998726844787598
TEST_16258,0.0038656301330775023,0.8408974409103394
TEST_16259,0.0028620115481317043,0.9968156218528748
TEST_16260,0.20210236310958862,0.9676018953323364
TEST_16261,0.001533011207357049,0.999431312084198
TEST_16262,0.028010573238134384,0.9034323692321777
TEST_16263,0.015281773172318935,0.9942958950996399
TEST_16264,0.062263716012239456,0.9918895363807678
TEST_16265,0.0007829548558220267,0.9945054650306702
TEST_16266,0.023223599418997765,0.9970839619636536
TEST_16267,0.0003254780313000083,0.9973260164260864
TEST_16268,0.006782568525522947,0.9517730474472046
TEST_16269,0.0032026965636759996,0.9965947270393372
TEST_16270,0.01458456739783287,0.9956640601158142
TEST_16271,0.005307802464812994,0.9955711960792542
TEST_16272,0.0032538026571273804,0.9959558248519897
TEST_16273,0.039898425340652466,0.8686781525611877
TEST_16274,0.0037753740325570107,0.9891411066055298
TEST_16275,0.23011694848537445,0.6658409833908081
TEST_16276,0.0030647553503513336,0.9691053628921509
TEST_16277,0.0019106041872873902,0.999916672706604
TEST_16278,0.000869265990331769,0.994256317615509
TEST_16279,0.9656296372413635,0.6910324692726135
TEST_16280,0.04343763366341591,0.8790370225906372
TEST_16281,0.00575666967779398,0.7551983594894409
TEST_16282,0.003094782354310155,0.9805208444595337
TEST_16283,0.031167183071374893,0.9339118003845215
TEST_16284,0.00940778385847807,0.9786575436592102
TEST_16285,0.004540299531072378,0.9900711178779602
TEST_16286,0.0035500775557011366,0.9920493960380554
TEST_16287,0.0031358101405203342,0.9975616931915283
TEST_16288,0.009023702703416348,0.991441547870636
TEST_16289,0.001378617831505835,0.9986152648925781
TEST_16290,0.04027003422379494,0.9999107122421265
TEST_16291,0.0030332363676279783,0.9668188691139221
TEST_16292,0.008869572542607784,0.9865648746490479
TEST_16293,0.008469447493553162,0.985348641872406
TEST_16294,0.11078497022390366,0.8992391228675842
TEST_16295,0.05119863525032997,0.9858114719390869
TEST_16296,0.017505578696727753,0.9849119186401367
TEST_16297,0.010632784105837345,0.995189905166626
TEST_16298,0.01648310385644436,0.9793921113014221
TEST_16299,0.0290981512516737,0.9665074348449707
TEST_16300,0.25331607460975647,0.9663330912590027
TEST_16301,0.9996525049209595,0.0007189565221779048
TEST_16302,0.18219681084156036,0.7392115592956543
TEST_16303,0.03817818686366081,0.9010012149810791
TEST_16304,0.012204119935631752,0.8965525031089783
TEST_16305,0.26505449414253235,0.9816741943359375
TEST_16306,0.07473143935203552,0.9966153502464294
TEST_16307,0.007749935146421194,0.9977173805236816
TEST_16308,0.03407696262001991,0.7170177102088928
TEST_16309,0.0037872688844799995,0.9717566967010498
TEST_16310,0.017930515110492706,0.9592309594154358
TEST_16311,0.02213110774755478,0.5892882347106934
TEST_16312,0.030194347724318504,0.8896943926811218
TEST_16313,0.01946062222123146,0.9720946550369263
TEST_16314,0.043063901364803314,0.9926880598068237
TEST_16315,0.1695617139339447,0.6110204458236694
TEST_16316,0.0017512376653030515,0.9700563549995422
TEST_16317,0.0070563508197665215,0.9982187151908875
TEST_16318,0.0026321783661842346,0.9812487363815308
TEST_16319,0.0324481800198555,0.9599577188491821
TEST_16320,0.004591234494000673,0.9605123996734619
TEST_16321,0.33002617955207825,0.9062749743461609
TEST_16322,0.001679853769019246,0.9997979998588562
TEST_16323,0.03128720819950104,0.9154791831970215
TEST_16324,0.0004964022664353251,0.9978485107421875
TEST_16325,0.013930936343967915,0.9923884272575378
TEST_16326,0.010647772811353207,0.9946784973144531
TEST_16327,0.5432289838790894,0.8449229598045349
TEST_16328,0.7709831595420837,0.8165914416313171
TEST_16329,0.02889658696949482,0.9365612864494324
TEST_16330,0.0021266310941427946,0.9931041598320007
TEST_16331,0.009561656042933464,0.9892470240592957
TEST_16332,0.03215582296252251,0.9676715135574341
TEST_16333,0.012665141373872757,0.9372180104255676
TEST_16334,0.004115473944693804,0.9864475727081299
TEST_16335,0.2251482605934143,0.8909375071525574
TEST_16336,0.9998607635498047,6.812890205765143e-05
TEST_16337,0.004010919947177172,0.9828253388404846
TEST_16338,0.005500174127519131,0.9980986714363098
TEST_16339,0.010196524672210217,0.8850900530815125
TEST_16340,0.10098147392272949,0.9818097352981567
TEST_16341,0.027674386277794838,0.905666172504425
TEST_16342,0.008839680813252926,0.9812186360359192
TEST_16343,0.030521560460329056,0.9688105583190918
TEST_16344,0.000536684412509203,0.9976104497909546
TEST_16345,0.003543562488630414,0.9896947145462036
TEST_16346,0.06586605310440063,0.9881108999252319
TEST_16347,0.9929994344711304,0.7983942031860352
TEST_16348,0.02128644660115242,0.9977350234985352
TEST_16349,0.9820906519889832,0.8144511580467224
TEST_16350,0.0066797430627048016,0.9981096982955933
TEST_16351,0.5230793356895447,0.17765380442142487
TEST_16352,0.020750438794493675,0.9999097585678101
TEST_16353,0.04166821390390396,0.984258770942688
TEST_16354,0.008357137441635132,0.9999485015869141
TEST_16355,0.02605624310672283,0.9996519088745117
TEST_16356,0.0026773493736982346,0.9908141493797302
TEST_16357,0.34506213665008545,0.9839801788330078
TEST_16358,0.0012397936079651117,0.9990252256393433
TEST_16359,0.2545416057109833,0.9489952921867371
TEST_16360,0.0070163351483643055,0.9991325736045837
TEST_16361,0.0011100771371275187,0.9992541670799255
TEST_16362,0.9823792576789856,0.0002240567555418238
TEST_16363,0.03406814858317375,0.8956721425056458
TEST_16364,0.007018541917204857,0.9930424690246582
TEST_16365,0.002530278405174613,0.9996777772903442
TEST_16366,0.07807658612728119,0.8836360573768616
TEST_16367,0.001308882376179099,0.9994775652885437
TEST_16368,0.0021268194541335106,0.9801484942436218
TEST_16369,0.09549685567617416,0.8761814832687378
TEST_16370,0.010686490684747696,0.8607844710350037
TEST_16371,0.006827969569712877,0.9996347427368164
TEST_16372,0.06130782887339592,0.7851463556289673
TEST_16373,0.02553120255470276,0.903769314289093
TEST_16374,0.0075915297493338585,0.8903741240501404
TEST_16375,0.0032190876081585884,0.9920328259468079
TEST_16376,0.45700567960739136,0.7720150351524353
TEST_16377,0.36673086881637573,0.8943960666656494
TEST_16378,9.594381481292658e-06,0.9998892545700073
TEST_16379,0.022887088358402252,0.9813262224197388
TEST_16380,0.001017109490931034,0.9996346235275269
TEST_16381,0.7413931488990784,0.9589719176292419
TEST_16382,0.0234303567558527,0.9870675206184387
TEST_16383,0.7537202835083008,0.9651008248329163
TEST_16384,0.4242446720600128,0.8791412115097046
TEST_16385,0.0058023701421916485,0.9945642948150635
TEST_16386,0.034051865339279175,0.9850565791130066
TEST_16387,0.009133871644735336,0.8991108536720276
TEST_16388,0.01413619052618742,0.9861358404159546
TEST_16389,0.018548300489783287,0.9896647334098816
TEST_16390,0.0007147574797272682,0.9956004619598389
TEST_16391,0.21094556152820587,0.6125157475471497
TEST_16392,0.02243015728890896,0.9955664277076721
TEST_16393,0.013737757690250874,0.2500291168689728
TEST_16394,0.004008977673947811,0.9200052618980408
TEST_16395,0.02777821384370327,0.9969651103019714
TEST_16396,0.21161337196826935,0.8131855130195618
TEST_16397,0.10807213187217712,0.9720535278320312
TEST_16398,0.02033993974328041,0.9922877550125122
TEST_16399,0.029153481125831604,0.9794554710388184
TEST_16400,0.008519841358065605,0.9978621602058411
TEST_16401,0.03412313759326935,0.9472997188568115
TEST_16402,0.003580098506063223,0.9997866749763489
TEST_16403,0.08286763727664948,0.9789937734603882
TEST_16404,0.020145555958151817,0.9680233597755432
TEST_16405,0.0035916718188673258,0.972186803817749
TEST_16406,0.0016799417790025473,0.9995028972625732
TEST_16407,0.394415020942688,0.9714221358299255
TEST_16408,0.7115908861160278,0.7011532187461853
TEST_16409,0.001891616266220808,0.9007012248039246
TEST_16410,0.032326266169548035,0.9972752928733826
TEST_16411,0.04516007378697395,0.8591524958610535
TEST_16412,0.03901157155632973,0.9282415509223938
TEST_16413,0.002937351120635867,0.8271118998527527
TEST_16414,0.011353522539138794,0.995376706123352
TEST_16415,0.08857208490371704,0.935639500617981
TEST_16416,0.008345657959580421,0.9923977255821228
TEST_16417,0.009194827638566494,0.9843884706497192
TEST_16418,0.06095762550830841,0.9513283371925354
TEST_16419,0.03801494464278221,0.9074167013168335
TEST_16420,0.012433014810085297,0.9999402761459351
TEST_16421,0.9994503855705261,0.002899562707170844
TEST_16422,0.0006112083792686462,0.9993224143981934
TEST_16423,0.0004941188381053507,0.9860125184059143
TEST_16424,0.002317449077963829,0.9971711039543152
TEST_16425,0.0037663814146071672,0.9894982576370239
TEST_16426,0.25189587473869324,0.2963646352291107
TEST_16427,0.028919542208313942,0.9965773224830627
TEST_16428,0.5816265940666199,0.7880808115005493
TEST_16429,0.0029759674798697233,0.9987843632698059
TEST_16430,0.08655625581741333,0.8685100078582764
TEST_16431,0.007961079478263855,0.9876547455787659
TEST_16432,0.0031834819819778204,0.9962419271469116
TEST_16433,0.13013458251953125,0.9563079476356506
TEST_16434,0.0005764432717114687,0.9977206587791443
TEST_16435,0.8851686716079712,0.2550484538078308
TEST_16436,0.00945728737860918,0.9465540647506714
TEST_16437,0.08640655130147934,0.8170265555381775
TEST_16438,0.32315704226493835,0.9603960514068604
TEST_16439,0.882413923740387,0.992746889591217
TEST_16440,0.006545931566506624,0.9415946006774902
TEST_16441,0.003033170010894537,0.9956451654434204
TEST_16442,0.025879668071866035,0.9996210336685181
TEST_16443,0.006722587626427412,0.9843979477882385
TEST_16444,0.011925945989787579,0.9996470212936401
TEST_16445,0.005719533655792475,0.988721489906311
TEST_16446,0.021856186911463737,0.9980484247207642
TEST_16447,0.004403180442750454,0.9915134310722351
TEST_16448,0.0003418235282879323,0.9995986819267273
TEST_16449,0.023371310904622078,0.9921876192092896
TEST_16450,0.7840729355812073,0.23617826402187347
TEST_16451,0.2081480473279953,0.9238795042037964
TEST_16452,0.008568050339818,0.9782364964485168
TEST_16453,0.03844461962580681,0.9852908849716187
TEST_16454,0.0014035559725016356,0.9996579885482788
TEST_16455,0.26036521792411804,0.9257418513298035
TEST_16456,0.00027590448735281825,1.0
TEST_16457,0.006019329186528921,0.9985992312431335
TEST_16458,0.0005693630664609373,0.9975166320800781
TEST_16459,0.1731901913881302,0.9652724862098694
TEST_16460,0.0021888220217078924,0.9995656609535217
TEST_16461,0.040202490985393524,0.8836576342582703
TEST_16462,0.47106295824050903,0.9319886565208435
TEST_16463,0.02489778958261013,0.9932517409324646
TEST_16464,0.0011337104951962829,0.996629536151886
TEST_16465,0.022151334211230278,0.9688228368759155
TEST_16466,0.039003558456897736,0.953940212726593
TEST_16467,0.040842872112989426,0.9433595538139343
TEST_16468,0.9882845878601074,0.09961544722318649
TEST_16469,0.01015312597155571,0.992796003818512
TEST_16470,0.008144626393914223,0.9538041353225708
TEST_16471,0.013497286476194859,0.9500828981399536
TEST_16472,0.002290562028065324,0.998927891254425
TEST_16473,0.032039303332567215,0.918389081954956
TEST_16474,0.00827096775174141,0.9916724562644958
TEST_16475,0.0012225192040205002,0.9993263483047485
TEST_16476,0.024838708341121674,0.986225962638855
TEST_16477,0.9999715089797974,4.466965765459463e-05
TEST_16478,0.3498820662498474,0.8950220942497253
TEST_16479,0.008349735289812088,0.9244206547737122
TEST_16480,0.0010899557964876294,0.9989799857139587
TEST_16481,0.004929307382553816,0.997718870639801
TEST_16482,0.0009745168499648571,0.9967440366744995
TEST_16483,0.0282500721514225,0.9621562957763672
TEST_16484,0.0008333807927556336,0.997226893901825
TEST_16485,0.9995796084403992,0.9717172980308533
TEST_16486,0.28862687945365906,0.9262300133705139
TEST_16487,0.006065890658646822,0.9956271648406982
TEST_16488,0.050196126103401184,0.8143914341926575
TEST_16489,0.15551266074180603,0.9609564542770386
TEST_16490,0.023040693253278732,0.8477081656455994
TEST_16491,0.003697202540934086,0.9985246062278748
TEST_16492,0.0007016125600785017,0.9999204874038696
TEST_16493,0.0355471596121788,0.7296581268310547
TEST_16494,0.3015904426574707,0.8373874425888062
TEST_16495,0.03428131714463234,0.7346584796905518
TEST_16496,0.0021799805108457804,0.9999228715896606
TEST_16497,0.21887817978858948,0.9899847507476807
TEST_16498,0.04244561865925789,0.9638450741767883
TEST_16499,0.011235153302550316,0.9520671963691711
TEST_16500,0.3006073832511902,0.8902397155761719
TEST_16501,0.11218149214982986,0.07469875365495682
TEST_16502,0.0016773886745795608,0.9988278746604919
TEST_16503,2.108263288391754e-06,0.995646059513092
TEST_16504,0.04442707821726799,0.9607014656066895
TEST_16505,0.8127401471138,0.3477872908115387
TEST_16506,0.0494079664349556,0.8442338705062866
TEST_16507,0.15892843902111053,0.9519760012626648
TEST_16508,0.004396654665470123,0.9847086668014526
TEST_16509,0.40073084831237793,0.8750423789024353
TEST_16510,0.01886330544948578,0.6937654614448547
TEST_16511,0.3496318459510803,0.8254677653312683
TEST_16512,0.0005011920002289116,0.9998644590377808
TEST_16513,0.004130883142352104,0.9175578355789185
TEST_16514,0.01594654656946659,0.9953215718269348
TEST_16515,0.0075650447979569435,0.9987105131149292
TEST_16516,0.014383058995008469,0.9894319772720337
TEST_16517,0.007485155947506428,0.9054341316223145
TEST_16518,0.03343024477362633,0.8812171220779419
TEST_16519,0.05483676493167877,0.8700534105300903
TEST_16520,0.0029737018048763275,0.9918490648269653
TEST_16521,0.00197791145183146,0.9995467066764832
TEST_16522,0.04314787685871124,0.712121307849884
TEST_16523,0.023011017590761185,0.8757357597351074
TEST_16524,0.15361569821834564,0.009723033756017685
TEST_16525,0.02615767903625965,0.9447507262229919
TEST_16526,0.026598451659083366,0.9900758862495422
TEST_16527,0.04101641848683357,0.9776470065116882
TEST_16528,0.006049308460205793,0.9988667964935303
TEST_16529,0.006778843235224485,0.7087769508361816
TEST_16530,0.009459802880883217,0.922092854976654
TEST_16531,0.019499149173498154,0.999054491519928
TEST_16532,0.004835371859371662,0.9366276860237122
TEST_16533,0.003740406595170498,0.985558271408081
TEST_16534,0.015171213075518608,0.9553741216659546
TEST_16535,0.009247575886547565,0.8733510971069336
TEST_16536,0.00348364794626832,0.9947713017463684
TEST_16537,0.0359831228852272,0.9548420310020447
TEST_16538,0.008875959552824497,0.5663968920707703
TEST_16539,0.03632354736328125,0.8674805164337158
TEST_16540,0.024244222790002823,0.8357678055763245
TEST_16541,7.67814926803112e-05,0.9999854564666748
TEST_16542,0.026037033647298813,0.9412558078765869
TEST_16543,0.0007734154933132231,0.9986529350280762
TEST_16544,0.04507838189601898,0.9774686694145203
TEST_16545,0.012222389690577984,0.9587854743003845
TEST_16546,0.9433784484863281,0.8849177360534668
TEST_16547,0.004967971704900265,0.9957001209259033
TEST_16548,0.03683389723300934,0.8856651782989502
TEST_16549,0.008973351679742336,0.9648061990737915
TEST_16550,0.02415553666651249,0.17094652354717255
TEST_16551,0.005383234936743975,0.9540790915489197
TEST_16552,0.0455734021961689,0.9940746426582336
TEST_16553,0.0010061762295663357,0.9957998394966125
TEST_16554,0.021660910919308662,0.9370747804641724
TEST_16555,0.010990429669618607,0.9935582280158997
TEST_16556,0.00260935933329165,0.9945260882377625
TEST_16557,0.6474452614784241,0.9807817935943604
TEST_16558,0.0008773180888965726,0.9960922598838806
TEST_16559,0.01623833179473877,0.9187206029891968
TEST_16560,0.9980472326278687,0.9662174582481384
TEST_16561,0.23053611814975739,0.857671856880188
TEST_16562,0.04816988483071327,0.9875662326812744
TEST_16563,0.04239382967352867,0.9781576991081238
TEST_16564,0.005131228361278772,0.9817256331443787
TEST_16565,0.22416952252388,0.997368574142456
TEST_16566,0.9878011345863342,0.2104613333940506
TEST_16567,0.0030594917479902506,0.9863941073417664
TEST_16568,0.0012043626047670841,0.9903817772865295
TEST_16569,0.0018941918388009071,0.9993869066238403
TEST_16570,0.005716047715395689,0.8672183156013489
TEST_16571,0.029736075550317764,0.9926342368125916
TEST_16572,0.07946537435054779,0.6323928833007812
TEST_16573,0.006106018088757992,0.9476132392883301
TEST_16574,0.001651786849834025,0.9599018096923828
TEST_16575,0.0048004696145653725,0.9066104292869568
TEST_16576,0.5877211689949036,0.8966890573501587
TEST_16577,0.02247738093137741,0.9214296340942383
TEST_16578,0.00285334256477654,0.9999563694000244
TEST_16579,0.5444197654724121,0.9184764623641968
TEST_16580,0.0003782580024562776,0.9989494681358337
TEST_16581,0.009091624058783054,0.9983457326889038
TEST_16582,0.004353382159024477,0.9795442223548889
TEST_16583,0.06598862260580063,0.9385838508605957
TEST_16584,0.03897668793797493,0.9777196645736694
TEST_16585,0.0030211072880774736,0.9904459714889526
TEST_16586,0.09812404215335846,0.41972899436950684
TEST_16587,0.0012441884027794003,0.9998708963394165
TEST_16588,0.010738266631960869,0.9738104939460754
TEST_16589,0.0013583777472376823,0.9947581887245178
TEST_16590,0.11220195889472961,0.7152876853942871
TEST_16591,0.004316691774874926,0.9649539589881897
TEST_16592,0.013037615455687046,0.9527025818824768
TEST_16593,0.0016524232923984528,0.981564462184906
TEST_16594,0.0014637830900028348,0.9971115589141846
TEST_16595,0.0026604621671140194,0.9974420070648193
TEST_16596,0.012173586525022984,0.980941653251648
TEST_16597,0.00029857296613045037,0.9957762360572815
TEST_16598,0.0022161619272083044,0.9864792227745056
TEST_16599,0.44369521737098694,0.9711711406707764
TEST_16600,0.03302948176860809,0.9674526453018188
TEST_16601,0.0037683253176510334,0.996557354927063
TEST_16602,0.003213406540453434,0.9894112944602966
TEST_16603,0.008249904960393906,0.944128155708313
TEST_16604,0.0013709650374948978,0.9975661039352417
TEST_16605,0.04482279717922211,0.9877786040306091
TEST_16606,0.02059917338192463,0.9991412162780762
TEST_16607,9.612340363673866e-05,0.9999889135360718
TEST_16608,0.9264013767242432,0.058051642030477524
TEST_16609,0.02495597116649151,0.8866281509399414
TEST_16610,0.0033737123012542725,0.999992847442627
TEST_16611,0.0450056716799736,0.9472882747650146
TEST_16612,0.0158708356320858,0.9484268426895142
TEST_16613,0.01507001742720604,0.9402512907981873
TEST_16614,0.10142558068037033,0.9126089215278625
TEST_16615,0.056661780923604965,0.8612977862358093
TEST_16616,0.044020358473062515,0.9913787841796875
TEST_16617,0.005391518119722605,0.997124969959259
TEST_16618,0.0002237768640043214,0.998191773891449
TEST_16619,0.052039917558431625,0.9847893714904785
TEST_16620,0.004035150166600943,0.9805588126182556
TEST_16621,0.017244748771190643,0.9820711016654968
TEST_16622,0.7852352857589722,0.6893439888954163
TEST_16623,0.315162718296051,0.9594906568527222
TEST_16624,0.7927298545837402,0.21056294441223145
TEST_16625,0.10430363565683365,0.9583714604377747
TEST_16626,0.11974187195301056,0.8823353052139282
TEST_16627,0.0046174898743629456,0.9874936938285828
TEST_16628,0.012048164382576942,0.9473358988761902
TEST_16629,0.020563388243317604,0.027641374617815018
TEST_16630,0.00330393691547215,0.9992870688438416
TEST_16631,0.017778707668185234,0.9743155837059021
TEST_16632,0.025356678292155266,0.9789569973945618
TEST_16633,0.014495735988020897,0.9862116575241089
TEST_16634,0.01013363990932703,0.9864031076431274
TEST_16635,0.021323885768651962,0.9366388916969299
TEST_16636,0.08679811656475067,0.9919306635856628
TEST_16637,0.018417445942759514,0.986119270324707
TEST_16638,0.0010394958080723882,0.9979864358901978
TEST_16639,0.00684774573892355,0.9871495366096497
TEST_16640,0.005996673367917538,0.9960936903953552
TEST_16641,0.051583804190158844,0.9327991604804993
TEST_16642,0.0011351968860253692,0.9843420386314392
TEST_16643,0.014949213713407516,0.9849317073822021
TEST_16644,0.0012101399479433894,0.9986442923545837
TEST_16645,0.37944838404655457,0.7269058227539062
TEST_16646,0.7970579266548157,0.8341091871261597
TEST_16647,0.947317361831665,0.6851450204849243
TEST_16648,0.0474652536213398,0.6993825435638428
TEST_16649,0.010700980201363564,0.996985137462616
TEST_16650,0.010679607279598713,0.9615600109100342
TEST_16651,0.2591184079647064,0.9685659408569336
TEST_16652,0.004282187670469284,0.9998291730880737
TEST_16653,0.001218720804899931,0.9889068603515625
TEST_16654,0.003793516429141164,0.9931212067604065
TEST_16655,0.0006791531923227012,0.9991745352745056
TEST_16656,0.005324734840542078,0.9663260579109192
TEST_16657,0.00884170737117529,0.9982755184173584
TEST_16658,0.0029041366651654243,0.9998438358306885
TEST_16659,0.010204357095062733,0.9976779818534851
TEST_16660,0.15236179530620575,0.6015937328338623
TEST_16661,0.003257554955780506,0.9941628575325012
TEST_16662,0.003891346277669072,0.9962420463562012
TEST_16663,0.24017402529716492,0.993364691734314
TEST_16664,0.005223461892455816,0.9904468059539795
TEST_16665,0.00552328210324049,0.9981208443641663
TEST_16666,0.007254449650645256,0.9884033799171448
TEST_16667,0.0008854339830577374,0.9994100332260132
TEST_16668,0.012678843922913074,0.9650447368621826
TEST_16669,0.0031136805191636086,0.9995290040969849
TEST_16670,0.0027155468706041574,0.9977899789810181
TEST_16671,0.03772883489727974,0.959550678730011
TEST_16672,0.006326562259346247,0.999994158744812
TEST_16673,0.004479808267205954,0.9203714728355408
TEST_16674,0.4351375699043274,0.36294063925743103
TEST_16675,0.0253266841173172,0.9919881820678711
TEST_16676,0.006772743072360754,0.9399564862251282
TEST_16677,0.003918631933629513,0.9978761672973633
TEST_16678,0.2719495892524719,0.5867961049079895
TEST_16679,0.5552655458450317,0.9982179999351501
TEST_16680,0.006017355713993311,0.9882127642631531
TEST_16681,0.07569197565317154,0.9730884432792664
TEST_16682,0.9523055553436279,0.21322041749954224
TEST_16683,0.41053926944732666,0.6150797605514526
TEST_16684,0.002602743450552225,0.6893336772918701
TEST_16685,0.0004731777298729867,0.9999772310256958
TEST_16686,0.00962334405630827,0.9999991655349731
TEST_16687,0.017959581688046455,0.9798104763031006
TEST_16688,0.0020609970670193434,0.9807166457176208
TEST_16689,0.034917619079351425,0.7164141535758972
TEST_16690,0.05908834561705589,0.867041826248169
TEST_16691,0.0003745282592717558,0.9999912977218628
TEST_16692,0.03186103329062462,0.8617421984672546
TEST_16693,0.006372048985213041,0.9965786337852478
TEST_16694,0.030706092715263367,0.9935601949691772
TEST_16695,0.25022849440574646,0.6922088265419006
TEST_16696,0.025353606790304184,0.9392872452735901
TEST_16697,0.000473369233077392,0.9995676875114441
TEST_16698,6.2197009356168564e-06,0.9999996423721313
TEST_16699,0.9997968077659607,0.004478740971535444
TEST_16700,0.032091107219457626,0.9827190637588501
TEST_16701,0.023987146094441414,0.9957846999168396
TEST_16702,0.004523129668086767,0.9991835951805115
TEST_16703,0.0009122919873334467,0.9861398935317993
TEST_16704,0.008564085699617863,0.9227288365364075
TEST_16705,0.0614209845662117,0.9395623207092285
TEST_16706,0.013576982542872429,0.9915696978569031
TEST_16707,0.018257951363921165,0.9910451769828796
TEST_16708,0.05007575824856758,0.9939245581626892
TEST_16709,0.003042378928512335,0.9991664886474609
TEST_16710,0.048483092337846756,0.9343593120574951
TEST_16711,0.16172906756401062,0.8427206873893738
TEST_16712,0.001561836339533329,0.9983605742454529
TEST_16713,0.03475151211023331,0.45945459604263306
TEST_16714,0.0037111102137714624,0.9905230402946472
TEST_16715,0.2996452748775482,0.8809079527854919
TEST_16716,0.014833983965218067,0.979826033115387
TEST_16717,0.012554836459457874,0.9820050001144409
TEST_16718,0.367261677980423,0.7780048847198486
TEST_16719,0.0038050347939133644,0.9742942452430725
TEST_16720,0.0009149967809207737,0.9939795732498169
TEST_16721,0.024343015626072884,0.8816317319869995
TEST_16722,0.0003327111480757594,0.9983659386634827
TEST_16723,0.026852965354919434,0.9668412804603577
TEST_16724,0.011274888180196285,0.9632968902587891
TEST_16725,0.01188946794718504,0.9996925592422485
TEST_16726,0.02405305579304695,0.9509369134902954
TEST_16727,0.7919453382492065,0.3226172924041748
TEST_16728,0.014491909183561802,0.9944012761116028
TEST_16729,0.005822998471558094,0.9985175728797913
TEST_16730,0.0734136551618576,0.9236038327217102
TEST_16731,0.0024000348057597876,0.9685841202735901
TEST_16732,0.007380951661616564,0.9984771609306335
TEST_16733,0.014937876723706722,0.9917367100715637
TEST_16734,0.00441162521019578,0.9947080612182617
TEST_16735,0.006650153547525406,0.994215190410614
TEST_16736,0.02005819045007229,0.9598028659820557
TEST_16737,0.08026856929063797,0.9921743869781494
TEST_16738,0.02877550944685936,0.6022711992263794
TEST_16739,0.11959423869848251,0.977638304233551
TEST_16740,0.02407519891858101,0.9379599094390869
TEST_16741,0.010468874126672745,0.9957211017608643
TEST_16742,0.0036587112117558718,0.9120004177093506
TEST_16743,0.08968020230531693,0.8977587819099426
TEST_16744,0.019667627289891243,0.9741340279579163
TEST_16745,0.013090643100440502,0.9266986846923828
TEST_16746,0.005776216741651297,0.9872517585754395
TEST_16747,0.10880570113658905,0.8889197707176208
TEST_16748,0.021613730117678642,0.9984269142150879
TEST_16749,0.004842395894229412,0.9973561763763428
TEST_16750,0.05251898989081383,0.9479973912239075
TEST_16751,0.0529574491083622,0.9303553104400635
TEST_16752,0.03238334134221077,0.994055986404419
TEST_16753,0.03367556631565094,0.9918791055679321
TEST_16754,0.0031185762491077185,0.9977276921272278
TEST_16755,0.001269143889658153,0.9717620015144348
TEST_16756,0.010864686220884323,0.9798847436904907
TEST_16757,0.9929879307746887,0.16200491786003113
TEST_16758,0.051165688782930374,0.6713005304336548
TEST_16759,0.977471113204956,0.20579276978969574
TEST_16760,0.006803989410400391,0.9996734857559204
TEST_16761,0.000681755249388516,0.9947839379310608
TEST_16762,0.20690275728702545,0.868159830570221
TEST_16763,0.7435314655303955,0.8841677904129028
TEST_16764,0.004266088828444481,0.9982497096061707
TEST_16765,0.005506881047040224,0.9998718500137329
TEST_16766,0.00041913974564522505,0.9476130604743958
TEST_16767,0.0001121131208492443,0.9996989965438843
TEST_16768,0.08565180748701096,0.9478632807731628
TEST_16769,0.021167786791920662,0.9869377613067627
TEST_16770,0.005708404816687107,0.9667255282402039
TEST_16771,0.028090346604585648,0.92084139585495
TEST_16772,0.013085679151117802,0.9760721325874329
TEST_16773,0.001816905103623867,0.8909080028533936
TEST_16774,0.7301651239395142,0.8134348392486572
TEST_16775,0.007117805536836386,0.8209993243217468
TEST_16776,0.06494198739528656,0.9540834426879883
TEST_16777,0.001839072210714221,0.9957014918327332
TEST_16778,0.20516671240329742,0.8938989639282227
TEST_16779,0.01496475376188755,0.9155247211456299
TEST_16780,0.014910881407558918,0.8596912622451782
TEST_16781,0.009121881797909737,0.9932771325111389
TEST_16782,0.0067892600782215595,0.999935507774353
TEST_16783,0.055916931480169296,0.8805757164955139
TEST_16784,0.019378013908863068,0.9547072649002075
TEST_16785,0.0036155697889626026,0.9934177398681641
TEST_16786,0.3301108181476593,0.970619797706604
TEST_16787,0.03862679377198219,0.9729054570198059
TEST_16788,0.06225484237074852,0.020802566781640053
TEST_16789,0.004966779612004757,0.9973783493041992
TEST_16790,0.19756339490413666,0.9402698278427124
TEST_16791,0.04062625393271446,0.9591839909553528
TEST_16792,0.9523033499717712,0.036315180361270905
TEST_16793,0.0037867703940719366,0.5599830150604248
TEST_16794,0.001361566479317844,0.9962892532348633
TEST_16795,0.0005775096360594034,0.9996333122253418
TEST_16796,0.5896021127700806,0.42121511697769165
TEST_16797,0.025002053007483482,0.9914319515228271
TEST_16798,0.0014595084358006716,0.9966543912887573
TEST_16799,0.10300976037979126,0.963769793510437
TEST_16800,0.012326587922871113,0.9938108325004578
TEST_16801,0.03105022758245468,0.9991650581359863
TEST_16802,0.003151834476739168,0.9423227310180664
TEST_16803,0.0030405845027416945,0.9599351286888123
TEST_16804,0.004968448542058468,0.998464822769165
TEST_16805,0.2474881261587143,0.5562618374824524
TEST_16806,0.99753737449646,0.8966988921165466
TEST_16807,0.018832778558135033,0.945824146270752
TEST_16808,0.002207708079367876,0.9946756362915039
TEST_16809,0.023184403777122498,0.9959690570831299
TEST_16810,0.010800765827298164,0.9928075075149536
TEST_16811,0.013736860826611519,0.9952440857887268
TEST_16812,0.018609927967190742,0.9261243939399719
TEST_16813,0.002060367725789547,0.9992132186889648
TEST_16814,0.08050700277090073,0.9880651831626892
TEST_16815,0.006148410029709339,0.995002806186676
TEST_16816,0.007183568086475134,0.992536187171936
TEST_16817,0.3781309425830841,0.7660845518112183
TEST_16818,0.0007499650819227099,0.9980150461196899
TEST_16819,0.01942928321659565,0.7304900288581848
TEST_16820,0.008785107173025608,0.990972638130188
TEST_16821,0.02300996705889702,0.9816354513168335
TEST_16822,0.02597208321094513,0.9867037534713745
TEST_16823,0.00537489727139473,0.9962626099586487
TEST_16824,0.09646032005548477,0.9935423135757446
TEST_16825,0.03490346297621727,0.8785093426704407
TEST_16826,0.0002324116649106145,0.9997426867485046
TEST_16827,0.04885844513773918,0.9976077079772949
TEST_16828,0.25554031133651733,0.5766008496284485
TEST_16829,0.007362190168350935,0.9992352724075317
TEST_16830,0.005696346517652273,0.9814978837966919
TEST_16831,0.048357393592596054,0.961143970489502
TEST_16832,0.05799606069922447,0.8640196919441223
TEST_16833,0.00013667669554706663,0.9989840388298035
TEST_16834,0.006443946156650782,0.999984622001648
TEST_16835,0.014285552315413952,0.30715182423591614
TEST_16836,0.0023512712214142084,0.9897856116294861
TEST_16837,0.4199831485748291,0.09362547099590302
TEST_16838,0.011029339395463467,0.9622721076011658
TEST_16839,0.0011463910341262817,0.999515175819397
TEST_16840,0.7375389933586121,0.8914439678192139
TEST_16841,0.005266779568046331,0.9923297762870789
TEST_16842,0.005768677219748497,0.9985047578811646
TEST_16843,0.01553402654826641,0.9994370341300964
TEST_16844,0.06844961643218994,0.2560361325740814
TEST_16845,0.01913910172879696,0.9533596634864807
TEST_16846,0.013490982353687286,0.9969046711921692
TEST_16847,0.01879316009581089,0.9072825908660889
TEST_16848,0.0016889875987544656,0.9990154504776001
TEST_16849,0.010726582258939743,0.9966210126876831
TEST_16850,0.03307829052209854,0.9907978773117065
TEST_16851,0.9687202572822571,0.3097810447216034
TEST_16852,0.005585238337516785,0.9416965246200562
TEST_16853,0.03675631433725357,0.7366117238998413
TEST_16854,0.027224672958254814,0.995829164981842
TEST_16855,0.005599997937679291,0.9978959560394287
TEST_16856,0.015525358729064465,0.8937253355979919
TEST_16857,0.0217567291110754,0.9082525968551636
TEST_16858,0.13386666774749756,0.9844087958335876
TEST_16859,0.5312616229057312,0.8816947937011719
TEST_16860,0.0024969486985355616,0.9976231455802917
TEST_16861,0.8183282017707825,0.982644259929657
TEST_16862,0.8652184009552002,0.05448106303811073
TEST_16863,0.0004064897948410362,0.9987381100654602
TEST_16864,0.011911277659237385,0.9998082518577576
TEST_16865,0.2330009937286377,0.990503191947937
TEST_16866,0.01858634129166603,0.9977219700813293
TEST_16867,0.05350762978196144,0.945785641670227
TEST_16868,0.021763861179351807,0.9322937726974487
TEST_16869,0.8758119344711304,0.5167325139045715
TEST_16870,0.02517203614115715,0.9935537576675415
TEST_16871,0.9967018961906433,0.01572372578084469
TEST_16872,0.03606877103447914,0.8680393099784851
TEST_16873,0.839059054851532,0.8376826643943787
TEST_16874,0.15072426199913025,0.9713171720504761
TEST_16875,0.0007575592026114464,0.9994335770606995
TEST_16876,0.12736333906650543,0.9779190421104431
TEST_16877,0.05785176530480385,0.9875420928001404
TEST_16878,0.014297576621174812,0.9796980619430542
TEST_16879,0.01105677429586649,0.9965268969535828
TEST_16880,0.0007440687040798366,0.9361889958381653
TEST_16881,0.004704588558524847,0.9135873317718506
TEST_16882,0.0429319366812706,0.9997789263725281
TEST_16883,0.06567119061946869,0.8347777128219604
TEST_16884,0.002202868927270174,0.9156035780906677
TEST_16885,0.0029364158399403095,0.9792904853820801
TEST_16886,0.0003442453744355589,0.9930724501609802
TEST_16887,0.011374500580132008,0.9903477430343628
TEST_16888,0.0021800189279019833,0.9995515942573547
TEST_16889,0.10542077571153641,0.8553047776222229
TEST_16890,0.05975682660937309,0.9624994397163391
TEST_16891,0.08390127122402191,0.9736136198043823
TEST_16892,0.0010314455721527338,0.998023509979248
TEST_16893,0.01681225188076496,0.9203333258628845
TEST_16894,0.004574434831738472,0.9888110160827637
TEST_16895,0.004027180373668671,0.9976130723953247
TEST_16896,0.001069344813004136,0.9972303509712219
TEST_16897,0.004759721923619509,0.9937865734100342
TEST_16898,0.003654300468042493,0.9985449314117432
TEST_16899,0.02504420280456543,0.9913412928581238
TEST_16900,0.008424509316682816,0.9989570379257202
TEST_16901,0.20314165949821472,0.9885355830192566
TEST_16902,0.08284050971269608,0.8424566388130188
TEST_16903,0.013919241726398468,0.9891285300254822
TEST_16904,0.011662613600492477,0.8532115817070007
TEST_16905,0.680005669593811,0.9054346084594727
TEST_16906,0.023488247767090797,0.9959540367126465
TEST_16907,0.014845045283436775,0.9771993160247803
TEST_16908,0.07028624415397644,0.8686109185218811
TEST_16909,0.0487884059548378,0.8848749399185181
TEST_16910,0.013433385640382767,0.8338869214057922
TEST_16911,0.022559914737939835,0.9626986980438232
TEST_16912,0.1339302659034729,0.9988653659820557
TEST_16913,0.04851854220032692,0.9871534705162048
TEST_16914,0.0008832524181343615,0.9860332608222961
TEST_16915,0.004768806975334883,0.9991528987884521
TEST_16916,0.002788765821605921,0.979435920715332
TEST_16917,0.018033241853117943,0.8230482339859009
TEST_16918,0.2633265554904938,0.18770219385623932
TEST_16919,0.011858203448355198,0.9962479472160339
TEST_16920,0.18687093257904053,0.8746086955070496
TEST_16921,0.09348208457231522,0.9692268371582031
TEST_16922,0.000977394636720419,0.9963243007659912
TEST_16923,0.03529387712478638,0.7525907158851624
TEST_16924,0.0016357352724298835,0.9978712797164917
TEST_16925,0.7866272330284119,0.8941686153411865
TEST_16926,0.008168176747858524,0.9690510630607605
TEST_16927,0.8377441763877869,0.8935257196426392
TEST_16928,0.03895638510584831,0.9944486618041992
TEST_16929,0.042446523904800415,0.9948967099189758
TEST_16930,0.023866290226578712,0.9635493755340576
TEST_16931,0.14467015862464905,0.8604993224143982
TEST_16932,0.006243664305657148,0.9957666397094727
TEST_16933,0.02284196950495243,0.8991504311561584
TEST_16934,0.5991023182868958,0.5979664921760559
TEST_16935,0.02421705797314644,0.9931674599647522
TEST_16936,0.9974477291107178,0.00018164397624786943
TEST_16937,0.008321907371282578,0.9988073110580444
TEST_16938,0.003662572242319584,0.9978030323982239
TEST_16939,0.29781460762023926,0.4494585394859314
TEST_16940,0.0036066314205527306,0.994793713092804
TEST_16941,0.007949094288051128,0.9620341658592224
TEST_16942,0.01686001941561699,0.9712212681770325
TEST_16943,0.0061044758185744286,0.9975173473358154
TEST_16944,0.012734098359942436,0.9217841029167175
TEST_16945,0.31078124046325684,0.6586350798606873
TEST_16946,0.06315966695547104,0.9401019811630249
TEST_16947,0.9973248243331909,0.009128279983997345
TEST_16948,0.03461361303925514,0.8773825168609619
TEST_16949,0.7803382277488708,0.9189533591270447
TEST_16950,0.00692708557471633,0.920954704284668
TEST_16951,0.0015639681369066238,0.9853549003601074
TEST_16952,0.016228750348091125,0.9678370952606201
TEST_16953,0.014832595363259315,0.8972676396369934
TEST_16954,0.001922587864100933,0.9752690196037292
TEST_16955,0.0011166459880769253,0.9999998807907104
TEST_16956,0.003118387656286359,0.999729573726654
TEST_16957,0.020932817831635475,0.8487766981124878
TEST_16958,0.6529842615127563,0.5351556539535522
TEST_16959,0.01634119264781475,0.9990535378456116
TEST_16960,0.00953033659607172,0.995031476020813
TEST_16961,0.05143395811319351,0.9447974562644958
TEST_16962,0.0034517336171120405,0.9988835453987122
TEST_16963,0.0010717976838350296,0.9997873902320862
TEST_16964,0.3229590654373169,0.09169360250234604
TEST_16965,0.042819827795028687,0.9762066006660461
TEST_16966,0.9994829893112183,0.12921391427516937
TEST_16967,0.013258039020001888,0.952409029006958
TEST_16968,0.004746668040752411,0.9343692064285278
TEST_16969,0.01239495724439621,0.9963847398757935
TEST_16970,0.11784558743238449,0.5628772974014282
TEST_16971,0.004759649746119976,0.9980252981185913
TEST_16972,7.852171256672591e-05,0.9983630776405334
TEST_16973,0.0024017926771193743,0.9832016825675964
TEST_16974,0.9909193515777588,0.04977167770266533
TEST_16975,0.01291261799633503,0.9882584810256958
TEST_16976,0.025479435920715332,0.9975845813751221
TEST_16977,0.011658173985779285,0.9970447421073914
TEST_16978,0.00414565484970808,0.9964554309844971
TEST_16979,0.10381773114204407,0.6926546692848206
TEST_16980,0.0016684263246133924,0.9998462200164795
TEST_16981,0.13498421013355255,0.8807182312011719
TEST_16982,0.017105700448155403,0.9560984373092651
TEST_16983,0.03381365165114403,0.9969062209129333
TEST_16984,0.20766136050224304,0.8870246410369873
TEST_16985,0.0004770644591189921,0.9999949932098389
TEST_16986,0.5544225573539734,0.9426986575126648
TEST_16987,0.8736904859542847,0.8630253076553345
TEST_16988,0.004434322938323021,0.993137001991272
TEST_16989,0.00895970780402422,0.9646169543266296
TEST_16990,0.005005226004868746,0.997183084487915
TEST_16991,0.12966838479042053,0.8626779317855835
TEST_16992,0.11714697629213333,0.968947172164917
TEST_16993,0.02989727072417736,0.9878109097480774
TEST_16994,0.000887140806298703,0.9989905953407288
TEST_16995,0.007169835269451141,0.9943311214447021
TEST_16996,0.0017132700886577368,0.9978195428848267
TEST_16997,0.0021362423431128263,0.9906202554702759
TEST_16998,0.000351306633092463,0.9964666366577148
TEST_16999,0.04961005970835686,0.9413586854934692
TEST_17000,0.007401896640658379,0.9994266033172607
TEST_17001,0.011177156120538712,0.9631747603416443
TEST_17002,0.013071958906948566,0.9947011470794678
TEST_17003,0.09655828028917313,0.9167909622192383
TEST_17004,0.0026301639154553413,0.993266224861145
TEST_17005,0.005411317106336355,0.9930790066719055
TEST_17006,0.20600304007530212,0.8934043049812317
TEST_17007,0.016069848090410233,0.9641138315200806
TEST_17008,0.012552808038890362,0.9583351016044617
TEST_17009,0.01856686919927597,0.9973196387290955
TEST_17010,0.008908869698643684,0.9979010820388794
TEST_17011,0.0022091043647378683,0.9833720326423645
TEST_17012,0.03172243386507034,0.8401892781257629
TEST_17013,0.002088098553940654,0.9967742562294006
TEST_17014,0.1111045628786087,0.9978628754615784
TEST_17015,0.5383453965187073,0.9450870752334595
TEST_17016,0.005585005506873131,0.9997804760932922
TEST_17017,0.19041873514652252,0.8102970123291016
TEST_17018,0.03722931817173958,0.9764153361320496
TEST_17019,0.05791020393371582,0.9582342505455017
TEST_17020,0.0010780735174193978,0.9988812804222107
TEST_17021,0.07949454337358475,0.9832104444503784
TEST_17022,0.016438329592347145,0.9452481865882874
TEST_17023,0.000421647826442495,0.9997771382331848
TEST_17024,0.733984649181366,0.9775846600532532
TEST_17025,0.0035715815611183643,0.9850303530693054
TEST_17026,0.05364018306136131,0.8817732930183411
TEST_17027,0.0396878607571125,0.8793069124221802
TEST_17028,0.006147355306893587,0.8933649063110352
TEST_17029,0.4292621910572052,0.6428117156028748
TEST_17030,0.01717320829629898,0.9093444347381592
TEST_17031,0.012904701754450798,0.9770603179931641
TEST_17032,0.004229767248034477,0.9971259236335754
TEST_17033,0.002422916004434228,0.9971345663070679
TEST_17034,0.015609711408615112,0.8490985631942749
TEST_17035,0.01211388036608696,0.9872705936431885
TEST_17036,0.01973872445523739,0.9690630435943604
TEST_17037,0.009603717364370823,0.999749481678009
TEST_17038,0.01697298139333725,0.9420211315155029
TEST_17039,0.02249712310731411,0.883030116558075
TEST_17040,0.977006733417511,0.1621328443288803
TEST_17041,0.014699877239763737,0.9981337189674377
TEST_17042,0.00383799453265965,0.994776725769043
TEST_17043,0.02608720399439335,0.9635940194129944
TEST_17044,0.012272887863218784,0.9542843699455261
TEST_17045,0.6361504197120667,0.8439595103263855
TEST_17046,0.011931699700653553,0.9569734334945679
TEST_17047,0.015215312130749226,0.8935797810554504
TEST_17048,0.05904604122042656,0.9695752263069153
TEST_17049,0.13377724587917328,0.7570774555206299
TEST_17050,0.0003974542487412691,0.9999926090240479
TEST_17051,0.013614233583211899,0.9848034381866455
TEST_17052,0.9999548196792603,0.00022113072918727994
TEST_17053,0.016326475888490677,0.8841016888618469
TEST_17054,0.0035453829914331436,0.9998975992202759
TEST_17055,0.000565706635825336,0.9982265830039978
TEST_17056,0.010043816640973091,0.9915441274642944
TEST_17057,0.003069027094170451,0.9998807907104492
TEST_17058,0.03537404537200928,0.9242689609527588
TEST_17059,0.5605877637863159,0.8113452196121216
TEST_17060,0.0010576884960755706,0.9897938966751099
TEST_17061,0.004816732835024595,0.9988898634910583
TEST_17062,0.021704819053411484,0.9839407801628113
TEST_17063,0.11015086621046066,0.9629847407341003
TEST_17064,8.29876953503117e-05,0.9992489218711853
TEST_17065,0.01231404859572649,0.9976765513420105
TEST_17066,0.009205990470945835,0.9497851729393005
TEST_17067,0.007164320908486843,0.9592406153678894
TEST_17068,0.7378982305526733,0.04806912690401077
TEST_17069,0.04148388281464577,0.9384375810623169
TEST_17070,0.00363680231384933,0.8714598417282104
TEST_17071,0.002217562636360526,0.9738367199897766
TEST_17072,0.019189957529306412,0.94220370054245
TEST_17073,0.9998841285705566,0.00023252537357620895
TEST_17074,0.00562438415363431,0.9989350438117981
TEST_17075,0.2261887490749359,0.6907206773757935
TEST_17076,0.0015331716276705265,0.9982616305351257
TEST_17077,0.036883022636175156,0.9966802597045898
TEST_17078,0.018931200727820396,0.8843294978141785
TEST_17079,0.01618238538503647,0.896500289440155
TEST_17080,0.020632803440093994,0.9886260628700256
TEST_17081,0.9569605588912964,0.04474838078022003
TEST_17082,0.00991068035364151,0.998773992061615
TEST_17083,0.03641974925994873,0.9606135487556458
TEST_17084,0.004271794576197863,0.9995872378349304
TEST_17085,0.0008917144732549787,0.9716808199882507
TEST_17086,0.026035301387310028,0.919005811214447
TEST_17087,0.48222774267196655,0.7426058053970337
TEST_17088,0.003128714393824339,0.9902843832969666
TEST_17089,0.2897835373878479,0.7997534871101379
TEST_17090,0.028841042891144753,0.9649354815483093
TEST_17091,0.012624824419617653,0.9674893021583557
TEST_17092,0.028532056137919426,0.972288966178894
TEST_17093,0.2007320076227188,0.8727611303329468
TEST_17094,0.021023469045758247,0.999305248260498
TEST_17095,0.007512013427913189,0.9970109462738037
TEST_17096,0.07887975871562958,0.9592927098274231
TEST_17097,0.02598528191447258,0.9768779277801514
TEST_17098,0.11795767396688461,0.9980255365371704
TEST_17099,0.0021848140750080347,0.9858877062797546
TEST_17100,0.003100740257650614,0.9776611328125
TEST_17101,0.01995968073606491,0.9705032706260681
TEST_17102,0.12512877583503723,0.9958744645118713
TEST_17103,0.8396411538124084,0.9399048089981079
TEST_17104,0.0030551578383892775,0.9297923445701599
TEST_17105,0.07454740256071091,0.8983073830604553
TEST_17106,0.04317672178149223,0.9569469094276428
TEST_17107,0.034343790262937546,0.9802242517471313
TEST_17108,0.0027158118318766356,0.9998229146003723
TEST_17109,0.02925051562488079,0.9887821078300476
TEST_17110,0.6328758597373962,0.22659558057785034
TEST_17111,0.03818410634994507,0.9000879526138306
TEST_17112,0.012527206912636757,0.9122304916381836
TEST_17113,0.03446673974394798,0.9872317910194397
TEST_17114,0.05292440578341484,0.9137576818466187
TEST_17115,0.3945656716823578,0.8875157237052917
TEST_17116,0.8035017251968384,0.8942232131958008
TEST_17117,0.0014213508693501353,0.9751752018928528
TEST_17118,8.2837235822808e-05,0.9945276379585266
TEST_17119,0.006362506654113531,0.9969015121459961
TEST_17120,0.00928123202174902,0.9979731440544128
TEST_17121,0.018430765718221664,0.9917622804641724
TEST_17122,0.19693006575107574,0.8866328597068787
TEST_17123,0.02904471755027771,0.9537211656570435
TEST_17124,0.002223406918346882,0.9907568097114563
TEST_17125,0.012201251462101936,0.9781010150909424
TEST_17126,0.01025240495800972,0.9951083064079285
TEST_17127,0.01393317524343729,0.9974495768547058
TEST_17128,0.0018494337564334273,0.9820950627326965
TEST_17129,0.22046716511249542,0.6525153517723083
TEST_17130,0.031058479100465775,0.9959374666213989
TEST_17131,0.0008145497995428741,0.9975510239601135
TEST_17132,0.002092118375003338,0.9983015060424805
TEST_17133,0.0025466112419962883,0.9937647581100464
TEST_17134,0.01729859597980976,0.9998939037322998
TEST_17135,0.023614313453435898,0.9962188601493835
TEST_17136,0.1884554773569107,0.9288400411605835
TEST_17137,0.2724855840206146,0.0948503240942955
TEST_17138,0.00492365937680006,0.9988779425621033
TEST_17139,0.003696864005178213,0.9987437129020691
TEST_17140,0.04062898829579353,0.9692166447639465
TEST_17141,0.12904620170593262,0.9805872440338135
TEST_17142,0.01958991214632988,0.9978716373443604
TEST_17143,0.02729342132806778,0.9011653661727905
TEST_17144,0.03500642627477646,0.996154248714447
TEST_17145,0.046006426215171814,0.9251258969306946
TEST_17146,0.0010235689114779234,0.952536404132843
TEST_17147,0.025585617870092392,0.9925270080566406
TEST_17148,0.027003612369298935,0.9553781747817993
TEST_17149,0.0011392761953175068,0.9975220561027527
TEST_17150,0.0020192579831928015,0.9998501539230347
TEST_17151,0.0015613731229677796,0.9822055697441101
TEST_17152,0.9930694699287415,6.333951751003042e-05
TEST_17153,0.04191598668694496,0.924793541431427
TEST_17154,0.043781500309705734,0.879761815071106
TEST_17155,0.0015084522310644388,0.9959290623664856
TEST_17156,0.004492739215493202,0.9822595119476318
TEST_17157,0.005101122427731752,0.9035383462905884
TEST_17158,0.017884014174342155,0.9860971570014954
TEST_17159,0.2526055574417114,0.878141462802887
TEST_17160,0.03907918557524681,0.9896962642669678
TEST_17161,0.006923799868673086,0.9949254989624023
TEST_17162,0.001699076616205275,0.99073725938797
TEST_17163,0.16456449031829834,0.8834174871444702
TEST_17164,0.3858145773410797,0.9531378149986267
TEST_17165,0.002771161962300539,0.9829726219177246
TEST_17166,0.013705435208976269,0.9892571568489075
TEST_17167,0.0007326726336032152,0.9981594681739807
TEST_17168,0.017556006088852882,0.9510456919670105
TEST_17169,0.06891094148159027,0.9994133710861206
TEST_17170,0.9714658856391907,0.023277172818779945
TEST_17171,0.00043331392225809395,0.9969853758811951
TEST_17172,0.021755054593086243,0.970737636089325
TEST_17173,0.00012786862498614937,0.999984622001648
TEST_17174,0.6984412670135498,0.9911056160926819
TEST_17175,0.005865082610398531,0.9966855645179749
TEST_17176,0.0004820909525733441,0.997215986251831
TEST_17177,0.00047227489994838834,0.9966314435005188
TEST_17178,0.04224240779876709,0.9524179697036743
TEST_17179,0.14618796110153198,0.8896007537841797
TEST_17180,0.0011314247967675328,0.997223973274231
TEST_17181,0.006815592758357525,0.9977490305900574
TEST_17182,0.0006537442095577717,0.9975360631942749
TEST_17183,0.0232413187623024,0.9957892298698425
TEST_17184,0.05887183919548988,0.1550503522157669
TEST_17185,0.6418795585632324,0.3414291441440582
TEST_17186,0.9999476671218872,0.003500060411170125
TEST_17187,0.9998528957366943,0.002688097767531872
TEST_17188,0.030673110857605934,0.9816803932189941
TEST_17189,0.0016743299784138799,0.8851920366287231
TEST_17190,0.015052983537316322,0.9896745085716248
TEST_17191,0.005962885916233063,0.9848360419273376
TEST_17192,0.27205321192741394,0.8977047204971313
TEST_17193,0.17499300837516785,0.9382930397987366
TEST_17194,0.29695239663124084,0.9639716148376465
TEST_17195,0.008264856413006783,0.9921463131904602
TEST_17196,0.04753149673342705,0.9036160111427307
TEST_17197,0.0012968996306881309,0.9998412132263184
TEST_17198,0.006451910361647606,0.9932634234428406
TEST_17199,0.006709921173751354,0.993640124797821
TEST_17200,0.002716761315241456,0.9780998826026917
TEST_17201,0.053624607622623444,0.9817752838134766
TEST_17202,0.004349764436483383,0.9963789582252502
TEST_17203,0.05119789391756058,0.9919626116752625
TEST_17204,0.7628290057182312,0.8805374503135681
TEST_17205,0.008851173333823681,0.9652432799339294
TEST_17206,0.00257427548058331,0.9997146725654602
TEST_17207,0.00519944354891777,0.9989144802093506
TEST_17208,0.0073029398918151855,0.9689699411392212
TEST_17209,0.013552417047321796,0.9261599183082581
TEST_17210,0.009536441415548325,0.9946424961090088
TEST_17211,0.036651816219091415,0.8731400966644287
TEST_17212,0.0013330773217603564,0.9988200068473816
TEST_17213,0.016100456938147545,0.9219583868980408
TEST_17214,0.0013206034200266004,0.9899981617927551
TEST_17215,0.004914675839245319,0.9994010925292969
TEST_17216,0.006411422975361347,0.9749826192855835
TEST_17217,7.543059382442152e-06,0.999860405921936
TEST_17218,0.02132084220647812,0.9625238180160522
TEST_17219,0.007162249181419611,0.9968252182006836
TEST_17220,0.014762356877326965,0.9965752959251404
TEST_17221,0.033937446773052216,0.9503157138824463
TEST_17222,0.9573110938072205,0.5439664125442505
TEST_17223,0.031130556017160416,0.9505433440208435
TEST_17224,0.00018847890896722674,0.9999953508377075
TEST_17225,0.011327998712658882,0.9557427763938904
TEST_17226,0.0519816130399704,0.980395495891571
TEST_17227,0.017296569421887398,0.9649733901023865
TEST_17228,0.0002560931025072932,0.9994531273841858
TEST_17229,0.02475966326892376,0.8891750574111938
TEST_17230,0.9746657609939575,0.33863309025764465
TEST_17231,0.0064945523627102375,0.9468636512756348
TEST_17232,0.1539899706840515,0.8611510992050171
TEST_17233,0.0036731003783643246,0.9977484345436096
TEST_17234,0.007167642470449209,0.990048885345459
TEST_17235,0.20955553650856018,0.9892082810401917
TEST_17236,0.002095197793096304,0.9971387386322021
TEST_17237,0.040068864822387695,0.873302698135376
TEST_17238,0.975906491279602,0.6072474718093872
TEST_17239,0.9999406337738037,0.9058656096458435
TEST_17240,0.007346427999436855,0.9820210933685303
TEST_17241,0.0029498038347810507,0.8304450511932373
TEST_17242,0.001869108760729432,0.9964820146560669
TEST_17243,0.0148779833689332,0.9251668453216553
TEST_17244,0.010693531483411789,0.9826691150665283
TEST_17245,0.0015153259737417102,0.9970341920852661
TEST_17246,0.9778892993927002,0.8875020146369934
TEST_17247,0.0030171258840709925,0.9901665449142456
TEST_17248,0.0447673574090004,0.9694473147392273
TEST_17249,0.004735519178211689,0.9957493543624878
TEST_17250,0.9999219179153442,0.00013093650341033936
TEST_17251,0.48816627264022827,0.7540282607078552
TEST_17252,0.0006596973398700356,0.9999539852142334
TEST_17253,0.056502815335989,0.817847728729248
TEST_17254,0.0007138715591281652,0.9999328851699829
TEST_17255,0.04356589913368225,0.988051176071167
TEST_17256,0.030345851555466652,0.40162569284439087
TEST_17257,0.011065594851970673,0.9999853372573853
TEST_17258,0.9962677359580994,0.6593712568283081
TEST_17259,0.0029091795440763235,0.9935460686683655
TEST_17260,0.0008951089112088084,0.9988176226615906
TEST_17261,0.27609148621559143,0.9390490651130676
TEST_17262,0.9231140613555908,0.775301992893219
TEST_17263,0.007935192435979843,0.9751249551773071
TEST_17264,0.08500829339027405,0.9329396486282349
TEST_17265,0.014090673997998238,0.9910298585891724
TEST_17266,0.004699917510151863,0.9604530930519104
TEST_17267,0.003369669895619154,0.9686444401741028
TEST_17268,0.027431858703494072,0.8852203488349915
TEST_17269,0.8976385593414307,0.9003487825393677
TEST_17270,0.1738390326499939,0.9968848824501038
TEST_17271,0.027077844366431236,0.9936739206314087
TEST_17272,0.0041932701133191586,0.9994540810585022
TEST_17273,0.030097274109721184,0.9728724360466003
TEST_17274,0.4506777822971344,0.8966169357299805
TEST_17275,0.004747988656163216,0.9892446994781494
TEST_17276,0.0021617612801492214,0.9897200465202332
TEST_17277,0.012186065316200256,0.9940052628517151
TEST_17278,0.016538962721824646,0.996771514415741
TEST_17279,0.008524144999682903,0.9930275082588196
TEST_17280,0.08492767810821533,0.9734762907028198
TEST_17281,0.009097645059227943,0.995458722114563
TEST_17282,0.0009281022357754409,0.9961112141609192
TEST_17283,0.042986828833818436,0.9775991439819336
TEST_17284,0.11936496943235397,0.9488586783409119
TEST_17285,0.0008190099033527076,0.9912363290786743
TEST_17286,0.014695552177727222,0.9636833071708679
TEST_17287,0.255013644695282,0.7173973917961121
TEST_17288,0.0016813825350254774,0.9989677667617798
TEST_17289,0.009430376812815666,0.9928284287452698
TEST_17290,0.05977322533726692,0.7603378891944885
TEST_17291,0.0037133959122002125,0.991504967212677
TEST_17292,0.007816276513040066,0.9962487816810608
TEST_17293,0.0012161649065092206,0.9958716034889221
TEST_17294,0.00597252044826746,0.9783016443252563
TEST_17295,0.08943390101194382,0.983815610408783
TEST_17296,0.004056285135447979,0.9959231615066528
TEST_17297,0.02585158869624138,0.9604583978652954
TEST_17298,0.0692579597234726,0.818744421005249
TEST_17299,0.05305509269237518,0.9976352453231812
TEST_17300,0.2917311489582062,0.9910163879394531
TEST_17301,0.0019503227667883039,0.9991664886474609
TEST_17302,0.13284289836883545,0.8787280917167664
TEST_17303,0.03263797610998154,0.9294762015342712
TEST_17304,0.0011713705025613308,0.9983729124069214
TEST_17305,0.006916455924510956,0.8475039005279541
TEST_17306,0.009663364849984646,0.9998078942298889
TEST_17307,0.012525566853582859,0.9963575005531311
TEST_17308,0.051261525601148605,0.9970796704292297
TEST_17309,0.11820858716964722,0.4232243597507477
TEST_17310,0.0012287888675928116,0.9984915256500244
TEST_17311,0.012681775726377964,0.998817503452301
TEST_17312,0.001230137306265533,0.9987553358078003
TEST_17313,0.06546638906002045,0.6469814777374268
TEST_17314,0.004734551068395376,0.9982811212539673
TEST_17315,0.053789131343364716,0.9293767809867859
TEST_17316,0.5036595463752747,0.8681090474128723
TEST_17317,0.030552109703421593,0.8746673464775085
TEST_17318,0.014636170119047165,0.8997071981430054
TEST_17319,0.009964401833713055,0.9977973699569702
TEST_17320,0.006639606319367886,0.9932010769844055
TEST_17321,0.0012303541880100965,0.985161304473877
TEST_17322,0.5527989268302917,0.5931820869445801
TEST_17323,0.5877704620361328,0.913814127445221
TEST_17324,0.005237644072622061,0.9003743529319763
TEST_17325,0.025722473859786987,0.9806906580924988
TEST_17326,0.002312201540917158,0.9874162077903748
TEST_17327,0.023052562028169632,0.9906249642372131
TEST_17328,0.006748593878000975,0.9909254312515259
TEST_17329,0.004901324864476919,0.9984286427497864
TEST_17330,0.0006009646458551288,0.9977006316184998
TEST_17331,0.03455277532339096,0.9919083714485168
TEST_17332,0.3689683675765991,0.36975470185279846
TEST_17333,0.004124228842556477,0.9763267040252686
TEST_17334,0.0021102209575474262,0.9999468326568604
TEST_17335,0.028789639472961426,0.9984270334243774
TEST_17336,0.011010386981070042,0.9189122915267944
TEST_17337,0.11098538339138031,0.9836633205413818
TEST_17338,0.0007016346789896488,0.9980884194374084
TEST_17339,0.0008948193863034248,0.9900986552238464
TEST_17340,0.8941119313240051,0.9168251156806946
TEST_17341,0.003727119183167815,0.9385804533958435
TEST_17342,0.006227309349924326,0.9990480542182922
TEST_17343,0.1157885491847992,0.28514158725738525
TEST_17344,0.009388159029185772,0.9869593977928162
TEST_17345,0.08980251103639603,0.9992306232452393
TEST_17346,0.003675327869132161,0.9980873465538025
TEST_17347,0.03634445369243622,0.9862924814224243
TEST_17348,0.009989354759454727,0.9521054625511169
TEST_17349,0.11691129207611084,0.9407262206077576
TEST_17350,0.3525514006614685,0.35874032974243164
TEST_17351,0.014094498939812183,0.9835000038146973
TEST_17352,0.2697336673736572,0.8778015971183777
TEST_17353,0.029126595705747604,0.9954419136047363
TEST_17354,0.0942588672041893,0.7194802761077881
TEST_17355,0.021522250026464462,0.9940178394317627
TEST_17356,0.009897143580019474,0.9913013577461243
TEST_17357,0.8785083889961243,0.9677570462226868
TEST_17358,0.4810885488986969,0.7851223945617676
TEST_17359,0.002109980909153819,0.9923456311225891
TEST_17360,0.030730463564395905,0.9192185997962952
TEST_17361,0.04446851462125778,0.9423975944519043
TEST_17362,0.9623495936393738,0.09688763320446014
TEST_17363,0.005501935258507729,0.9999034404754639
TEST_17364,0.001854530069977045,0.9921729564666748
TEST_17365,0.0007229534676298499,0.9993826150894165
TEST_17366,0.007560468278825283,0.9995798468589783
TEST_17367,0.00474664568901062,0.9880242943763733
TEST_17368,0.021242136135697365,0.947483241558075
TEST_17369,0.026350215077400208,0.9939202070236206
TEST_17370,0.0030683765653520823,0.9827929735183716
TEST_17371,0.2626422941684723,0.8186898231506348
TEST_17372,0.07430364191532135,0.2848590612411499
TEST_17373,0.0016798482974991202,0.9982469081878662
TEST_17374,0.008477901108562946,0.9999673366546631
TEST_17375,0.22874879837036133,0.9949475526809692
TEST_17376,0.12509098649024963,0.9038716554641724
TEST_17377,0.01193531509488821,0.9987316727638245
TEST_17378,0.03226567059755325,0.9165600538253784
TEST_17379,0.07763896137475967,0.9617195129394531
TEST_17380,0.009050832130014896,0.7815812826156616
TEST_17381,0.013135758228600025,0.6474099159240723
TEST_17382,0.0031784772872924805,0.9962195754051208
TEST_17383,0.022196870297193527,0.995149552822113
TEST_17384,0.003126319497823715,0.9888650178909302
TEST_17385,0.0019683591090142727,0.9999631643295288
TEST_17386,0.0005239230231381953,0.9975131750106812
TEST_17387,0.9110955595970154,0.9379441142082214
TEST_17388,0.016035014763474464,0.8535512089729309
TEST_17389,0.9926741719245911,0.010386466979980469
TEST_17390,0.0016516877803951502,0.9979932308197021
TEST_17391,0.004745799116790295,0.9569289684295654
TEST_17392,0.028095094487071037,0.07902934402227402
TEST_17393,0.004899231716990471,0.9998648166656494
TEST_17394,0.016413845121860504,0.9958415627479553
TEST_17395,0.8262491226196289,0.8576444387435913
TEST_17396,0.2732757329940796,0.9749333262443542
TEST_17397,0.11761517822742462,0.9636591672897339
TEST_17398,0.005806659813970327,0.9911004900932312
TEST_17399,0.0026940484531223774,0.9999972581863403
TEST_17400,0.0002596536069177091,0.9999349117279053
TEST_17401,0.9999815225601196,7.705574489591527e-07
TEST_17402,0.0029460336081683636,0.9810326099395752
TEST_17403,0.031229248270392418,0.9773493409156799
TEST_17404,0.002080276608467102,0.9828411340713501
TEST_17405,0.010372198186814785,0.9789507985115051
TEST_17406,0.002327863359823823,0.9993817806243896
TEST_17407,0.9952314496040344,0.008555280044674873
TEST_17408,0.011110350489616394,0.9893997311592102
TEST_17409,0.04873485490679741,0.9656874537467957
TEST_17410,0.0031467764638364315,0.9705886244773865
TEST_17411,0.1421985924243927,0.9923310279846191
TEST_17412,0.02547665871679783,0.9729669690132141
TEST_17413,0.16006670892238617,0.9875180125236511
TEST_17414,0.0061094798147678375,0.9843435287475586
TEST_17415,0.008289716206490993,0.9713745713233948
TEST_17416,0.03993252292275429,0.9843425750732422
TEST_17417,0.03548933565616608,0.9778608679771423
TEST_17418,0.002591507975012064,0.9471570253372192
TEST_17419,0.022517269477248192,0.9202646613121033
TEST_17420,0.2812191843986511,0.7650360465049744
TEST_17421,0.0703372061252594,0.9546594619750977
TEST_17422,0.010699959471821785,0.9740204811096191
TEST_17423,0.06361439824104309,0.9844569563865662
TEST_17424,0.05199018865823746,0.7929726839065552
TEST_17425,0.04926254227757454,0.12921465933322906
TEST_17426,0.00021218738402239978,0.998916506767273
TEST_17427,0.0019087974214926362,0.9929473400115967
TEST_17428,0.048550624400377274,0.9920626282691956
TEST_17429,0.15803326666355133,0.5147165060043335
TEST_17430,0.07136065512895584,0.8582505583763123
TEST_17431,0.7053401470184326,0.9595577120780945
TEST_17432,0.010225358419120312,0.9927459359169006
TEST_17433,0.08037274330854416,0.8742401003837585
TEST_17434,0.016519544646143913,0.9958950281143188
TEST_17435,0.050573598593473434,0.9545069336891174
TEST_17436,0.0849219337105751,0.8898341655731201
TEST_17437,0.02777937985956669,0.9306203126907349
TEST_17438,0.07100802659988403,0.9521708488464355
TEST_17439,0.005858025047928095,0.9853517413139343
TEST_17440,0.0014465254498645663,0.9991673231124878
TEST_17441,0.002170813037082553,0.9827353358268738
TEST_17442,0.018045159056782722,0.9094495177268982
TEST_17443,0.8491498827934265,0.9739862084388733
TEST_17444,0.0018971421523019671,0.9999988079071045
TEST_17445,0.003565829712897539,0.9974021911621094
TEST_17446,0.08293581753969193,0.8439279198646545
TEST_17447,0.01563345268368721,0.9350808262825012
TEST_17448,0.0056954179890453815,0.9805102944374084
TEST_17449,0.001699672662653029,0.9992685914039612
TEST_17450,0.04313874989748001,0.8916640877723694
TEST_17451,0.00931286346167326,0.8844187259674072
TEST_17452,0.014771563932299614,0.9317854046821594
TEST_17453,0.015148637816309929,0.9894596338272095
TEST_17454,0.01087179034948349,0.9899699091911316
TEST_17455,0.010779567994177341,0.7773615717887878
TEST_17456,0.0010605084244161844,0.9987152814865112
TEST_17457,0.001425695139914751,1.0
TEST_17458,0.010873395949602127,0.9610481858253479
TEST_17459,0.0010588670847937465,0.9999970197677612
TEST_17460,0.9991781115531921,0.3126989006996155
TEST_17461,0.0008422212558798492,0.9994219541549683
TEST_17462,0.008701511658728123,0.995690643787384
TEST_17463,0.03111545741558075,0.9709184169769287
TEST_17464,0.16246062517166138,0.9845901727676392
TEST_17465,0.0010325964540243149,0.9958121180534363
TEST_17466,0.02539147064089775,0.9652650356292725
TEST_17467,0.0059461090713739395,0.9957720637321472
TEST_17468,0.0358259454369545,0.9405432343482971
TEST_17469,0.004901156760752201,0.8436038494110107
TEST_17470,0.004053977783769369,0.9551103115081787
TEST_17471,0.01683957688510418,0.9832767248153687
TEST_17472,0.0016525806859135628,0.9861642718315125
TEST_17473,0.01541853602975607,0.9968621730804443
TEST_17474,0.0005332156433723867,0.9969714879989624
TEST_17475,0.011298950761556625,0.9971586465835571
TEST_17476,0.009478381834924221,0.989791214466095
TEST_17477,0.002357437973842025,0.9992126226425171
TEST_17478,0.02700880728662014,0.8875318765640259
TEST_17479,0.0010772300884127617,0.9690085053443909
TEST_17480,0.02162156067788601,0.966170608997345
TEST_17481,0.02450515143573284,0.9994414448738098
TEST_17482,0.0027167636435478926,0.9980812072753906
TEST_17483,0.01772056333720684,0.9836127758026123
TEST_17484,0.0005120658315718174,0.9993346333503723
TEST_17485,7.488556730095297e-05,0.9966937303543091
TEST_17486,0.005401496775448322,0.9996169805526733
TEST_17487,0.11267860233783722,0.9843422770500183
TEST_17488,0.0015301905805245042,0.9773322939872742
TEST_17489,0.004386052023619413,0.9631834030151367
TEST_17490,0.0015644223894923925,0.9998026490211487
TEST_17491,0.026969991624355316,0.9381431937217712
TEST_17492,0.0050001488998532295,0.9687409400939941
TEST_17493,0.011541355401277542,0.9893242716789246
TEST_17494,0.010172917507588863,0.9824619889259338
TEST_17495,0.0028580855578184128,0.9651749730110168
TEST_17496,0.2063940316438675,0.994999885559082
TEST_17497,0.032186977565288544,0.9542813301086426
TEST_17498,0.025597628206014633,0.9987483024597168
TEST_17499,0.0014646720374003053,0.9994213581085205
TEST_17500,0.039974309504032135,0.9884523749351501
TEST_17501,0.0050358958542346954,0.9889543056488037
TEST_17502,0.006517196074128151,0.9941961765289307
TEST_17503,0.004141448065638542,0.98150235414505
TEST_17504,0.008087469264864922,0.9999879598617554
TEST_17505,0.10533422976732254,0.9476795196533203
TEST_17506,0.01601443439722061,0.9939058423042297
TEST_17507,0.0026958866510540247,0.9791948795318604
TEST_17508,0.013288640417158604,0.9328351616859436
TEST_17509,0.3651626408100128,0.2569906413555145
TEST_17510,0.9953277111053467,0.017858445644378662
TEST_17511,0.6071715354919434,0.8529713153839111
TEST_17512,0.13369864225387573,0.9117857813835144
TEST_17513,0.028874503448605537,0.9938563704490662
TEST_17514,0.03469499573111534,0.9947324991226196
TEST_17515,0.009438121691346169,0.9718157649040222
TEST_17516,0.015705108642578125,0.9343962669372559
TEST_17517,0.024881217628717422,0.9840155839920044
TEST_17518,0.04404737427830696,0.8861606121063232
TEST_17519,0.28207841515541077,0.8703981041908264
TEST_17520,0.07727333903312683,0.6054773926734924
TEST_17521,0.0166019257158041,0.9905855059623718
TEST_17522,0.0012279377551749349,0.9897435307502747
TEST_17523,0.021240118891000748,0.9969282746315002
TEST_17524,0.0019506753887981176,0.9993359446525574
TEST_17525,0.8158913254737854,0.04562621936202049
TEST_17526,0.04264548793435097,0.8952464461326599
TEST_17527,0.0015365551225841045,0.9964147806167603
TEST_17528,0.00034512142883613706,0.9988644123077393
TEST_17529,0.011100787669420242,0.9856615662574768
TEST_17530,0.02669047750532627,0.8728196024894714
TEST_17531,0.01519651897251606,0.9937751293182373
TEST_17532,0.026082947850227356,0.996781587600708
TEST_17533,0.5052205324172974,0.9476938843727112
TEST_17534,0.0021395087242126465,0.9976825714111328
TEST_17535,0.21791598200798035,0.9108217358589172
TEST_17536,0.03752830624580383,0.8961143493652344
TEST_17537,0.8589418530464172,0.011286679655313492
TEST_17538,0.010358458384871483,0.8671404123306274
TEST_17539,0.033717673271894455,0.9583826065063477
TEST_17540,0.005403523799031973,0.9949290752410889
TEST_17541,0.003923023119568825,0.9956141710281372
TEST_17542,0.2612898647785187,0.9937930107116699
TEST_17543,0.0030420334078371525,0.9935844540596008
TEST_17544,0.38747894763946533,0.9784286618232727
TEST_17545,0.1928311437368393,0.9452043175697327
TEST_17546,0.030458709225058556,0.9876530170440674
TEST_17547,0.001624506083317101,0.9883551597595215
TEST_17548,0.0009830269264057279,0.9993317723274231
TEST_17549,0.027042796835303307,0.9575690031051636
TEST_17550,0.08989419043064117,0.980332612991333
TEST_17551,0.008908734656870365,0.9673749208450317
TEST_17552,0.007865420542657375,0.9950177073478699
TEST_17553,0.009615926072001457,0.9922728538513184
TEST_17554,0.06149346008896828,0.9957700371742249
TEST_17555,0.041430938988924026,0.9229645729064941
TEST_17556,0.007695300970226526,0.9953153133392334
TEST_17557,0.006280586123466492,0.9890066385269165
TEST_17558,0.010059783235192299,0.9971377849578857
TEST_17559,0.9905857443809509,0.9099562168121338
TEST_17560,0.0046141138300299644,0.18137255311012268
TEST_17561,0.006238199304789305,0.9721308946609497
TEST_17562,0.03806757554411888,0.9857450723648071
TEST_17563,0.002722578588873148,0.9995606541633606
TEST_17564,0.030517246574163437,0.9805505275726318
TEST_17565,0.18292348086833954,0.9304215312004089
TEST_17566,0.046907614916563034,0.970395028591156
TEST_17567,0.012617040425539017,0.6325146555900574
TEST_17568,0.0037230418529361486,0.9892388582229614
TEST_17569,0.15040385723114014,0.9645896553993225
TEST_17570,0.02477205917239189,0.9463024735450745
TEST_17571,0.035079225897789,0.8756235241889954
TEST_17572,0.041928064078092575,0.8953118324279785
TEST_17573,0.0013844589702785015,0.9641379714012146
TEST_17574,0.011981080286204815,0.9696049690246582
TEST_17575,0.00934081431478262,0.9960685968399048
TEST_17576,0.12153219431638718,0.9874579310417175
TEST_17577,0.0025407217908650637,0.9864833950996399
TEST_17578,0.0070115658454597,0.9966691136360168
TEST_17579,0.0452188216149807,0.9486052393913269
TEST_17580,0.007477575447410345,0.980230987071991
TEST_17581,0.04796942323446274,0.9993144273757935
TEST_17582,0.0009119640453718603,0.9789330959320068
TEST_17583,0.014265516772866249,0.9744539260864258
TEST_17584,0.2668614387512207,0.3213900029659271
TEST_17585,0.02156088501214981,0.9873968958854675
TEST_17586,0.015755556523799896,0.9932910203933716
TEST_17587,0.07584624737501144,0.9224889278411865
TEST_17588,0.0011336294701322913,0.9999973773956299
TEST_17589,0.02608415111899376,0.9959155917167664
TEST_17590,0.0013129215221852064,0.9987378716468811
TEST_17591,0.0879153162240982,0.895767092704773
TEST_17592,0.32748252153396606,0.9035739302635193
TEST_17593,0.2086350917816162,0.8398517370223999
TEST_17594,0.003773412434384227,0.9990139007568359
TEST_17595,0.008023765869438648,0.9901669025421143
TEST_17596,0.01685970462858677,0.9978134632110596
TEST_17597,0.006327302660793066,0.9929754734039307
TEST_17598,0.009539320133626461,0.9995859265327454
TEST_17599,0.1930166333913803,0.9776110649108887
TEST_17600,0.002837556414306164,0.9278659820556641
TEST_17601,0.023119106888771057,0.836896538734436
TEST_17602,0.024907851591706276,0.9199129343032837
TEST_17603,0.006252629216760397,0.9829049110412598
TEST_17604,0.002984435996040702,0.9999262094497681
TEST_17605,0.10912520438432693,0.8644364476203918
TEST_17606,0.0009249304421246052,0.9996137022972107
TEST_17607,0.003704085946083069,0.997810423374176
TEST_17608,0.950411319732666,0.44390708208084106
TEST_17609,0.07784881442785263,0.9561052918434143
TEST_17610,0.0296282097697258,0.8967039585113525
TEST_17611,0.036990631371736526,0.9911405444145203
TEST_17612,0.01112973503768444,0.9845170378684998
TEST_17613,0.007968924008309841,0.9132622480392456
TEST_17614,0.0009338331292383373,0.9972251653671265
TEST_17615,0.0007392734405584633,0.9994818568229675
TEST_17616,0.0066771903075277805,0.9940614104270935
TEST_17617,0.9833147525787354,0.9149296879768372
TEST_17618,0.24807515740394592,0.7990548610687256
TEST_17619,0.1464693695306778,0.9971080422401428
TEST_17620,0.08453868329524994,0.9298017024993896
TEST_17621,0.006261227186769247,0.9934324026107788
TEST_17622,0.00138176791369915,0.9999744892120361
TEST_17623,0.027615325525403023,0.8028573989868164
TEST_17624,0.001629846403375268,0.9916461110115051
TEST_17625,0.8084025979042053,0.9300670623779297
TEST_17626,0.99402916431427,0.16494998335838318
TEST_17627,0.017070477828383446,0.9434300065040588
TEST_17628,0.0022834886331111193,0.9964966177940369
TEST_17629,0.0023657423444092274,0.9861487150192261
TEST_17630,0.07148006558418274,0.7964118719100952
TEST_17631,0.0037712189368903637,0.9844977259635925
TEST_17632,0.4854753315448761,0.037604499608278275
TEST_17633,0.057766564190387726,0.8662165403366089
TEST_17634,0.011547437869012356,0.997090220451355
TEST_17635,0.9340824484825134,0.9910515546798706
TEST_17636,0.005987017415463924,0.9957885146141052
TEST_17637,0.9999064207077026,0.011608945205807686
TEST_17638,0.011226613074541092,0.9748880863189697
TEST_17639,0.007675503846257925,0.9958393573760986
TEST_17640,0.003528457833454013,0.9999557733535767
TEST_17641,0.04075907543301582,0.90679931640625
TEST_17642,0.18790040910243988,0.8498203158378601
TEST_17643,0.010144699364900589,0.9975353479385376
TEST_17644,0.08376389741897583,0.8431798815727234
TEST_17645,0.055441226810216904,0.9863880276679993
TEST_17646,0.035155050456523895,0.9942856431007385
TEST_17647,0.0643061026930809,0.8785393238067627
TEST_17648,0.0023654995020478964,0.9993982315063477
TEST_17649,0.30898478627204895,0.7519677877426147
TEST_17650,0.0337265208363533,0.879345715045929
TEST_17651,0.014638797380030155,0.9254605770111084
TEST_17652,0.6934552788734436,0.9823404550552368
TEST_17653,0.025323977693915367,0.9732567667961121
TEST_17654,0.3389153480529785,0.7973414659500122
TEST_17655,0.02705639973282814,0.9977610111236572
TEST_17656,0.03112073987722397,0.9687155485153198
TEST_17657,0.02214839495718479,0.9899250268936157
TEST_17658,0.008300856687128544,0.946624219417572
TEST_17659,0.008266138844192028,0.9973547458648682
TEST_17660,0.1549755036830902,0.8527884483337402
TEST_17661,0.001629835576750338,0.9978678226470947
TEST_17662,0.004787269979715347,0.9953923225402832
TEST_17663,0.41763174533843994,0.9908682107925415
TEST_17664,0.015327519737184048,0.9955346584320068
TEST_17665,0.057090334594249725,0.991441547870636
TEST_17666,0.003958502784371376,0.9928185939788818
TEST_17667,0.001792654860764742,0.9993983507156372
TEST_17668,3.1488100376009243e-06,0.9983783960342407
TEST_17669,0.05854450538754463,0.9863007068634033
TEST_17670,0.006097154691815376,0.983237624168396
TEST_17671,0.015488246455788612,0.9995003938674927
TEST_17672,0.013846142217516899,0.994381844997406
TEST_17673,0.0003940296301152557,0.9999327659606934
TEST_17674,0.0012362136039882898,0.9943845272064209
TEST_17675,0.004682306665927172,0.956789493560791
TEST_17676,0.008008508011698723,0.9050827026367188
TEST_17677,0.05312757194042206,0.9860612154006958
TEST_17678,0.21461771428585052,0.9653123617172241
TEST_17679,0.38765910267829895,0.9481929540634155
TEST_17680,0.5879892706871033,0.9026884436607361
TEST_17681,0.03887200355529785,0.9593853950500488
TEST_17682,0.001280211261473596,0.9944908618927002
TEST_17683,0.05859890207648277,0.9812524914741516
TEST_17684,0.0004027071117889136,0.9985097050666809
TEST_17685,0.011056545190513134,0.9952162504196167
TEST_17686,0.0016607692232355475,0.9952634572982788
TEST_17687,0.04451044648885727,0.894188642501831
TEST_17688,0.008218115195631981,0.995446503162384
TEST_17689,0.06226880103349686,0.9873221516609192
TEST_17690,0.12552624940872192,0.9984967708587646
TEST_17691,0.0075849005952477455,0.9990384578704834
TEST_17692,0.09423292428255081,0.802778959274292
TEST_17693,0.028145290911197662,0.9480797648429871
TEST_17694,0.006815031636506319,0.9934619665145874
TEST_17695,0.673261821269989,0.9836066961288452
TEST_17696,0.16859070956707,0.9979864358901978
TEST_17697,0.007028804626315832,0.9964798092842102
TEST_17698,0.05051657184958458,0.5476506352424622
TEST_17699,0.16605257987976074,0.7901967167854309
TEST_17700,0.007912990637123585,0.9696201086044312
TEST_17701,0.0020183317828923464,0.9794852137565613
TEST_17702,0.0830635279417038,0.8582541942596436
TEST_17703,0.09452591836452484,0.8462746143341064
TEST_17704,0.03213559836149216,0.9850698113441467
TEST_17705,0.10924531519412994,0.9559066891670227
TEST_17706,0.03379135951399803,0.998161256313324
TEST_17707,0.04272245243191719,0.8896225690841675
TEST_17708,0.015036829747259617,0.9984018206596375
TEST_17709,0.03690304979681969,0.979804515838623
TEST_17710,0.03588174283504486,0.9860673546791077
TEST_17711,0.7495103478431702,0.2797817587852478
TEST_17712,0.9918910264968872,0.03349652513861656
TEST_17713,0.00881604477763176,0.9920909404754639
TEST_17714,0.0005122761940583587,0.9978263974189758
TEST_17715,0.11802594363689423,0.9835504293441772
TEST_17716,0.6796498894691467,0.8914756774902344
TEST_17717,0.029250385239720345,0.7337425947189331
TEST_17718,0.0031447038054466248,0.9696434140205383
TEST_17719,0.0019295811653137207,0.9782400727272034
TEST_17720,0.575890302658081,0.8804642558097839
TEST_17721,0.019268875941634178,0.9664049744606018
TEST_17722,0.005243326537311077,0.7528954744338989
TEST_17723,0.0017843174282461405,0.9809424877166748
TEST_17724,0.04189469665288925,0.9694403409957886
TEST_17725,0.4127374589443207,0.9700615406036377
TEST_17726,0.0009002091246657073,0.9999115467071533
TEST_17727,0.05240580812096596,0.9932817220687866
TEST_17728,0.8665317296981812,0.982429027557373
TEST_17729,0.043605878949165344,0.990971565246582
TEST_17730,0.024843841791152954,0.8859114646911621
TEST_17731,0.004200747702270746,0.9942625164985657
TEST_17732,0.01635582372546196,0.9895914196968079
TEST_17733,0.0012059146538376808,0.9946252703666687
TEST_17734,0.07064615935087204,0.03372946381568909
TEST_17735,0.0046688527800142765,0.9715986847877502
TEST_17736,0.014865311793982983,0.9948105812072754
TEST_17737,0.1293855458498001,0.9701923131942749
TEST_17738,0.9845848679542542,0.019979557022452354
TEST_17739,0.01461762748658657,0.8742738962173462
TEST_17740,0.007441590074449778,0.9747248888015747
TEST_17741,0.006248482968658209,0.9999994039535522
TEST_17742,0.002960437908768654,0.9933871626853943
TEST_17743,0.0012283424148336053,0.9895738959312439
TEST_17744,0.01649731770157814,0.9738068580627441
TEST_17745,0.00824013352394104,0.9703797698020935
TEST_17746,0.10669831931591034,0.9596829414367676
TEST_17747,0.014912603422999382,0.9728804230690002
TEST_17748,0.009448353201150894,0.9510330557823181
TEST_17749,0.003480874700471759,0.9959968328475952
TEST_17750,0.0016771211521700025,0.9946600794792175
TEST_17751,0.9983963370323181,2.3279582819668576e-05
TEST_17752,0.06238064542412758,0.9803127646446228
TEST_17753,0.005814210046082735,0.9662604928016663
TEST_17754,0.03975965455174446,0.9015350937843323
TEST_17755,0.022416245192289352,0.9565909504890442
TEST_17756,0.03348388522863388,0.8769025206565857
TEST_17757,0.0066095259971916676,0.9698116779327393
TEST_17758,0.13043776154518127,0.8683119416236877
TEST_17759,0.04034769907593727,0.9021042585372925
TEST_17760,0.04845847561955452,0.8871805667877197
TEST_17761,0.05494076758623123,0.8529590964317322
TEST_17762,0.036772191524505615,0.9898982644081116
TEST_17763,0.05180620774626732,0.9792348146438599
TEST_17764,0.05906721577048302,0.9784933924674988
TEST_17765,0.036399297416210175,0.9065316915512085
TEST_17766,0.0017464994452893734,0.9981454610824585
TEST_17767,0.9999730587005615,7.712051228736527e-07
TEST_17768,0.03120501898229122,0.9074645042419434
TEST_17769,0.37148234248161316,0.805747926235199
TEST_17770,0.031036371365189552,0.9727513790130615
TEST_17771,0.005740683060139418,0.9541565775871277
TEST_17772,0.02961181104183197,0.9996883869171143
TEST_17773,0.06647045165300369,0.9705073237419128
TEST_17774,0.010857785120606422,0.9697719812393188
TEST_17775,0.007529806345701218,0.7133089303970337
TEST_17776,0.03357916697859764,0.9898778796195984
TEST_17777,0.0426240973174572,0.9490475058555603
TEST_17778,0.01630471833050251,0.9519137144088745
TEST_17779,0.007630383595824242,0.9925958514213562
TEST_17780,0.5793595910072327,0.36715084314346313
TEST_17781,0.0001344321935903281,0.999862790107727
TEST_17782,0.016061367467045784,0.9931625127792358
TEST_17783,0.012340481393039227,0.8971400856971741
TEST_17784,0.0030548395588994026,0.8937960267066956
TEST_17785,0.04311729222536087,0.8010020852088928
TEST_17786,0.05714259669184685,0.9017212986946106
TEST_17787,0.06243862956762314,0.9300519227981567
TEST_17788,0.061904437839984894,0.9393149018287659
TEST_17789,0.026685453951358795,0.9967141151428223
TEST_17790,0.019484858959913254,0.9971562623977661
TEST_17791,0.9998713731765747,0.0030176194850355387
TEST_17792,0.007151447236537933,0.9940469264984131
TEST_17793,0.024761546403169632,0.9997575879096985
TEST_17794,0.04016585648059845,0.9639169573783875
TEST_17795,0.17230160534381866,0.9490662813186646
TEST_17796,0.011745358817279339,0.9989746809005737
TEST_17797,0.007614389527589083,0.9848424196243286
TEST_17798,0.21248072385787964,0.6351101398468018
TEST_17799,0.07519716024398804,0.7074911594390869
TEST_17800,0.4584479033946991,0.7173704504966736
TEST_17801,0.0025712703354656696,0.998094379901886
TEST_17802,0.0019218013621866703,0.998728334903717
TEST_17803,0.37181931734085083,0.1563713103532791
TEST_17804,0.01099925022572279,0.9719027280807495
TEST_17805,0.030273612588644028,0.9992586970329285
TEST_17806,0.011113877408206463,0.9956530332565308
TEST_17807,0.003302370198071003,0.9876647591590881
TEST_17808,0.9997602105140686,4.4271282604313456e-06
TEST_17809,0.10246361047029495,0.9243317246437073
TEST_17810,0.005165363661944866,0.9608057737350464
TEST_17811,0.3792596161365509,0.8828698992729187
TEST_17812,0.0032490675803273916,0.9999698400497437
TEST_17813,0.018215125426650047,0.9803286790847778
TEST_17814,0.021865205839276314,0.9278593063354492
TEST_17815,0.000771980092395097,0.9990725517272949
TEST_17816,0.5990033149719238,0.9673798084259033
TEST_17817,0.037983693182468414,0.9540445804595947
TEST_17818,0.09365521371364594,0.8696998357772827
TEST_17819,0.08265034854412079,0.9862348437309265
TEST_17820,0.0004820470348931849,0.9998134970664978
TEST_17821,0.07005240768194199,0.9715914726257324
TEST_17822,0.005439522676169872,0.9992425441741943
TEST_17823,0.017400553449988365,0.9912776947021484
TEST_17824,0.07115273177623749,0.8535113334655762
TEST_17825,0.013797006569802761,0.9942837357521057
TEST_17826,0.02449035458266735,0.9915438890457153
TEST_17827,0.020631860941648483,0.918982744216919
TEST_17828,0.016198448836803436,0.9979377388954163
TEST_17829,0.9945013523101807,0.728900134563446
TEST_17830,0.01613652892410755,0.9168417453765869
TEST_17831,0.011840003542602062,0.8881075978279114
TEST_17832,0.00403135921806097,0.9611523747444153
TEST_17833,0.21444539725780487,0.8597182631492615
TEST_17834,0.05720604956150055,0.9894208908081055
TEST_17835,0.018250014632940292,0.8475827574729919
TEST_17836,0.035236191004514694,0.9780583381652832
TEST_17837,0.9934036135673523,0.7661800980567932
TEST_17838,0.003944915719330311,0.9786437153816223
TEST_17839,0.0005712955608032644,0.9962359070777893
TEST_17840,0.0005896104848943651,0.9986186027526855
TEST_17841,0.819849967956543,0.6331858038902283
TEST_17842,0.03242450952529907,0.9471070766448975
TEST_17843,0.08024168014526367,0.7909663915634155
TEST_17844,0.0027140649035573006,0.998836100101471
TEST_17845,0.0008040511165745556,0.9986748695373535
TEST_17846,0.001983619062229991,0.9977038502693176
TEST_17847,0.026585116982460022,0.9889812469482422
TEST_17848,0.6903915405273438,0.8285315036773682
TEST_17849,0.0002634743577800691,0.9959723353385925
TEST_17850,0.003322582459077239,0.9878091812133789
TEST_17851,0.3308474123477936,0.0015477814013138413
TEST_17852,0.003518984653055668,0.9991664886474609
TEST_17853,0.05063733085989952,0.05774170532822609
TEST_17854,0.2039884328842163,0.9192483425140381
TEST_17855,0.0037995781749486923,0.9295678734779358
TEST_17856,0.09497786313295364,0.9575585126876831
TEST_17857,0.5988982319831848,0.9383695125579834
TEST_17858,0.010214288718998432,0.9808699488639832
TEST_17859,0.6940210461616516,0.9351370930671692
TEST_17860,0.0002820270892698318,0.999810516834259
TEST_17861,0.001620063791051507,0.9924587607383728
TEST_17862,0.9987209439277649,0.32442978024482727
TEST_17863,0.01514464057981968,0.9613174796104431
TEST_17864,0.0012946842471137643,0.9936259984970093
TEST_17865,0.06926393508911133,0.8612260818481445
TEST_17866,0.12673424184322357,0.964571475982666
TEST_17867,0.011551760137081146,0.9977705478668213
TEST_17868,0.0038508169818669558,0.9996719360351562
TEST_17869,0.015583217144012451,0.8555171489715576
TEST_17870,0.025673551484942436,0.9965270161628723
TEST_17871,0.01023541484028101,0.9920545816421509
TEST_17872,0.006548601668328047,0.9994794726371765
TEST_17873,0.018278293311595917,0.9895825386047363
TEST_17874,0.001025322824716568,0.9998059868812561
TEST_17875,0.05382155627012253,0.7832368016242981
TEST_17876,0.032836850732564926,0.6344181299209595
TEST_17877,0.00453587481752038,0.9440670609474182
TEST_17878,0.9998452663421631,0.00227851839736104
TEST_17879,0.05126921460032463,0.7839733958244324
TEST_17880,0.012909585610032082,0.9961127638816833
TEST_17881,0.0019204664276912808,0.9934476017951965
TEST_17882,0.06614476442337036,0.9045374393463135
TEST_17883,0.01503845490515232,0.9835721850395203
TEST_17884,0.001359357382170856,0.8680534362792969
TEST_17885,0.31765317916870117,0.7143089175224304
TEST_17886,0.09962847083806992,0.872127115726471
TEST_17887,0.18302294611930847,0.8657063245773315
TEST_17888,0.004486803896725178,0.9960840940475464
TEST_17889,0.0392015241086483,0.8769193887710571
TEST_17890,0.1562269926071167,0.6989086866378784
TEST_17891,0.6936981081962585,0.5949203372001648
TEST_17892,0.018896939232945442,0.4071013331413269
TEST_17893,0.17092487215995789,0.9532801508903503
TEST_17894,0.12418252229690552,0.9861341118812561
TEST_17895,0.00790439359843731,0.991824209690094
TEST_17896,0.019420452415943146,0.9954500794410706
TEST_17897,0.10003555566072464,0.8729047179222107
TEST_17898,0.001109838136471808,0.9963240623474121
TEST_17899,0.027056684717535973,0.9746795892715454
TEST_17900,0.0015992054250091314,0.998941957950592
TEST_17901,0.0003935513668693602,0.9996864795684814
TEST_17902,0.05052245035767555,0.9666728377342224
TEST_17903,0.02452259138226509,0.9025416374206543
TEST_17904,0.025139300152659416,0.9324749708175659
TEST_17905,0.023066317662596703,0.9888290762901306
TEST_17906,0.008248492144048214,1.0
TEST_17907,0.0012526940554380417,1.0
TEST_17908,0.019952239468693733,0.9944045543670654
TEST_17909,0.025538915768265724,0.702142596244812
TEST_17910,0.0019494615262374282,0.9992343187332153
TEST_17911,0.04499524459242821,0.8991683721542358
TEST_17912,0.0053242044523358345,0.9115658402442932
TEST_17913,0.008899973705410957,0.9961320161819458
TEST_17914,0.10595478117465973,0.993084192276001
TEST_17915,0.054342515766620636,0.9880318641662598
TEST_17916,0.005935251247137785,0.9977578520774841
TEST_17917,0.003108009696006775,0.9924553632736206
TEST_17918,0.0010563103714957833,0.9968777894973755
TEST_17919,0.1956973522901535,0.9904965162277222
TEST_17920,0.005304774735122919,0.9681146740913391
TEST_17921,0.0821048691868782,0.4592915177345276
TEST_17922,0.03857450932264328,0.880689799785614
TEST_17923,0.04783973842859268,0.9165336489677429
TEST_17924,0.001520201563835144,0.9862603545188904
TEST_17925,0.02472810074687004,0.9960559606552124
TEST_17926,0.0039759427309036255,0.9969185590744019
TEST_17927,0.08612965047359467,0.9402161240577698
TEST_17928,0.0021988889202475548,0.9991325736045837
TEST_17929,0.006072877906262875,0.99925297498703
TEST_17930,0.19686712324619293,0.9143104553222656
TEST_17931,0.9924088716506958,0.0016221876721829176
TEST_17932,0.003655198263004422,0.9718768000602722
TEST_17933,0.01665329933166504,0.9999042749404907
TEST_17934,0.008703045547008514,0.9950512051582336
TEST_17935,0.24723157286643982,0.9722701907157898
TEST_17936,0.004381142556667328,0.9984295964241028
TEST_17937,0.002717508003115654,0.9991267323493958
TEST_17938,0.003940558061003685,0.9803213477134705
TEST_17939,0.0025732521899044514,0.9956983327865601
TEST_17940,0.027895785868167877,0.9152114987373352
TEST_17941,0.018026087433099747,0.976439356803894
TEST_17942,0.018954964354634285,0.9542571902275085
TEST_17943,0.002615198493003845,0.9754337072372437
TEST_17944,0.10785973817110062,0.7631792426109314
TEST_17945,0.9608626961708069,0.5346216559410095
TEST_17946,0.008253592997789383,0.9912976026535034
TEST_17947,0.039937641471624374,0.7854287028312683
TEST_17948,0.0030414792709052563,0.9988577365875244
TEST_17949,0.01719544269144535,0.9727514982223511
TEST_17950,0.002470158040523529,0.9984825253486633
TEST_17951,0.01067310944199562,0.9984557628631592
TEST_17952,0.876493513584137,0.9976567029953003
TEST_17953,0.01685161143541336,0.7867725491523743
TEST_17954,0.0005816499469801784,0.9996633529663086
TEST_17955,0.008103922940790653,0.9909043908119202
TEST_17956,0.9756035208702087,0.013198337517678738
TEST_17957,0.12806251645088196,0.4675387442111969
TEST_17958,0.006890381686389446,0.9965961575508118
TEST_17959,2.167487537008128e-06,0.9998759031295776
TEST_17960,0.014405688270926476,0.9619694948196411
TEST_17961,0.00975931528955698,0.9997641444206238
TEST_17962,0.009882856160402298,0.9933891296386719
TEST_17963,0.0398532971739769,0.8956015706062317
TEST_17964,0.0009757254738360643,0.9995911717414856
TEST_17965,0.0076586962677538395,0.8782959580421448
TEST_17966,0.003155454993247986,0.9999955892562866
TEST_17967,0.0026447514537721872,0.9990770816802979
TEST_17968,0.03614041581749916,0.9587445259094238
TEST_17969,0.16986139118671417,0.7643191814422607
TEST_17970,0.0010333866812288761,0.999995231628418
TEST_17971,0.0857139527797699,0.9237790107727051
TEST_17972,0.0008403739193454385,0.9977425336837769
TEST_17973,0.039523813873529434,0.9998359680175781
TEST_17974,0.003274786053225398,0.9888944625854492
TEST_17975,0.004357203375548124,0.995012104511261
TEST_17976,0.06669559329748154,0.7182888984680176
TEST_17977,0.9261361956596375,0.9371896982192993
TEST_17978,0.002500015776604414,0.9770185351371765
TEST_17979,0.01690739020705223,0.9639090895652771
TEST_17980,0.005513662006705999,0.9882291555404663
TEST_17981,0.9426664710044861,0.9368084073066711
TEST_17982,0.006978173740208149,0.9991071820259094
TEST_17983,0.00853645708411932,0.9986536502838135
TEST_17984,0.0004617373924702406,0.9998260140419006
TEST_17985,0.0027687950059771538,0.9125440716743469
TEST_17986,0.11976165324449539,0.9980727434158325
TEST_17987,0.002070782473310828,0.9983693957328796
TEST_17988,0.0063936286605894566,0.9993084669113159
TEST_17989,0.0044831824488937855,0.9884164929389954
TEST_17990,0.00047554486081935465,0.9989818930625916
TEST_17991,0.11760122328996658,0.8847799301147461
TEST_17992,0.03898155316710472,0.8527984023094177
TEST_17993,0.016871871426701546,0.7485442757606506
TEST_17994,0.0607793889939785,0.9375192523002625
TEST_17995,0.007078127469867468,0.991668701171875
TEST_17996,0.7836524248123169,0.956914484500885
TEST_17997,0.001431970507837832,0.9855273962020874
TEST_17998,0.11191435158252716,0.9043859243392944
TEST_17999,0.02997148036956787,0.951134979724884
TEST_18000,0.004239754751324654,0.9936100840568542
TEST_18001,0.19430914521217346,0.9681934118270874
TEST_18002,0.6082962155342102,0.9853867292404175
TEST_18003,0.9820136427879333,0.8697758316993713
TEST_18004,0.00982776377350092,0.9923168420791626
TEST_18005,0.03526821732521057,0.9526589512825012
TEST_18006,0.015394832007586956,0.9834491610527039
TEST_18007,0.0005457677179947495,0.9999089241027832
TEST_18008,0.0024440621491521597,0.9991210103034973
TEST_18009,0.0366441048681736,0.26782476902008057
TEST_18010,0.0003984617942478508,0.9995737671852112
TEST_18011,0.6706923842430115,0.8386049270629883
TEST_18012,0.044043686240911484,0.9090671539306641
TEST_18013,0.21814902126789093,0.09527886658906937
TEST_18014,0.997347354888916,0.01928791031241417
TEST_18015,0.0010110499570146203,0.9996387958526611
TEST_18016,0.005916748195886612,0.9979392886161804
TEST_18017,0.09597160667181015,0.9931776523590088
TEST_18018,0.03457444906234741,0.9994764924049377
TEST_18019,0.29071786999702454,0.25328579545021057
TEST_18020,0.0031096218153834343,0.9833885431289673
TEST_18021,0.03551531955599785,0.9180759787559509
TEST_18022,0.30465829372406006,0.9647483825683594
TEST_18023,0.009814774617552757,0.9213095307350159
TEST_18024,0.002266189781948924,0.9983920454978943
TEST_18025,0.020995577797293663,0.9283369779586792
TEST_18026,0.0796978622674942,0.9894305467605591
TEST_18027,0.18363745510578156,0.8116403818130493
TEST_18028,0.017119375988841057,0.9817178249359131
TEST_18029,0.05466229468584061,0.9292269945144653
TEST_18030,0.0013764060568064451,0.9998955726623535
TEST_18031,0.19656813144683838,0.9014524221420288
TEST_18032,0.043497368693351746,0.8760933876037598
TEST_18033,0.2842620611190796,0.9187893867492676
TEST_18034,0.0016136250924319029,0.9936816692352295
TEST_18035,0.011246458627283573,0.9738529920578003
TEST_18036,0.01924533024430275,0.9700854420661926
TEST_18037,0.026791000738739967,0.9829013347625732
TEST_18038,0.035413824021816254,0.9696826338768005
TEST_18039,0.010135036893188953,0.8928214907646179
TEST_18040,0.9911177158355713,0.04687553271651268
TEST_18041,0.00029816420283168554,0.9990329742431641
TEST_18042,0.04119276627898216,0.8935491442680359
TEST_18043,0.14806954562664032,0.6259263753890991
TEST_18044,0.01219420786947012,0.9263988137245178
TEST_18045,0.0004725396865978837,0.9999042749404907
TEST_18046,0.004572967533022165,0.9991639852523804
TEST_18047,3.476194615359418e-05,0.9985299110412598
TEST_18048,0.03411787003278732,0.9944815635681152
TEST_18049,0.0030340321827679873,0.9992971420288086
TEST_18050,0.007100602146238089,0.9990041851997375
TEST_18051,0.08449753373861313,0.9852860569953918
TEST_18052,0.9978027939796448,0.5062330365180969
TEST_18053,0.048798561096191406,0.8668737411499023
TEST_18054,0.4338303208351135,0.9874987006187439
TEST_18055,0.0003435232792980969,0.9976250529289246
TEST_18056,0.00281332153826952,0.9853911399841309
TEST_18057,0.021408086642622948,0.9906417727470398
TEST_18058,0.29350143671035767,0.8053696155548096
TEST_18059,0.002725576050579548,0.987302303314209
TEST_18060,0.004940185695886612,0.9954444169998169
TEST_18061,0.00972057320177555,0.9926391839981079
TEST_18062,0.003244137391448021,0.9933807849884033
TEST_18063,0.030255572870373726,0.9866449236869812
TEST_18064,0.1382512003183365,0.9137445688247681
TEST_18065,0.04458041489124298,0.24016742408275604
TEST_18066,0.003629131708294153,0.998894989490509
TEST_18067,0.003449547803029418,0.9779850244522095
TEST_18068,0.001959526678547263,0.9988309741020203
TEST_18069,0.0027113351970911026,0.9982170462608337
TEST_18070,0.026273244991898537,0.9236434102058411
TEST_18071,0.03129352629184723,0.9662153124809265
TEST_18072,0.05786101892590523,0.9253063201904297
TEST_18073,0.7954126596450806,0.8479210138320923
TEST_18074,0.7940534949302673,0.0865757092833519
TEST_18075,0.0014427272835746408,0.9954374432563782
TEST_18076,0.06697909533977509,0.8529647588729858
TEST_18077,0.1820402890443802,0.9519860744476318
TEST_18078,0.0093263303861022,0.9980915188789368
TEST_18079,0.013120240531861782,0.977758526802063
TEST_18080,0.0017087896121665835,0.9994809031486511
TEST_18081,0.0003413404047023505,0.9993657469749451
TEST_18082,0.0164034403860569,0.9922240972518921
TEST_18083,0.6694303750991821,0.9165694117546082
TEST_18084,0.006096219178289175,0.9956264495849609
TEST_18085,0.024659905582666397,0.9920863509178162
TEST_18086,0.0012897980632260442,0.9995740056037903
TEST_18087,0.3458055555820465,0.9374955296516418
TEST_18088,0.03169967979192734,0.9854007363319397
TEST_18089,0.003433812875300646,0.7549476623535156
TEST_18090,0.999052107334137,0.0020393584854900837
TEST_18091,0.026608793064951897,0.84637850522995
TEST_18092,0.003917665686458349,0.9426836371421814
TEST_18093,0.003970257472246885,0.9573736190795898
TEST_18094,0.3960660696029663,0.06668344140052795
TEST_18095,0.07423940300941467,0.9918152689933777
TEST_18096,0.0420563630759716,0.8977168202400208
TEST_18097,0.005573328118771315,0.9921682476997375
TEST_18098,0.4913436472415924,0.8727630376815796
TEST_18099,0.3752429783344269,0.905760645866394
TEST_18100,0.17021936178207397,0.8885540962219238
TEST_18101,0.029848601669073105,0.9735445380210876
TEST_18102,0.0012398249236866832,0.9996813535690308
TEST_18103,0.034400224685668945,0.9172877073287964
TEST_18104,0.023936988785862923,0.9415803551673889
TEST_18105,0.003101609880104661,0.9965763688087463
TEST_18106,0.07180416584014893,0.9100996851921082
TEST_18107,0.008876723237335682,0.981736421585083
TEST_18108,0.00040541935595683753,0.9998241066932678
TEST_18109,0.058626823127269745,0.9884258508682251
TEST_18110,0.00255474797450006,0.9999840259552002
TEST_18111,0.30892521142959595,0.6131174564361572
TEST_18112,0.018017077818512917,0.9660765528678894
TEST_18113,0.10457676649093628,0.8865624070167542
TEST_18114,0.0054728626273572445,0.9989049434661865
TEST_18115,0.0008897437946870923,1.0
TEST_18116,0.00027640737243928015,0.9995490908622742
TEST_18117,0.00013681987184099853,0.9972805976867676
TEST_18118,0.5865225791931152,0.8564512729644775
TEST_18119,0.00033163506304845214,0.9941296577453613
TEST_18120,0.9072423577308655,0.9987186193466187
TEST_18121,0.2275146245956421,0.9691087007522583
TEST_18122,0.973337709903717,0.029135961085557938
TEST_18123,0.005519980099052191,0.9935531616210938
TEST_18124,0.003125883871689439,0.9981721639633179
TEST_18125,0.0019305035239085555,0.9943109750747681
TEST_18126,0.04877575486898422,0.9933727979660034
TEST_18127,0.8903766870498657,0.7869067192077637
TEST_18128,0.012838589958846569,0.9851633906364441
TEST_18129,0.09786473959684372,0.3624672293663025
TEST_18130,0.15629948675632477,0.9179341197013855
TEST_18131,0.0023116914089769125,0.9823868274688721
TEST_18132,0.025101162493228912,0.7330542206764221
TEST_18133,0.008219743147492409,0.9724557995796204
TEST_18134,0.008818849921226501,0.9540795683860779
TEST_18135,0.034764695912599564,0.8792306780815125
TEST_18136,0.009898040443658829,0.9869863390922546
TEST_18137,0.3044288754463196,0.8368110060691833
TEST_18138,0.19196107983589172,0.9895824193954468
TEST_18139,0.3119748830795288,0.9169350862503052
TEST_18140,0.025085950270295143,0.9906972646713257
TEST_18141,0.0015161307528614998,0.9914503693580627
TEST_18142,0.0314934216439724,0.9689477682113647
TEST_18143,0.03153923526406288,0.9872224926948547
TEST_18144,0.02243083529174328,0.9870023727416992
TEST_18145,0.24556049704551697,0.9809151887893677
TEST_18146,0.03137906640768051,0.980076253414154
TEST_18147,0.006958304904401302,0.9972088932991028
TEST_18148,0.09429261833429337,0.9885615706443787
TEST_18149,0.024091804400086403,0.9909095168113708
TEST_18150,0.13870324194431305,0.6179597973823547
TEST_18151,0.013353608548641205,0.9962827563285828
TEST_18152,0.00011637642455752939,0.9982731342315674
TEST_18153,0.0018731083255261183,0.994255006313324
TEST_18154,0.006191367283463478,0.9980871677398682
TEST_18155,0.002686584834009409,0.9961910247802734
TEST_18156,0.11551137268543243,0.9971116781234741
TEST_18157,0.01467769593000412,0.8551211953163147
TEST_18158,0.3471333384513855,0.9773877263069153
TEST_18159,0.0015782838454470038,0.9999352693557739
TEST_18160,0.002302059903740883,0.9925231337547302
TEST_18161,0.0003368442412465811,0.9965267777442932
TEST_18162,0.02357858046889305,0.9146358370780945
TEST_18163,0.018887775018811226,0.9880900382995605
TEST_18164,0.015428628772497177,0.981063187122345
TEST_18165,0.04665537551045418,0.9780067205429077
TEST_18166,0.003927758429199457,0.985836386680603
TEST_18167,0.0017317316960543394,0.9985080361366272
TEST_18168,0.005248705856502056,0.9978039860725403
TEST_18169,0.003360317787155509,0.9996627569198608
TEST_18170,0.014083998277783394,1.0
TEST_18171,0.011364318430423737,0.9842973351478577
TEST_18172,0.033600419759750366,0.9792120456695557
TEST_18173,0.0046010492369532585,0.993625283241272
TEST_18174,0.10318692028522491,0.8287942409515381
TEST_18175,0.11958809196949005,0.9749069213867188
TEST_18176,0.0019442079355940223,0.9461349248886108
TEST_18177,0.6997197270393372,0.533981442451477
TEST_18178,0.02719219960272312,0.9859987497329712
TEST_18179,0.8477796912193298,0.006408137269318104
TEST_18180,0.8054319620132446,0.8532677888870239
TEST_18181,0.0012870890786871314,0.9937058091163635
TEST_18182,0.002553535858169198,0.9435832500457764
TEST_18183,0.3570321798324585,0.9880483746528625
TEST_18184,0.022652022540569305,0.97350013256073
TEST_18185,0.04207005351781845,0.9995658993721008
TEST_18186,0.0128637058660388,0.9376905560493469
TEST_18187,0.00728681031614542,0.979590892791748
TEST_18188,0.01512064877897501,0.9680795669555664
TEST_18189,0.10282692313194275,0.912916898727417
TEST_18190,0.2732492685317993,0.8509595990180969
TEST_18191,0.331594318151474,0.45763933658599854
TEST_18192,0.043418269604444504,0.953387439250946
TEST_18193,0.0017615777906030416,0.9970871806144714
TEST_18194,0.27356991171836853,0.9746355414390564
TEST_18195,0.00037751643685624003,0.99986732006073
TEST_18196,0.02546115033328533,0.9520901441574097
TEST_18197,0.017150798812508583,0.9120179414749146
TEST_18198,0.0274884682148695,0.992605447769165
TEST_18199,0.03577778488397598,0.8422721028327942
TEST_18200,0.0008077556267380714,0.9999363422393799
TEST_18201,0.2370413839817047,0.008029825985431671
TEST_18202,0.0017933411290869117,0.994141161441803
TEST_18203,0.029740246012806892,0.952571451663971
TEST_18204,0.0039506028406322,0.9741454720497131
TEST_18205,0.01495656743645668,0.9220685362815857
TEST_18206,0.004720055498182774,0.9912660717964172
TEST_18207,0.00710394186899066,0.9985950589179993
TEST_18208,0.002192328218370676,0.9993665814399719
TEST_18209,0.013698783703148365,0.9466599822044373
TEST_18210,0.07022596895694733,0.513495683670044
TEST_18211,0.0025344688910990953,0.9999688863754272
TEST_18212,0.41890186071395874,0.7133457660675049
TEST_18213,0.9816015958786011,0.0027560885064303875
TEST_18214,0.0038801426999270916,0.9579687714576721
TEST_18215,0.04448987543582916,0.959578812122345
TEST_18216,0.07249687612056732,0.8833154439926147
TEST_18217,0.0046721152029931545,0.9619302749633789
TEST_18218,0.03351693972945213,0.9233506917953491
TEST_18219,0.06041663512587547,0.9664605855941772
TEST_18220,0.015190170146524906,0.999811589717865
TEST_18221,0.029319308698177338,0.9919431209564209
TEST_18222,0.0021504273172467947,0.9538193941116333
TEST_18223,0.001985315466299653,0.9978912472724915
TEST_18224,0.0006318637169897556,0.9937406182289124
TEST_18225,0.03653016686439514,0.8679600954055786
TEST_18226,0.9998648166656494,2.5583902242942713e-05
TEST_18227,0.000491446116939187,0.9998546838760376
TEST_18228,0.01013815589249134,0.924663245677948
TEST_18229,0.07126861065626144,0.8529250025749207
TEST_18230,0.9993208646774292,0.02025749161839485
TEST_18231,0.03736165910959244,0.9548152685165405
TEST_18232,0.004141654819250107,0.9928944706916809
TEST_18233,0.5085644721984863,0.9667394757270813
TEST_18234,0.006974015384912491,0.9795474410057068
TEST_18235,0.01276880782097578,0.9939894676208496
TEST_18236,0.003753253724426031,0.9974633455276489
TEST_18237,0.009578501805663109,0.9806483387947083
TEST_18238,0.03807293623685837,0.9029121994972229
TEST_18239,0.0747184008359909,0.875318706035614
TEST_18240,0.0005735548911616206,0.998054027557373
TEST_18241,0.09867780655622482,0.8559452891349792
TEST_18242,0.07851981371641159,0.9890122413635254
TEST_18243,0.013618933036923409,0.9929089546203613
TEST_18244,0.06572872400283813,0.7141140103340149
TEST_18245,0.005915094166994095,0.9967584013938904
TEST_18246,0.02165400981903076,0.9932304620742798
TEST_18247,0.022229982540011406,0.9955112934112549
TEST_18248,0.05292834714055061,0.9124455451965332
TEST_18249,0.0006701110396534204,0.9765909910202026
TEST_18250,0.005326038226485252,0.9981786012649536
TEST_18251,0.028316225856542587,0.9600288271903992
TEST_18252,0.08297760039567947,0.911065399646759
TEST_18253,0.006987015251070261,0.9878831505775452
TEST_18254,0.0034614771138876677,0.9794529676437378
TEST_18255,0.3867053687572479,0.02462337166070938
TEST_18256,0.10925396531820297,0.9746590852737427
TEST_18257,0.01550241094082594,0.985893964767456
TEST_18258,0.0023302787449210882,0.994545578956604
TEST_18259,0.556000292301178,0.8875832557678223
TEST_18260,0.10143668949604034,0.6186750531196594
TEST_18261,0.018971672281622887,0.9981404542922974
TEST_18262,0.0038747854996472597,0.996997594833374
TEST_18263,0.03143330290913582,0.9015434980392456
TEST_18264,0.015057224780321121,0.9950166344642639
TEST_18265,0.6736350059509277,0.4242576062679291
TEST_18266,0.0012304438278079033,0.9555431008338928
TEST_18267,0.0010811027605086565,0.9987493753433228
TEST_18268,0.004295529797673225,0.9891241788864136
TEST_18269,0.0005971891223452985,0.9849743843078613
TEST_18270,0.016454895958304405,0.8811927437782288
TEST_18271,0.22571039199829102,0.646228015422821
TEST_18272,0.00337706645950675,0.9998915195465088
TEST_18273,0.031668517738580704,0.924802839756012
TEST_18274,0.07579497247934341,0.9918848276138306
TEST_18275,0.05004749447107315,0.9115544557571411
TEST_18276,0.0047401669435203075,0.9947327375411987
TEST_18277,0.005328013561666012,0.9902922511100769
TEST_18278,0.07518512010574341,0.9919722080230713
TEST_18279,0.019765200093388557,0.9735288619995117
TEST_18280,0.09005093574523926,0.965168297290802
TEST_18281,0.022391250357031822,0.9453101754188538
TEST_18282,0.0072958264499902725,0.9972065091133118
TEST_18283,0.010013410821557045,0.9894077777862549
TEST_18284,0.01840502768754959,0.9981788396835327
TEST_18285,0.42030784487724304,0.6742537617683411
TEST_18286,0.0017777711618691683,0.9998714923858643
TEST_18287,0.9997684359550476,0.0003866409242618829
TEST_18288,0.0380060113966465,0.823630154132843
TEST_18289,0.0003961863985750824,0.9949021339416504
TEST_18290,0.035506974905729294,0.9942681789398193
TEST_18291,0.004141786601394415,0.9999386072158813
TEST_18292,0.0005139094428159297,0.9951003193855286
TEST_18293,0.2781442701816559,0.9908085465431213
TEST_18294,0.05501614138484001,0.9916953444480896
TEST_18295,0.007827090099453926,0.9974417686462402
TEST_18296,0.0011127954348921776,0.9853138327598572
TEST_18297,0.006888512056320906,0.9831252694129944
TEST_18298,0.061775099486112595,0.7161620259284973
TEST_18299,0.017771106213331223,0.9597782492637634
TEST_18300,0.006448994856327772,0.5718078017234802
TEST_18301,5.4843592806719244e-05,0.9992546439170837
TEST_18302,0.0023098301608115435,0.9882077574729919
TEST_18303,0.025945063680410385,0.9692626595497131
TEST_18304,0.020332975313067436,0.9731738567352295
TEST_18305,0.1284719854593277,0.9959837198257446
TEST_18306,0.02167532406747341,0.9819433093070984
TEST_18307,0.01781388930976391,0.8923370242118835
TEST_18308,0.0005157386185601354,0.9894371032714844
TEST_18309,0.0049704029224812984,0.965496838092804
TEST_18310,0.021818147972226143,0.9317562580108643
TEST_18311,0.03534945473074913,0.9561647176742554
TEST_18312,0.0017800778150558472,0.999967098236084
TEST_18313,0.002600237959995866,0.9799079895019531
TEST_18314,0.0220962967723608,0.9630247354507446
TEST_18315,0.011168095283210278,0.9988952279090881
TEST_18316,0.026557162404060364,0.992438793182373
TEST_18317,0.034003112465143204,0.8809173107147217
TEST_18318,0.004503407049924135,0.9514086246490479
TEST_18319,0.05041602998971939,0.9078198671340942
TEST_18320,0.3091883361339569,0.9883419871330261
TEST_18321,0.9999650716781616,0.02873161807656288
TEST_18322,0.1956692636013031,0.8416680097579956
TEST_18323,0.003505486762151122,0.9903985261917114
TEST_18324,0.027598049491643906,0.996170699596405
TEST_18325,0.09270129352807999,0.9632994532585144
TEST_18326,0.00950710754841566,0.6420485973358154
TEST_18327,0.003407183801755309,0.9977645874023438
TEST_18328,0.24526068568229675,0.8634630441665649
TEST_18329,0.00472376449033618,0.9963364601135254
TEST_18330,0.019213834777474403,0.6149387359619141
TEST_18331,0.0016946386313065886,0.993395984172821
TEST_18332,0.06628656387329102,0.9769161343574524
TEST_18333,0.07897647470235825,0.9803063869476318
TEST_18334,0.8621194958686829,0.9745031595230103
TEST_18335,0.055461835116147995,0.7944002151489258
TEST_18336,0.0015058927237987518,0.9989149570465088
TEST_18337,0.05378241091966629,0.9694486260414124
TEST_18338,0.01222652941942215,0.9295994639396667
TEST_18339,0.011772793717682362,0.9997572302818298
TEST_18340,0.05027127265930176,0.9796361923217773
TEST_18341,0.042562175542116165,0.9418209195137024
TEST_18342,0.9467653632164001,0.7862162590026855
TEST_18343,0.011095402762293816,0.989756166934967
TEST_18344,0.01003021840006113,0.9964423775672913
TEST_18345,0.009072965942323208,0.9861490726470947
TEST_18346,0.7042533159255981,0.9456393718719482
TEST_18347,0.0005875858478248119,0.9991306662559509
TEST_18348,0.7506186962127686,0.7819463610649109
TEST_18349,0.013236161321401596,0.8989872336387634
TEST_18350,0.030435089021921158,0.8571931719779968
TEST_18351,0.04323846474289894,0.9646220207214355
TEST_18352,0.04560471326112747,0.9776216745376587
TEST_18353,0.6632448434829712,0.9054115414619446
TEST_18354,0.0803874060511589,0.8010517358779907
TEST_18355,0.5339025855064392,0.10367650538682938
TEST_18356,0.010647658258676529,0.9946931004524231
TEST_18357,0.0011465887073427439,0.9999407529830933
TEST_18358,0.005721898749470711,0.9733096957206726
TEST_18359,0.21028119325637817,0.9678393006324768
TEST_18360,0.0052589536644518375,0.9920722842216492
TEST_18361,0.06472072005271912,0.9809346795082092
TEST_18362,0.39923152327537537,0.9349150061607361
TEST_18363,0.026295339688658714,0.9959143996238708
TEST_18364,0.0938965231180191,0.9945265650749207
TEST_18365,0.003004677128046751,0.9953969120979309
TEST_18366,0.00029050270677544177,0.999994158744812
TEST_18367,0.004912332631647587,0.9800753593444824
TEST_18368,0.01922932267189026,0.9750670194625854
TEST_18369,0.0011203170288354158,0.9959831237792969
TEST_18370,0.056226566433906555,0.8545718193054199
TEST_18371,0.04578496888279915,0.9402392506599426
TEST_18372,0.001255886279977858,0.9839848875999451
TEST_18373,0.04375448077917099,0.9036126136779785
TEST_18374,0.007159415632486343,0.9962577819824219
TEST_18375,0.03092932142317295,0.960430920124054
TEST_18376,0.976021945476532,0.9898902177810669
TEST_18377,0.007666719611734152,0.9979397654533386
TEST_18378,0.014164379797875881,0.8741458654403687
TEST_18379,0.0927564948797226,0.7904992699623108
TEST_18380,0.004734402522444725,0.9379010796546936
TEST_18381,0.00708241481333971,0.9979228377342224
TEST_18382,0.004624234512448311,0.9829493761062622
TEST_18383,0.1309819519519806,0.9580770134925842
TEST_18384,0.001586560974828899,0.9993864297866821
TEST_18385,0.03403880447149277,0.9800241589546204
TEST_18386,0.0008410335867665708,0.9997146725654602
TEST_18387,0.06525063514709473,0.9871396422386169
TEST_18388,0.004317000973969698,0.9974103569984436
TEST_18389,0.002997191622853279,0.9992647767066956
TEST_18390,0.00732329860329628,0.9981227517127991
TEST_18391,0.0003559608303476125,0.9983748197555542
TEST_18392,0.051387447863817215,0.9851279854774475
TEST_18393,0.010880876332521439,0.913500964641571
TEST_18394,0.0022431977558881044,0.9993615746498108
TEST_18395,0.057874806225299835,0.818187952041626
TEST_18396,0.033347874879837036,0.9808277487754822
TEST_18397,0.060648538172245026,0.9600081443786621
TEST_18398,0.9989235997200012,0.1200043186545372
TEST_18399,0.01143439020961523,0.9762016534805298
TEST_18400,0.005945607554167509,0.9843890070915222
TEST_18401,0.011138508096337318,0.9761133790016174
TEST_18402,0.002986921463161707,0.9988892674446106
TEST_18403,0.002478068694472313,0.9898256659507751
TEST_18404,0.007668820675462484,0.9352187514305115
TEST_18405,0.08250398933887482,0.969193160533905
TEST_18406,0.02789881080389023,0.9810352921485901
TEST_18407,0.65718674659729,0.9647544026374817
TEST_18408,0.027492394670844078,0.9312141537666321
TEST_18409,0.011063329875469208,0.991817057132721
TEST_18410,0.08143104612827301,0.9708602428436279
TEST_18411,0.0006373955984599888,0.9957244396209717
TEST_18412,0.0006393635412678123,0.9982014894485474
TEST_18413,0.2640154957771301,0.28925958275794983
TEST_18414,0.9959139227867126,0.037007346749305725
TEST_18415,0.11766556650400162,0.8905713558197021
TEST_18416,0.13373693823814392,0.9990190267562866
TEST_18417,0.7443184852600098,0.9298047423362732
TEST_18418,0.002641286002472043,0.9286545515060425
TEST_18419,0.0055445716716349125,0.9870794415473938
TEST_18420,0.6637269854545593,0.8672001957893372
TEST_18421,0.03036777675151825,0.9672264456748962
TEST_18422,0.008850951679050922,0.9969593286514282
TEST_18423,0.12380422651767731,0.8560472130775452
TEST_18424,0.013816016726195812,0.9437758326530457
TEST_18425,0.020060716196894646,0.9468915462493896
TEST_18426,0.004966947250068188,0.996819257736206
TEST_18427,0.008029753342270851,0.9997301697731018
TEST_18428,0.08490682393312454,0.877921998500824
TEST_18429,0.008306358009576797,0.9994575381278992
TEST_18430,0.03296390920877457,0.8909596800804138
TEST_18431,0.0019041425548493862,0.9975879192352295
TEST_18432,0.0021740111988037825,0.9972792267799377
TEST_18433,0.08652271330356598,0.9870770573616028
TEST_18434,0.003962787799537182,0.9916151762008667
TEST_18435,0.0027499510906636715,0.9970986843109131
TEST_18436,0.004892037715762854,0.987437903881073
TEST_18437,0.015082108788192272,0.9787156581878662
TEST_18438,0.02602562867105007,0.9117971658706665
TEST_18439,0.011013321578502655,0.997765064239502
TEST_18440,0.0013151634484529495,0.9995402097702026
TEST_18441,0.019443131983280182,0.99989914894104
TEST_18442,0.001398099004290998,0.9977053999900818
TEST_18443,0.163703054189682,0.9510852694511414
TEST_18444,0.048842158168554306,0.2688336968421936
TEST_18445,0.11917231976985931,0.9288454651832581
TEST_18446,0.022962965071201324,0.9169936776161194
TEST_18447,0.9990378618240356,0.8637555241584778
TEST_18448,0.00934433564543724,0.9998726844787598
TEST_18449,0.005483407527208328,0.9852948188781738
TEST_18450,0.02740502543747425,0.9751484394073486
TEST_18451,0.01718924567103386,0.9903530478477478
TEST_18452,0.006444169674068689,0.9888731837272644
TEST_18453,0.005664316471666098,0.974244236946106
TEST_18454,0.08491115272045135,0.90086430311203
TEST_18455,0.008333984762430191,0.9634049534797668
TEST_18456,0.07717447727918625,0.8341334462165833
TEST_18457,0.0006436147959902883,0.9998507499694824
TEST_18458,0.0008790632127784193,0.9987747073173523
TEST_18459,0.004116566851735115,0.5453341007232666
TEST_18460,0.008198554627597332,0.9630669951438904
TEST_18461,0.010868576355278492,0.9878081679344177
TEST_18462,0.001304278732277453,0.9996582269668579
TEST_18463,0.010649028234183788,0.9725850224494934
TEST_18464,0.012115676887333393,0.9892479777336121
TEST_18465,0.0046700602397322655,0.992355465888977
TEST_18466,0.0009843085426837206,0.9998536109924316
TEST_18467,0.1217087060213089,0.9712916612625122
TEST_18468,0.017542686313390732,0.9971699118614197
TEST_18469,0.002246249932795763,0.9928145408630371
TEST_18470,0.013771271333098412,0.9996943473815918
TEST_18471,0.8814077377319336,0.006710486486554146
TEST_18472,0.004135353956371546,0.9695098996162415
TEST_18473,0.30194351077079773,0.9952827095985413
TEST_18474,0.03757848963141441,0.9062837958335876
TEST_18475,0.005108748562633991,0.9952321648597717
TEST_18476,0.04494824260473251,0.8742609620094299
TEST_18477,0.001704627531580627,0.9999672174453735
TEST_18478,0.778741180896759,0.4559721350669861
TEST_18479,0.06900162249803543,0.862614095211029
TEST_18480,0.011621595360338688,0.9943378567695618
TEST_18481,0.7960981726646423,0.0036803323309868574
TEST_18482,0.017235184088349342,0.9751940965652466
TEST_18483,0.00295339641161263,0.9970970153808594
TEST_18484,0.5644380450248718,0.862266480922699
TEST_18485,0.012774519622325897,0.9919162392616272
TEST_18486,0.008201714605093002,0.7998871803283691
TEST_18487,0.015490873716771603,0.9674215316772461
TEST_18488,0.13833048939704895,0.8764929175376892
TEST_18489,0.003165783593431115,0.9984951019287109
TEST_18490,0.006098663434386253,0.920686662197113
TEST_18491,0.0015741362003609538,0.9954466223716736
TEST_18492,0.0038539846427738667,0.9775753021240234
TEST_18493,0.9994100332260132,0.8491987586021423
TEST_18494,0.003091453341767192,0.9848905205726624
TEST_18495,0.017961809411644936,0.9705677032470703
TEST_18496,0.0617259219288826,0.9320822358131409
TEST_18497,0.012158098630607128,0.8765666484832764
TEST_18498,0.0020044727716594934,0.9993770718574524
TEST_18499,0.12685751914978027,0.8632628321647644
TEST_18500,0.0023022626992315054,0.9977422952651978
TEST_18501,0.007036983035504818,0.999366819858551
TEST_18502,0.024183478206396103,0.9834772944450378
TEST_18503,0.11386295408010483,0.0701165497303009
TEST_18504,0.11057352274656296,0.926501452922821
TEST_18505,0.11859806627035141,0.8622638583183289
TEST_18506,0.031768836081027985,0.997047483921051
TEST_18507,0.0002773309824988246,0.9656575322151184
TEST_18508,0.9999569654464722,0.00018100341549143195
TEST_18509,0.08830475807189941,0.8706212639808655
TEST_18510,0.00411879550665617,0.9854824542999268
TEST_18511,0.0008900787797756493,0.9919112324714661
TEST_18512,0.027343597263097763,0.9736676216125488
TEST_18513,0.002513497369363904,0.9924430251121521
TEST_18514,0.007539693731814623,0.999765932559967
TEST_18515,0.013310391455888748,0.8871550559997559
TEST_18516,0.0069826398976147175,0.9599442481994629
TEST_18517,0.0045829350128769875,0.9962277412414551
TEST_18518,0.1042938381433487,0.9834409952163696
TEST_18519,0.00606596888974309,0.9938979744911194
TEST_18520,0.004433891270309687,0.9976274371147156
TEST_18521,0.00781834777444601,0.9985193610191345
TEST_18522,0.14144892990589142,0.9923388957977295
TEST_18523,0.07301637530326843,0.9522024989128113
TEST_18524,0.0001523101527709514,0.9999397993087769
TEST_18525,0.013524952344596386,0.9861977696418762
TEST_18526,0.03098517842590809,0.9988440275192261
TEST_18527,0.0016512451693415642,0.9724604487419128
TEST_18528,0.09403494000434875,0.93878573179245
TEST_18529,0.04863792285323143,0.8693968653678894
TEST_18530,0.9987443685531616,0.8795319199562073
TEST_18531,0.003418373642489314,0.997123658657074
TEST_18532,0.02014210820198059,0.9959673881530762
TEST_18533,0.00020841478544753045,0.9999496936798096
TEST_18534,0.02237534523010254,0.9794636964797974
TEST_18535,0.04299326613545418,0.9519903063774109
TEST_18536,0.00966748595237732,0.9985551238059998
TEST_18537,0.0028245849534869194,0.9999370574951172
TEST_18538,0.04445929452776909,0.7586720585823059
TEST_18539,0.28524255752563477,0.9658953547477722
TEST_18540,0.0017997459508478642,0.990254819393158
TEST_18541,0.13951469957828522,0.8421778082847595
TEST_18542,0.11163545399904251,0.9559998512268066
TEST_18543,0.12013087421655655,0.9792520403862
TEST_18544,0.00621282821521163,0.9350155591964722
TEST_18545,0.03736170381307602,0.9831152558326721
TEST_18546,0.0026794993318617344,0.9850524067878723
TEST_18547,0.0046117473393678665,0.9980812072753906
TEST_18548,0.011676847003400326,0.9970791339874268
TEST_18549,0.019685935229063034,0.995556652545929
TEST_18550,0.0014013362815603614,0.9944018721580505
TEST_18551,0.012239085510373116,0.9995959401130676
TEST_18552,0.7456290125846863,0.8714483380317688
TEST_18553,0.0004351407987996936,0.9944766163825989
TEST_18554,0.03314340114593506,0.864142656326294
TEST_18555,0.014272485859692097,0.9892388582229614
TEST_18556,0.011441226117312908,0.9943369030952454
TEST_18557,0.0008014403283596039,0.9996497631072998
TEST_18558,0.006774138193577528,0.9995933175086975
TEST_18559,0.04727200046181679,0.7040024995803833
TEST_18560,0.04677063226699829,0.7764695882797241
TEST_18561,0.007067809347063303,0.9940052628517151
TEST_18562,0.0013659512624144554,0.9995244741439819
TEST_18563,0.0011248630471527576,0.9975976347923279
TEST_18564,0.0009125990327447653,0.9841794371604919
TEST_18565,0.015372592955827713,0.9985936284065247
TEST_18566,0.6912009119987488,0.9308489561080933
TEST_18567,0.05901198834180832,0.9958555102348328
TEST_18568,0.007533232215791941,0.9926621913909912
TEST_18569,0.035773515701293945,0.9952697157859802
TEST_18570,0.034767527133226395,0.9650323987007141
TEST_18571,0.0003186893882229924,0.9956732392311096
TEST_18572,0.01458266656845808,0.995879054069519
TEST_18573,0.039947446435689926,0.918515145778656
TEST_18574,0.0051306928507983685,0.9910010695457458
TEST_18575,0.046668365597724915,0.19773754477500916
TEST_18576,0.09053591638803482,0.8800055384635925
TEST_18577,0.04817679151892662,0.9764474034309387
TEST_18578,0.007426348049193621,0.9689855575561523
TEST_18579,0.004567741882055998,0.9922688603401184
TEST_18580,0.0030563517939299345,0.9312433004379272
TEST_18581,0.005043040029704571,0.9946316480636597
TEST_18582,0.0008315404993481934,0.999600350856781
TEST_18583,0.001455208519473672,0.9085698127746582
TEST_18584,0.07576396316289902,0.9991762042045593
TEST_18585,0.03693472221493721,0.98603755235672
TEST_18586,0.00015330912719946355,0.9996539354324341
TEST_18587,0.28798016905784607,0.9727661609649658
TEST_18588,0.0012583660427480936,0.9995085000991821
TEST_18589,0.007224021013826132,0.995746910572052
TEST_18590,0.09558262676000595,0.9553274512290955
TEST_18591,0.0004034815647173673,0.9982086420059204
TEST_18592,0.07198283821344376,0.8978383541107178
TEST_18593,0.006040455307811499,0.9967043995857239
TEST_18594,0.1874779462814331,0.9734746217727661
TEST_18595,0.025333629921078682,0.9984006285667419
TEST_18596,0.012154684402048588,0.5091773867607117
TEST_18597,0.03732556849718094,0.8733405470848083
TEST_18598,0.06859658658504486,0.8139689564704895
TEST_18599,0.002986254170536995,0.8983842134475708
TEST_18600,0.013520880602300167,0.9323458075523376
TEST_18601,0.0011653178371489048,0.9917203187942505
TEST_18602,0.10970989614725113,0.943989634513855
TEST_18603,0.01244328822940588,0.9989659786224365
TEST_18604,0.001538128824904561,0.963893711566925
TEST_18605,0.01884629763662815,0.9957550764083862
TEST_18606,0.004750614054501057,0.9967800974845886
TEST_18607,0.02640417031943798,0.9938713312149048
TEST_18608,0.9646379351615906,0.7375738620758057
TEST_18609,0.055058158934116364,0.9180660247802734
TEST_18610,0.24985593557357788,0.7572657465934753
TEST_18611,0.17307370901107788,0.9768214821815491
TEST_18612,0.3432382047176361,0.900514543056488
TEST_18613,0.028282351791858673,0.987337589263916
TEST_18614,0.001423169276677072,0.9796225428581238
TEST_18615,0.010424238629639149,0.9591291546821594
TEST_18616,0.012753440998494625,0.9999659061431885
TEST_18617,0.004798604175448418,0.9905179142951965
TEST_18618,0.5399097204208374,0.794385552406311
TEST_18619,0.01617618463933468,0.9594738483428955
TEST_18620,0.994796097278595,0.7382803559303284
TEST_18621,0.03305453807115555,0.8619165420532227
TEST_18622,0.1693212389945984,0.9961752891540527
TEST_18623,0.08520045131444931,0.989611029624939
TEST_18624,0.01930961199104786,0.9488744139671326
TEST_18625,0.21871362626552582,0.7923054695129395
TEST_18626,0.5507524609565735,0.31893494725227356
TEST_18627,0.000140592543175444,0.9999915361404419
TEST_18628,0.0013775074621662498,0.9892617464065552
TEST_18629,0.0039342185482382774,0.9918184280395508
TEST_18630,0.051787156611680984,0.8318809866905212
TEST_18631,0.019548902288079262,0.9816452264785767
TEST_18632,0.026420967653393745,0.8658944368362427
TEST_18633,0.07105860859155655,0.9676992297172546
TEST_18634,0.027798058465123177,0.9995765089988708
TEST_18635,0.9829207062721252,0.03609857335686684
TEST_18636,0.2562864124774933,0.9451351761817932
TEST_18637,0.03261272981762886,0.9897632598876953
TEST_18638,0.06591787189245224,0.8998423218727112
TEST_18639,0.012013704515993595,0.9911583065986633
TEST_18640,0.01669783517718315,0.9917102456092834
TEST_18641,0.37250280380249023,0.6805944442749023
TEST_18642,0.0016551645239815116,0.9992419481277466
TEST_18643,0.45707210898399353,0.7459588050842285
TEST_18644,0.9895709753036499,0.8816117644309998
TEST_18645,0.004927508998662233,0.9984978437423706
TEST_18646,0.9273519515991211,0.5252979397773743
TEST_18647,0.01983466185629368,0.9143732190132141
TEST_18648,0.005754963960498571,0.9247294068336487
TEST_18649,0.002801549155265093,0.9993769526481628
TEST_18650,0.020475009456276894,0.9887879490852356
TEST_18651,0.04283943772315979,0.9218636751174927
TEST_18652,0.21759365499019623,0.9673370718955994
TEST_18653,0.007132256403565407,0.9997534155845642
TEST_18654,0.9975876808166504,0.011312739923596382
TEST_18655,0.14831919968128204,0.6555737853050232
TEST_18656,0.10513635724782944,0.981145977973938
TEST_18657,0.04743121564388275,0.9023264646530151
TEST_18658,0.01577051542699337,0.9708964228630066
TEST_18659,0.013737887144088745,0.9935595989227295
TEST_18660,0.0009649975108914077,0.9956188797950745
TEST_18661,0.06653165817260742,0.9720097184181213
TEST_18662,0.005616834387183189,0.9976244568824768
TEST_18663,0.017688164487481117,0.9872845411300659
TEST_18664,0.0009664752869866788,0.9900341629981995
TEST_18665,0.012140207923948765,0.9950366616249084
TEST_18666,0.012541264295578003,0.999699592590332
TEST_18667,0.022093886509537697,0.9791867733001709
TEST_18668,0.03436625376343727,0.986751914024353
TEST_18669,0.003077105386182666,0.9858391880989075
TEST_18670,0.013575929217040539,0.9464863538742065
TEST_18671,0.40562495589256287,0.6696538329124451
TEST_18672,0.982589602470398,0.9622346758842468
TEST_18673,0.033137544989585876,0.8754274845123291
TEST_18674,0.035203490406274796,0.9897871017456055
TEST_18675,0.005160477478057146,0.9987757802009583
TEST_18676,0.002085443353280425,0.9601190090179443
TEST_18677,0.0004713583621196449,0.9998883008956909
TEST_18678,0.009717809967696667,0.9546211957931519
TEST_18679,0.004082908853888512,0.9967460632324219
TEST_18680,0.7614580392837524,0.8261460065841675
TEST_18681,0.38125938177108765,0.3673403561115265
TEST_18682,0.02191014774143696,0.9731714129447937
TEST_18683,0.003463424975052476,0.9709098935127258
TEST_18684,0.04944729432463646,0.9976904392242432
TEST_18685,0.00010125412518391386,0.9996391534805298
TEST_18686,0.0032541349064558744,0.9998608827590942
TEST_18687,0.03325561806559563,0.9875999689102173
TEST_18688,0.016599692404270172,0.9866302013397217
TEST_18689,0.004286091309040785,0.9992170333862305
TEST_18690,0.05162220820784569,0.9654648303985596
TEST_18691,0.001371979946270585,0.9866517782211304
TEST_18692,0.012333027087152004,0.9797810316085815
TEST_18693,0.08400655537843704,0.9706262350082397
TEST_18694,0.0009001254220493138,0.9988942742347717
TEST_18695,0.0002627130306791514,0.9986280202865601
TEST_18696,0.7418688535690308,0.637349009513855
TEST_18697,0.05897659435868263,0.9622417688369751
TEST_18698,0.1241004541516304,0.8980672955513
TEST_18699,0.03463345393538475,0.9936056137084961
TEST_18700,0.026684025302529335,0.9907425045967102
TEST_18701,0.08901389688253403,0.9071686267852783
TEST_18702,0.004642209503799677,0.9991918206214905
TEST_18703,0.022299479693174362,0.9994725584983826
TEST_18704,0.03975078836083412,0.9446685910224915
TEST_18705,0.006964336149394512,0.9743497967720032
TEST_18706,0.6635615825653076,0.5212715864181519
TEST_18707,0.004405271261930466,0.8919275403022766
TEST_18708,0.02751690149307251,0.9538241624832153
TEST_18709,0.45795702934265137,0.9595624208450317
TEST_18710,0.0038886023685336113,0.9721778035163879
TEST_18711,0.003343057818710804,0.8790344595909119
TEST_18712,0.003398979315534234,0.9986709356307983
TEST_18713,0.364441454410553,0.9952046871185303
TEST_18714,0.001295076566748321,0.9934598207473755
TEST_18715,0.003891669912263751,0.7916259169578552
TEST_18716,0.5259964466094971,0.955507755279541
TEST_18717,0.009049100801348686,0.975602388381958
TEST_18718,0.001472632633522153,0.9799939393997192
TEST_18719,0.006170278415083885,0.9965254664421082
TEST_18720,0.003158977022394538,0.9811671376228333
TEST_18721,0.01516452431678772,0.9930962920188904
TEST_18722,0.001691357814706862,0.99490886926651
TEST_18723,0.0005811711889691651,0.9988662004470825
TEST_18724,0.013102087192237377,0.995635449886322
TEST_18725,0.026197321712970734,0.9470770359039307
TEST_18726,0.13428336381912231,0.9466146230697632
TEST_18727,0.0010137255303561687,0.9992753863334656
TEST_18728,0.017477644607424736,0.9819111227989197
TEST_18729,0.9836192727088928,0.1782974749803543
TEST_18730,0.0001927173143485561,0.9990511536598206
TEST_18731,0.03583930805325508,0.8549895882606506
TEST_18732,0.07957125455141068,0.9225926399230957
TEST_18733,0.0015310300514101982,0.9999918937683105
TEST_18734,0.0031662124674767256,0.9876478910446167
TEST_18735,0.9802976846694946,0.007363402750343084
TEST_18736,0.027596795931458473,0.8876444101333618
TEST_18737,0.005775036755949259,0.9818665385246277
TEST_18738,0.15147046744823456,0.41462570428848267
TEST_18739,0.012006157077848911,0.9970901012420654
TEST_18740,0.04037293791770935,0.964301347732544
TEST_18741,0.0008324724622070789,0.9950291514396667
TEST_18742,0.044291675090789795,0.8366238474845886
TEST_18743,0.08153045922517776,0.8958150148391724
TEST_18744,0.008165962994098663,0.9944292306900024
TEST_18745,0.012709298171103,0.9546665549278259
TEST_18746,0.03354894742369652,0.9253423810005188
TEST_18747,0.004359932616353035,0.9993014335632324
TEST_18748,0.0029862753581255674,0.9971994161605835
TEST_18749,0.20086610317230225,0.913726806640625
TEST_18750,0.0015963034238666296,0.9998061060905457
TEST_18751,0.0005413576727733016,0.9996500015258789
TEST_18752,0.00041764150955714285,0.9985087513923645
TEST_18753,0.0031873960979282856,0.9540649056434631
TEST_18754,0.011707206256687641,0.862051784992218
TEST_18755,0.0037844993639737368,0.9965807795524597
TEST_18756,0.0014200737932696939,0.9997953772544861
TEST_18757,0.6643940210342407,0.8272495865821838
TEST_18758,0.013569117523729801,0.974515974521637
TEST_18759,0.06663739681243896,0.996874213218689
TEST_18760,0.004595121368765831,0.9999861717224121
TEST_18761,0.0077711292542517185,0.9765917658805847
TEST_18762,0.001111649558879435,0.9999927282333374
TEST_18763,0.06318828463554382,0.9993485808372498
TEST_18764,0.0016936232568696141,0.9998868703842163
TEST_18765,0.0035378693137317896,0.9983264803886414
TEST_18766,0.034152545034885406,0.9465071558952332
TEST_18767,0.05088633671402931,0.99176424741745
TEST_18768,0.1605001986026764,0.8845442533493042
TEST_18769,0.9405366778373718,0.886042594909668
TEST_18770,0.19188597798347473,0.9993895292282104
TEST_18771,0.03960471972823143,0.9761994481086731
TEST_18772,0.0021706530824303627,0.9925904273986816
TEST_18773,0.0060752094723284245,0.9997133612632751
TEST_18774,0.038847461342811584,0.929436206817627
TEST_18775,0.0006290058372542262,0.9980039000511169
TEST_18776,0.003364063100889325,0.9454606175422668
TEST_18777,0.6123011708259583,0.5241973400115967
TEST_18778,0.001037423498928547,0.9992976188659668
TEST_18779,0.0067316326312720776,0.9988671541213989
TEST_18780,0.41897517442703247,0.8768730759620667
TEST_18781,0.020007764920592308,0.9850826263427734
TEST_18782,0.02461504563689232,0.9935546517372131
TEST_18783,0.018754299730062485,0.9973239898681641
TEST_18784,0.02874278463423252,0.9953161478042603
TEST_18785,0.03690194711089134,0.8733730316162109
TEST_18786,0.00980408862233162,0.6091263294219971
TEST_18787,0.4142240285873413,0.7972252368927002
TEST_18788,0.010858322493731976,0.993730902671814
TEST_18789,0.017308585345745087,0.7879028916358948
TEST_18790,0.0019399379380047321,0.9914673566818237
TEST_18791,0.002791553270071745,0.9867097735404968
TEST_18792,0.015688283368945122,0.9953765869140625
TEST_18793,0.031303681433200836,0.9605392217636108
TEST_18794,0.9738523364067078,0.984597384929657
TEST_18795,0.12496573477983475,0.623577356338501
TEST_18796,0.00737999752163887,0.9863694906234741
TEST_18797,0.9978790283203125,0.0006630313000641763
TEST_18798,0.9979840517044067,5.142034206073731e-05
TEST_18799,0.005870036780834198,0.9067487120628357
TEST_18800,0.0030798993539065123,0.9919723272323608
TEST_18801,0.04522870481014252,0.8805655241012573
TEST_18802,0.006000571884214878,0.9163497090339661
TEST_18803,0.2235104888677597,0.5229104161262512
TEST_18804,0.07075385004281998,0.9022742509841919
TEST_18805,0.010241788811981678,0.9996978044509888
TEST_18806,0.01265798695385456,0.9921906590461731
TEST_18807,0.0016822858015075326,0.9971639513969421
TEST_18808,0.4891289174556732,0.8690012097358704
TEST_18809,0.002330190036445856,0.9135093092918396
TEST_18810,0.0035228526685386896,0.9816176295280457
TEST_18811,0.44674187898635864,0.9210819005966187
TEST_18812,0.0031869688536971807,0.9916096329689026
TEST_18813,0.061247508972883224,0.922149121761322
TEST_18814,0.019572841003537178,0.9607219696044922
TEST_18815,0.006746961269527674,0.7199538350105286
TEST_18816,0.025607088580727577,0.9620848298072815
TEST_18817,0.0002563867310527712,0.9985355138778687
TEST_18818,0.04161420091986656,0.9349349141120911
TEST_18819,0.3253430426120758,0.9056899547576904
TEST_18820,0.002713143592700362,0.9528745412826538
TEST_18821,0.0007356530986726284,0.9994493126869202
TEST_18822,0.05015483871102333,0.9949426054954529
TEST_18823,0.0012362806592136621,0.9996354579925537
TEST_18824,0.9957844614982605,0.06117314472794533
TEST_18825,0.008608932606875896,0.9768114686012268
TEST_18826,0.023599898442626,0.9792338609695435
TEST_18827,0.035397619009017944,0.9841092228889465
TEST_18828,0.04210206866264343,0.9078243374824524
TEST_18829,0.0037468622904270887,0.9994547963142395
TEST_18830,0.042340561747550964,0.9264248013496399
TEST_18831,0.015725459903478622,0.9465381503105164
TEST_18832,0.001123844413086772,0.9994897842407227
TEST_18833,0.02077614888548851,0.960403323173523
TEST_18834,0.001571188447996974,0.9872366189956665
TEST_18835,0.0034337120596319437,0.9990193843841553
TEST_18836,0.004626662470400333,0.9985848665237427
TEST_18837,0.001643035444431007,0.9961898326873779
TEST_18838,0.022544531151652336,0.4470858871936798
TEST_18839,0.016709372401237488,0.996015727519989
TEST_18840,0.0009796764934435487,0.9933196306228638
TEST_18841,0.01323072612285614,0.9578997492790222
TEST_18842,0.002334772842004895,0.9927471280097961
TEST_18843,2.442149309445085e-07,0.9999321699142456
TEST_18844,0.0018438112456351519,0.998458981513977
TEST_18845,0.1344274878501892,0.9045432806015015
TEST_18846,0.09894707798957825,0.8175004124641418
TEST_18847,0.0032617610413581133,0.9892644286155701
TEST_18848,0.02998422645032406,0.9674848318099976
TEST_18849,0.0526055246591568,0.9817205667495728
TEST_18850,0.008252246305346489,0.986480712890625
TEST_18851,0.0034458141308277845,0.9884907007217407
TEST_18852,0.1450851559638977,0.9743441343307495
TEST_18853,0.9173004627227783,0.6926689147949219
TEST_18854,0.019458185881376266,0.9706818461418152
TEST_18855,0.0012400037376210093,0.9869599938392639
TEST_18856,0.02602819725871086,0.9986384510993958
TEST_18857,0.00032939284574240446,0.9995535016059875
TEST_18858,0.0010459845652803779,0.9951039552688599
TEST_18859,0.012544269673526287,0.9431367516517639
TEST_18860,0.0013125943951308727,0.9968705773353577
TEST_18861,0.001980685628950596,0.8995117545127869
TEST_18862,0.13518525660037994,0.3723147511482239
TEST_18863,0.0031982664950191975,0.998429000377655
TEST_18864,0.14067599177360535,0.9104101061820984
TEST_18865,0.023784063756465912,0.9942480325698853
TEST_18866,0.0442960225045681,0.8519590497016907
TEST_18867,0.10690492391586304,0.9298669695854187
TEST_18868,0.0005063347052782774,0.986122190952301
TEST_18869,0.0029234052635729313,0.9999558925628662
TEST_18870,0.012492816895246506,0.9999985694885254
TEST_18871,0.07069665938615799,0.5330455303192139
TEST_18872,0.011221924796700478,0.812623918056488
TEST_18873,0.0044094412587583065,0.9951617121696472
TEST_18874,0.14924003183841705,0.914387047290802
TEST_18875,0.0018550899112597108,0.9580021500587463
TEST_18876,0.7764523029327393,0.9786170125007629
TEST_18877,0.06720682978630066,0.9581441879272461
TEST_18878,0.033886827528476715,0.9071625471115112
TEST_18879,0.723289430141449,0.9311245083808899
TEST_18880,0.020912550389766693,0.9999991655349731
TEST_18881,0.9966224431991577,0.19954362511634827
TEST_18882,0.005481641739606857,0.9737644791603088
TEST_18883,0.10406719148159027,0.9947822690010071
TEST_18884,0.020270125940442085,0.9901825785636902
TEST_18885,0.7279961705207825,0.01670677959918976
TEST_18886,0.02163652516901493,0.9964675903320312
TEST_18887,0.018292522057890892,0.899056613445282
TEST_18888,0.5457066893577576,0.8593385219573975
TEST_18889,0.03666869178414345,0.9180738925933838
TEST_18890,0.02343756891787052,0.831714391708374
TEST_18891,0.5514085292816162,0.7971339225769043
TEST_18892,0.02654804289340973,0.9552234411239624
TEST_18893,0.08705046772956848,0.9832199215888977
TEST_18894,0.193402498960495,0.9945127964019775
TEST_18895,0.018273770809173584,0.6173392534255981
TEST_18896,0.00799279473721981,0.9690996408462524
TEST_18897,0.031942516565322876,0.9640868902206421
TEST_18898,0.9016497135162354,0.8420575261116028
TEST_18899,0.8355075716972351,0.8854814171791077
TEST_18900,0.05505439266562462,0.941600501537323
TEST_18901,0.14415909349918365,0.9780714511871338
TEST_18902,0.06222955510020256,0.9598548412322998
TEST_18903,0.000691460445523262,0.9997697472572327
TEST_18904,0.011927463114261627,0.9891524314880371
TEST_18905,0.019105611369013786,0.9652683734893799
TEST_18906,0.3579483926296234,0.8801134824752808
TEST_18907,0.02522653341293335,0.9388405680656433
TEST_18908,0.002956333803012967,0.9787691831588745
TEST_18909,0.0007284157909452915,0.9965850114822388
TEST_18910,0.004580366425216198,0.9869465827941895
TEST_18911,0.032168857753276825,0.9899446964263916
TEST_18912,0.008170081302523613,0.9727982878684998
TEST_18913,0.006896225269883871,0.9931730628013611
TEST_18914,0.002109530149027705,0.9985026121139526
TEST_18915,0.07360875606536865,0.9913429021835327
TEST_18916,0.004881860222667456,0.9969358444213867
TEST_18917,0.09222540259361267,0.9902369379997253
TEST_18918,0.9995138645172119,0.005384424235671759
TEST_18919,0.016210991889238358,0.9905275106430054
TEST_18920,0.0008267888333648443,0.9947625994682312
TEST_18921,0.007420557085424662,0.9934735894203186
TEST_18922,0.24053482711315155,0.8217262625694275
TEST_18923,0.03262309357523918,0.9706143140792847
TEST_18924,0.0013377347495406866,0.9946592450141907
TEST_18925,0.2607279121875763,0.9854125380516052
TEST_18926,0.03406063839793205,0.999207079410553
TEST_18927,0.003852460067719221,0.9925854802131653
TEST_18928,0.23791001737117767,0.874765932559967
TEST_18929,0.08026225119829178,0.9601873755455017
TEST_18930,0.005375040229409933,0.9563663601875305
TEST_18931,0.08862403780221939,0.9858744144439697
TEST_18932,0.003983836155384779,0.9403644800186157
TEST_18933,0.00022070818522479385,0.9985912442207336
TEST_18934,0.07587984204292297,0.9994995594024658
TEST_18935,0.0015426831087097526,0.9995137453079224
TEST_18936,0.23261013627052307,0.840329110622406
TEST_18937,0.005015509203076363,0.9921911358833313
TEST_18938,0.004532883409410715,0.987852931022644
TEST_18939,0.00914456695318222,0.9973655343055725
TEST_18940,0.03787707909941673,0.6121225953102112
TEST_18941,0.007440713234245777,0.9441167116165161
TEST_18942,0.07459639757871628,0.8764964938163757
TEST_18943,0.0016730575589463115,0.9974579215049744
TEST_18944,0.005253815092146397,0.9981221556663513
TEST_18945,0.005160200875252485,0.9999864101409912
TEST_18946,0.005334360525012016,0.9995841383934021
TEST_18947,0.003159415675327182,0.9922628402709961
TEST_18948,0.42025262117385864,0.6976438164710999
TEST_18949,0.1587468534708023,0.7774820327758789
TEST_18950,0.09282087534666061,0.8024850487709045
TEST_18951,0.002323718508705497,0.9985989928245544
TEST_18952,0.09750379621982574,0.995411217212677
TEST_18953,0.012192507274448872,0.9991514682769775
TEST_18954,0.028733255341649055,0.950761616230011
TEST_18955,0.011988036334514618,0.9933645725250244
TEST_18956,0.009861256927251816,0.9019463658332825
TEST_18957,0.18593795597553253,0.9866595268249512
TEST_18958,0.018115606158971786,0.9936862587928772
TEST_18959,0.037735480815172195,0.995363712310791
TEST_18960,0.013310842216014862,0.9844744205474854
TEST_18961,0.030746430158615112,0.8328195810317993
TEST_18962,0.005685267969965935,0.9366424083709717
TEST_18963,0.6459239721298218,0.3744659125804901
TEST_18964,0.02370239980518818,0.9660702347755432
TEST_18965,0.02626001089811325,0.9492659568786621
TEST_18966,0.020506611093878746,0.9877679944038391
TEST_18967,0.0007434517028741539,0.9970676302909851
TEST_18968,0.00048580532893538475,0.9988628625869751
TEST_18969,0.008379930630326271,0.9987940788269043
TEST_18970,0.01022319681942463,0.9814964532852173
TEST_18971,0.10180267691612244,0.9856078624725342
TEST_18972,0.014920101501047611,0.9956782460212708
TEST_18973,0.000769633857998997,0.9836979508399963
TEST_18974,0.0016360647277906537,0.9967153072357178
TEST_18975,0.028301261365413666,0.8649286031723022
TEST_18976,0.0013146764831617475,0.9994496703147888
TEST_18977,0.2286352664232254,0.8438199162483215
TEST_18978,0.007019754499197006,0.9994195699691772
TEST_18979,0.0024428393226116896,0.9982720613479614
TEST_18980,0.35749295353889465,0.4367845356464386
TEST_18981,0.13159410655498505,0.7021626234054565
TEST_18982,0.05256395414471626,0.9464924931526184
TEST_18983,0.020757414400577545,0.8614953756332397
TEST_18984,0.000464393146103248,0.9998223185539246
TEST_18985,0.02412428706884384,0.9988539218902588
TEST_18986,5.484866414917633e-05,0.9944044351577759
TEST_18987,0.07673722505569458,0.8931716084480286
TEST_18988,0.32404428720474243,0.8769389986991882
TEST_18989,0.08160927146673203,0.8162661194801331
TEST_18990,0.0012795048533007503,0.9597522616386414
TEST_18991,0.002946501597762108,0.9926813244819641
TEST_18992,0.0012556972214952111,0.9995033740997314
TEST_18993,0.004425742197781801,0.9962859153747559
TEST_18994,0.002306146314367652,0.991378903388977
TEST_18995,0.004900006111711264,0.9980200529098511
TEST_18996,0.17496970295906067,0.8101442456245422
TEST_18997,0.0010734463576227427,0.9934428930282593
TEST_18998,0.0006906978087499738,0.9981642365455627
TEST_18999,0.2421620637178421,0.8893810510635376
TEST_19000,0.9793615937232971,0.8838402032852173
TEST_19001,0.004145755432546139,0.9822427034378052
TEST_19002,0.011762556619942188,0.9991914629936218
TEST_19003,0.03311576694250107,0.9958380460739136
TEST_19004,0.003823706181719899,0.9998970031738281
TEST_19005,0.134230375289917,0.9249691367149353
TEST_19006,0.001110859913751483,0.9954996705055237
TEST_19007,0.9104019999504089,0.1278836876153946
TEST_19008,0.010138160549104214,0.9899777173995972
TEST_19009,0.03187650814652443,0.9601873755455017
TEST_19010,0.0015762210823595524,0.9994834661483765
TEST_19011,0.0016258492833003402,0.9995636343955994
TEST_19012,0.025267040356993675,0.8998412489891052
TEST_19013,0.0003581747878342867,0.9995406866073608
TEST_19014,0.42061686515808105,0.9528472423553467
TEST_19015,0.0918673574924469,0.9923750758171082
TEST_19016,0.044954895973205566,0.9392222166061401
TEST_19017,0.00683296425268054,0.9154305458068848
TEST_19018,0.9932318925857544,0.0005731474375352263
TEST_19019,0.5739887356758118,0.9355197548866272
TEST_19020,0.9994833469390869,0.0006875077378936112
TEST_19021,0.003696298459544778,0.9902774691581726
TEST_19022,0.0320882685482502,0.9857388734817505
TEST_19023,0.010764065198600292,0.9605982899665833
TEST_19024,0.006508967373520136,0.9926862716674805
TEST_19025,0.6651532649993896,0.9926648736000061
TEST_19026,0.13332819938659668,0.988787829875946
TEST_19027,0.005776534788310528,0.930595338344574
TEST_19028,0.009759685024619102,0.8880452513694763
TEST_19029,0.106844961643219,0.9672672748565674
TEST_19030,0.007654478773474693,0.9982870221138
TEST_19031,0.1279587745666504,0.8622570037841797
TEST_19032,0.9999758005142212,3.56199575435312e-06
TEST_19033,0.1670425832271576,0.8850658535957336
TEST_19034,0.021282026544213295,0.9827698469161987
TEST_19035,0.14336445927619934,0.902840793132782
TEST_19036,0.03349745273590088,0.717232882976532
TEST_19037,0.0036306355614215136,0.9980127811431885
TEST_19038,0.01562608778476715,0.8846139311790466
TEST_19039,0.00724294688552618,0.7545149326324463
TEST_19040,0.05664438381791115,0.8800497651100159
TEST_19041,0.007155830506235361,0.9985478520393372
TEST_19042,0.010261519812047482,0.9565058350563049
TEST_19043,0.15982408821582794,0.9455233812332153
TEST_19044,0.15251341462135315,0.9358330368995667
TEST_19045,0.013005552813410759,0.9978523254394531
TEST_19046,0.009587181732058525,0.9966290593147278
TEST_19047,0.0013984132092446089,0.9975168704986572
TEST_19048,0.5582491755485535,0.9699349999427795
TEST_19049,0.002213612897321582,0.9746612310409546
TEST_19050,0.23471161723136902,0.7463198304176331
TEST_19051,0.003080773400142789,0.9673293828964233
TEST_19052,0.01259700022637844,0.9991994500160217
TEST_19053,0.0010227977763861418,0.9945015907287598
TEST_19054,0.18722368776798248,0.8895288705825806
TEST_19055,0.004263881593942642,0.9978037476539612
TEST_19056,0.02052711695432663,0.977319598197937
TEST_19057,0.0122720031067729,0.9758877158164978
TEST_19058,0.0008650115341879427,0.971307635307312
TEST_19059,0.5884153842926025,0.9785647988319397
TEST_19060,0.008757801726460457,0.9301815629005432
TEST_19061,0.08176790922880173,0.980038583278656
TEST_19062,0.10609064996242523,0.9991952776908875
TEST_19063,0.9992091059684753,0.001026996411383152
TEST_19064,0.29561498761177063,0.951684832572937
TEST_19065,0.5511459708213806,0.986315906047821
TEST_19066,0.026742082089185715,0.9990967512130737
TEST_19067,0.010280598886311054,0.9969490170478821
TEST_19068,0.010093235410749912,0.9352520108222961
TEST_19069,0.00041044806130230427,0.9943137168884277
TEST_19070,0.0055959345772862434,0.9864991903305054
TEST_19071,0.9717971086502075,0.8329129815101624
TEST_19072,9.595105075277388e-05,0.9997127652168274
TEST_19073,0.003272495698183775,0.9756380319595337
TEST_19074,0.004152002744376659,0.7587293386459351
TEST_19075,0.033439502120018005,0.9820126295089722
TEST_19076,0.017963947728276253,0.9915966391563416
TEST_19077,0.004849342629313469,0.9948660135269165
TEST_19078,0.030635615810751915,0.9682888984680176
TEST_19079,0.008994345553219318,0.9823393225669861
TEST_19080,0.01896085776388645,0.9811205267906189
TEST_19081,0.44482114911079407,0.9724777936935425
TEST_19082,0.00996516365557909,0.9619234204292297
TEST_19083,0.019549570977687836,0.9593343138694763
TEST_19084,0.007445760536938906,0.9699363708496094
TEST_19085,0.5674120783805847,0.9766839146614075
TEST_19086,0.019576914608478546,0.980027973651886
TEST_19087,0.005177175160497427,0.9962484240531921
TEST_19088,0.008619902655482292,0.9890868663787842
TEST_19089,0.12979756295681,0.9117015600204468
TEST_19090,0.005557525437325239,0.999251663684845
TEST_19091,0.004186592996120453,0.9777167439460754
TEST_19092,0.007954454980790615,0.9997085928916931
TEST_19093,0.013913457281887531,0.9909809231758118
TEST_19094,0.48757484555244446,0.9880282878875732
TEST_19095,0.003068499267101288,0.7470780611038208
TEST_19096,0.002303576096892357,0.9952034950256348
TEST_19097,0.021495012566447258,0.9999719858169556
TEST_19098,0.010652727447450161,0.9988272786140442
TEST_19099,0.0004858406900893897,0.9912933707237244
TEST_19100,0.003938561771064997,0.9720649123191833
TEST_19101,0.8532394170761108,0.0065819076262414455
TEST_19102,0.023801136761903763,0.9247715473175049
TEST_19103,0.026960227638483047,0.9212438464164734
TEST_19104,0.0021576436702162027,0.9895613789558411
TEST_19105,0.3230077624320984,0.9232210516929626
TEST_19106,0.03104350157082081,0.9892954230308533
TEST_19107,0.00042182873585261405,0.9993234872817993
TEST_19108,0.004660477861762047,0.9985236525535583
TEST_19109,0.7104069590568542,0.9110315442085266
TEST_19110,0.019711283966898918,0.9912126660346985
TEST_19111,0.0006751819746568799,0.999106228351593
TEST_19112,0.003022446297109127,0.9912359714508057
TEST_19113,0.00912628322839737,0.9468857049942017
TEST_19114,0.004197170492261648,0.9946579337120056
TEST_19115,0.003520070342347026,0.9965170621871948
TEST_19116,0.011393808759748936,0.9991987347602844
TEST_19117,0.03733740746974945,0.9664592146873474
TEST_19118,0.10611939430236816,0.9661752581596375
TEST_19119,0.0016013234853744507,0.9605942964553833
TEST_19120,0.32336437702178955,0.9993877410888672
TEST_19121,0.012196677736938,0.9731685519218445
TEST_19122,0.0022022202610969543,0.9584376811981201
TEST_19123,0.03652502968907356,0.8582630157470703
TEST_19124,0.0040852827951312065,0.9897923469543457
TEST_19125,0.10726447403430939,0.9673181176185608
TEST_19126,0.007509652990847826,0.9807491302490234
TEST_19127,0.0035760030150413513,0.9841825366020203
TEST_19128,0.07911409437656403,0.9859976768493652
TEST_19129,0.0047753420658409595,0.9992421865463257
TEST_19130,0.002306427340954542,0.9987267851829529
TEST_19131,0.057402703911066055,0.9074661731719971
TEST_19132,0.004196548834443092,0.9934313893318176
TEST_19133,0.015889694914221764,0.9509232044219971
TEST_19134,0.8492740988731384,0.45486462116241455
TEST_19135,0.4488525092601776,0.8848496079444885
TEST_19136,0.005997102241963148,0.9879094958305359
TEST_19137,0.003298170166090131,0.9960158467292786
TEST_19138,0.8842459917068481,0.8186076283454895
TEST_19139,0.033275190740823746,0.9009431600570679
TEST_19140,0.0014181903097778559,0.9560502767562866
TEST_19141,0.04192174971103668,0.9698265790939331
TEST_19142,0.006310575176030397,0.9942082166671753
TEST_19143,0.023541316390037537,0.9731874465942383
TEST_19144,0.12793172895908356,0.9281008243560791
TEST_19145,0.006344044581055641,0.9375011324882507
TEST_19146,0.004957277327775955,0.9895457625389099
TEST_19147,0.991935133934021,0.0014519355027005076
TEST_19148,0.0033949774224311113,0.9922878742218018
TEST_19149,0.20866923034191132,0.8464974164962769
TEST_19150,0.04821262136101723,0.9993663430213928
TEST_19151,0.021183526143431664,0.968940019607544
TEST_19152,0.022163260728120804,0.9864197373390198
TEST_19153,0.27632495760917664,0.0930776298046112
TEST_19154,0.026905782520771027,0.9543336629867554
TEST_19155,0.047241490334272385,0.8713812828063965
TEST_19156,0.06815391033887863,0.8838726282119751
TEST_19157,0.002381505211815238,0.9948114156723022
TEST_19158,0.08711669594049454,0.8668933510780334
TEST_19159,0.26883915066719055,0.3859403431415558
TEST_19160,0.11390998959541321,0.4779128432273865
TEST_19161,0.9934187531471252,0.0002329514391021803
TEST_19162,0.0060581364668905735,0.9961982369422913
TEST_19163,0.9398204684257507,0.020683053880929947
TEST_19164,0.005096971057355404,0.9992231130599976
TEST_19165,0.0027846472803503275,0.9862702488899231
TEST_19166,0.17329339683055878,0.803462564945221
TEST_19167,0.0006484591285698116,0.9993473887443542
TEST_19168,0.010669545270502567,0.9980463981628418
TEST_19169,0.19882212579250336,0.23110096156597137
TEST_19170,0.18183580040931702,0.9852129817008972
TEST_19171,0.2527906894683838,0.9516631364822388
TEST_19172,0.005834357347339392,0.9899837970733643
TEST_19173,0.03501877561211586,0.8503545522689819
TEST_19174,0.0030415591318160295,0.9999417066574097
TEST_19175,0.3282097578048706,0.3453054130077362
TEST_19176,0.0019321568543091416,0.9896233677864075
TEST_19177,0.002217267407104373,0.9838690161705017
TEST_19178,0.002740824595093727,0.9641739130020142
TEST_19179,0.05045582726597786,0.9855360388755798
TEST_19180,0.24778451025485992,0.717100203037262
TEST_19181,0.02369866333901882,0.9976447224617004
TEST_19182,0.05598744750022888,0.8836532831192017
TEST_19183,0.0027399370446801186,0.9935451745986938
TEST_19184,0.14319247007369995,0.9836269617080688
TEST_19185,0.002066474873572588,0.9943028688430786
TEST_19186,0.9938226938247681,0.11641859263181686
TEST_19187,0.003919227514415979,0.9983072280883789
TEST_19188,0.003352959407493472,0.9983140230178833
TEST_19189,0.0015066176420077682,0.9908878803253174
TEST_19190,0.04183373972773552,0.9023706316947937
TEST_19191,0.030385848134756088,0.9940783977508545
TEST_19192,0.03183543309569359,0.9809398055076599
TEST_19193,0.020351538434624672,0.9848832488059998
TEST_19194,0.579231858253479,0.13230527937412262
TEST_19195,0.018393049016594887,0.9889169931411743
TEST_19196,0.005632620304822922,0.9959277510643005
TEST_19197,0.6857460141181946,0.8876000046730042
TEST_19198,0.08000458776950836,0.9982336759567261
TEST_19199,0.1689285784959793,0.964682400226593
TEST_19200,0.8518552780151367,0.3755299150943756
TEST_19201,0.0016158289508894086,0.999495267868042
TEST_19202,0.07604637742042542,0.9809951186180115
TEST_19203,0.0011857094941660762,0.9243265986442566
TEST_19204,0.010130368173122406,0.9983609318733215
TEST_19205,0.02878066897392273,0.8990864753723145
TEST_19206,0.009887326508760452,0.9748353362083435
TEST_19207,0.05688543990254402,0.38783884048461914
TEST_19208,0.04197366535663605,0.8910252451896667
TEST_19209,0.0071012782864272594,0.9400627017021179
TEST_19210,0.005949058104306459,0.9953300952911377
TEST_19211,0.5208203792572021,0.9488629698753357
TEST_19212,0.01853610761463642,0.940567135810852
TEST_19213,0.016982929781079292,0.9953429698944092
TEST_19214,0.0035625409800559282,0.9969793558120728
TEST_19215,0.0004853794234804809,0.9951987862586975
TEST_19216,0.02411654032766819,0.989915132522583
TEST_19217,0.0595044307410717,0.8787311315536499
TEST_19218,0.003108842996880412,0.970496654510498
TEST_19219,0.011502042412757874,0.9483115077018738
TEST_19220,0.006423907820135355,0.9987873435020447
TEST_19221,0.0005505179869942367,0.9988850951194763
TEST_19222,0.00015205056115519255,0.9995505213737488
TEST_19223,0.6847143173217773,0.42417094111442566
TEST_19224,0.01827281340956688,0.8316879868507385
TEST_19225,0.001234921277500689,0.9974574446678162
TEST_19226,0.00194053805898875,0.9959319233894348
TEST_19227,0.9976123571395874,0.2691155672073364
TEST_19228,0.7393499612808228,0.40396153926849365
TEST_19229,0.2533394396305084,0.5671132206916809
TEST_19230,0.03173340484499931,0.9994930028915405
TEST_19231,0.06270729005336761,0.9675888419151306
TEST_19232,0.06401101499795914,0.9286150932312012
TEST_19233,0.217374786734581,0.8550082445144653
TEST_19234,0.011493160389363766,0.9698930382728577
TEST_19235,0.014258679933845997,0.9656467437744141
TEST_19236,0.029327498748898506,0.9568870663642883
TEST_19237,0.002344727050513029,0.9904682040214539
TEST_19238,0.4814177453517914,0.7331669926643372
TEST_19239,0.022610388696193695,0.9898735284805298
TEST_19240,0.030125822871923447,0.9930793642997742
TEST_19241,0.03733065724372864,0.9797971844673157
TEST_19242,0.04708843305706978,0.9955064058303833
TEST_19243,0.012605336494743824,0.9993496537208557
TEST_19244,0.00578411715105176,0.9992796778678894
TEST_19245,0.013586316257715225,0.9983823299407959
TEST_19246,0.22787560522556305,0.9295654892921448
TEST_19247,0.0010353407124057412,0.9996040463447571
TEST_19248,0.007525364402681589,0.9968245029449463
TEST_19249,0.014217265881597996,0.9673508405685425
TEST_19250,0.0342283695936203,0.9455956816673279
TEST_19251,0.007364989258348942,0.9936438798904419
TEST_19252,0.0059575350023806095,0.99922776222229
TEST_19253,0.0007586823194287717,0.9992412328720093
TEST_19254,0.11707082390785217,0.9048669338226318
TEST_19255,0.0006839663255959749,0.9828469753265381
TEST_19256,0.9985785484313965,0.0032502568792551756
TEST_19257,0.03879406675696373,0.8806016445159912
TEST_19258,0.0047747171483933926,0.9670758247375488
TEST_19259,0.0026495971251279116,0.9974580407142639
TEST_19260,0.03849343582987785,0.7722713947296143
TEST_19261,0.002184531418606639,0.994012176990509
TEST_19262,0.19808633625507355,0.9712863564491272
TEST_19263,0.004109410103410482,0.9898443222045898
TEST_19264,0.038489293307065964,0.9199147820472717
TEST_19265,0.0794348493218422,0.8202865719795227
TEST_19266,0.30501723289489746,0.4338807165622711
TEST_19267,0.7104557752609253,0.15974771976470947
TEST_19268,0.024100521579384804,0.8959983587265015
TEST_19269,0.4251548945903778,0.9592399597167969
TEST_19270,0.09757482260465622,0.89119952917099
TEST_19271,0.005259148310869932,0.9987510442733765
TEST_19272,0.018609873950481415,0.9959896206855774
TEST_19273,4.199908289592713e-05,0.9998729228973389
TEST_19274,0.01019773818552494,0.8759984970092773
TEST_19275,0.007727847900241613,0.9519588351249695
TEST_19276,0.003859583055600524,0.9995537400245667
TEST_19277,0.054971836507320404,0.9261592030525208
TEST_19278,0.000820543325971812,0.9945884943008423
TEST_19279,0.002058825921267271,0.9994145631790161
TEST_19280,0.07285458594560623,0.9876163601875305
TEST_19281,8.839500515023246e-05,0.9999761581420898
TEST_19282,0.2957553267478943,0.01822417415678501
TEST_19283,0.026562612503767014,0.9823333621025085
TEST_19284,0.006615158170461655,0.9686828255653381
TEST_19285,0.009905080311000347,0.964699923992157
TEST_19286,0.009226392954587936,0.9983453750610352
TEST_19287,0.006340213119983673,0.919474720954895
TEST_19288,0.01217728666961193,0.999182403087616
TEST_19289,0.03358066827058792,0.9809369444847107
TEST_19290,0.9999711513519287,0.0008754042792133987
TEST_19291,0.003931045066565275,0.9925307631492615
TEST_19292,0.002604857087135315,0.9695829749107361
TEST_19293,0.9897673726081848,0.17825162410736084
TEST_19294,0.006425006780773401,0.9994468092918396
TEST_19295,0.04131985455751419,0.982099175453186
TEST_19296,0.05886823683977127,0.7224276661872864
TEST_19297,0.011909302324056625,0.9396568536758423
TEST_19298,0.011168706230819225,0.9616730809211731
TEST_19299,0.0029483288526535034,0.9970654845237732
TEST_19300,0.013914470560848713,0.9997853636741638
TEST_19301,0.9997679591178894,0.009960469789803028
TEST_19302,0.03424697369337082,0.9977464079856873
TEST_19303,0.11008322983980179,0.10579592734575272
TEST_19304,0.0004223485884722322,0.9977056384086609
TEST_19305,0.0030325613915920258,0.9957648515701294
TEST_19306,0.005318450275808573,0.9569684863090515
TEST_19307,0.0009311341564171016,0.9993813037872314
TEST_19308,0.003993459511548281,0.9880139827728271
TEST_19309,0.007160821929574013,0.9684659242630005
TEST_19310,0.9997238516807556,0.4847608506679535
TEST_19311,0.11000895500183105,0.9965595602989197
TEST_19312,0.02959606982767582,0.9982408285140991
TEST_19313,0.005291084758937359,0.9989776611328125
TEST_19314,0.0057206726633012295,0.94143146276474
TEST_19315,0.24308687448501587,0.9887152314186096
TEST_19316,0.1159711629152298,0.9611108303070068
TEST_19317,0.02077414095401764,0.9006530046463013
TEST_19318,0.01485641673207283,0.9864279627799988
TEST_19319,0.9997828602790833,0.008527853526175022
TEST_19320,0.0040707834996283054,0.9951983094215393
TEST_19321,0.010066761635243893,0.978171169757843
TEST_19322,0.09141986072063446,0.8970281481742859
TEST_19323,0.01139686070382595,0.9300748109817505
TEST_19324,0.0002365770487813279,0.9836053252220154
TEST_19325,0.004878317005932331,0.9992548823356628
TEST_19326,0.007876919582486153,0.9781615734100342
TEST_19327,0.05474459379911423,0.857268750667572
TEST_19328,0.9570388197898865,0.004415287636220455
TEST_19329,0.9760996103286743,0.9382562041282654
TEST_19330,0.0036452230997383595,0.9526064991950989
TEST_19331,0.02800927311182022,0.9697104096412659
TEST_19332,0.1763201653957367,0.8358801603317261
TEST_19333,0.07416260242462158,0.9832740426063538
TEST_19334,0.03944162651896477,0.9894965291023254
TEST_19335,0.022363753989338875,0.9984739422798157
TEST_19336,0.037640541791915894,0.9752721190452576
TEST_19337,0.07690674066543579,0.9899438619613647
TEST_19338,0.5316406488418579,0.6319847702980042
TEST_19339,0.026167353615164757,0.9837310314178467
TEST_19340,0.016594741493463516,0.9610558748245239
TEST_19341,0.006370684131979942,0.9632201194763184
TEST_19342,0.003606780432164669,0.9960405826568604
TEST_19343,0.0629829615354538,0.889869749546051
TEST_19344,0.00584771204739809,0.9995757937431335
TEST_19345,0.011653943918645382,0.8996573090553284
TEST_19346,0.058906737715005875,0.9698809385299683
TEST_19347,0.012893930077552795,0.9925353527069092
TEST_19348,0.08873330056667328,0.7645337581634521
TEST_19349,0.0015814135549589992,0.9970417618751526
TEST_19350,0.0019697851967066526,0.9981231093406677
TEST_19351,0.0033284034579992294,0.9958718419075012
TEST_19352,0.016185929998755455,0.9819725751876831
TEST_19353,0.01856650784611702,0.9183015823364258
TEST_19354,0.001414438709616661,0.9638476371765137
TEST_19355,0.012316855601966381,0.9926942586898804
TEST_19356,0.06557277590036392,0.9778656959533691
TEST_19357,0.01652410812675953,0.9985986351966858
TEST_19358,0.006749657914042473,0.990196704864502
TEST_19359,0.025475723668932915,0.9004731774330139
TEST_19360,0.0029462745878845453,0.9962400197982788
TEST_19361,0.10623864829540253,0.9415863752365112
TEST_19362,0.03298897296190262,0.9967392086982727
TEST_19363,0.12898440659046173,0.9836800694465637
TEST_19364,0.007987190037965775,0.994481086730957
TEST_19365,0.0022556420881301165,0.9915608763694763
TEST_19366,0.011381794698536396,0.9927545189857483
TEST_19367,0.015183928422629833,0.8008987307548523
TEST_19368,0.0023998990654945374,0.9888265132904053
TEST_19369,0.7029171586036682,0.9650291800498962
TEST_19370,0.20981431007385254,0.835331380367279
TEST_19371,0.009802552871406078,0.9994195699691772
TEST_19372,0.9905412793159485,0.01701725646853447
TEST_19373,0.01156871672719717,0.7710703015327454
TEST_19374,0.023723777383565903,0.989666223526001
TEST_19375,0.0003368262550793588,0.9980668425559998
TEST_19376,0.0011781641514971852,0.9994924068450928
TEST_19377,0.03408302739262581,0.9666010737419128
TEST_19378,0.15351486206054688,0.5377748012542725
TEST_19379,0.24685198068618774,0.9614311456680298
TEST_19380,0.18269015848636627,0.7973080277442932
TEST_19381,0.003499641316011548,0.9966727495193481
TEST_19382,0.0015777924563735723,0.9994527697563171
TEST_19383,0.007738733664155006,0.9769013524055481
TEST_19384,0.14500896632671356,0.49266597628593445
TEST_19385,0.03389088809490204,0.996432900428772
TEST_19386,0.014962208457291126,0.9685991406440735
TEST_19387,0.0021254781167954206,0.9881885647773743
TEST_19388,0.0007320385775528848,0.9827880263328552
TEST_19389,0.03676505759358406,0.9813459515571594
TEST_19390,0.022456279024481773,0.9610827565193176
TEST_19391,0.0009723535622470081,0.9984858632087708
TEST_19392,0.28841325640678406,0.9211049675941467
TEST_19393,0.7277008891105652,0.877903163433075
TEST_19394,0.021172842010855675,0.9664437174797058
TEST_19395,0.012788358144462109,0.9888702630996704
TEST_19396,0.5827383995056152,0.9478917717933655
TEST_19397,0.049636103212833405,0.9115314483642578
TEST_19398,0.03387684002518654,0.9934276342391968
TEST_19399,0.04163673147559166,0.8973120450973511
TEST_19400,0.0015688864514231682,0.9979236125946045
TEST_19401,0.03892073780298233,0.8829333782196045
TEST_19402,0.0013663631398230791,0.9876027703285217
TEST_19403,0.0054343631491065025,0.9566665291786194
TEST_19404,0.011616974137723446,0.9992548823356628
TEST_19405,0.006475728936493397,0.9959065914154053
TEST_19406,0.275289386510849,0.9849628210067749
TEST_19407,0.13516981899738312,0.9520002007484436
TEST_19408,0.0014543154975399375,0.9943506121635437
TEST_19409,0.0072489529848098755,0.9936628341674805
TEST_19410,0.004340030252933502,0.9979346990585327
TEST_19411,0.2539002597332001,0.7797070741653442
TEST_19412,0.03295455873012543,0.8914811015129089
TEST_19413,0.005831840913742781,0.9999994039535522
TEST_19414,0.054916974157094955,0.9747512340545654
TEST_19415,0.012157581746578217,0.982218861579895
TEST_19416,0.9993758797645569,0.004071434959769249
TEST_19417,0.035090282559394836,0.9697279930114746
TEST_19418,0.0007849886897020042,0.9979483485221863
TEST_19419,0.007000678684562445,0.996290922164917
TEST_19420,0.0026282044127583504,0.9987146854400635
TEST_19421,0.05258338898420334,0.9687505960464478
TEST_19422,0.013152533210814,0.9893004298210144
TEST_19423,0.0035901025403290987,0.9976730942726135
TEST_19424,0.012524547055363655,0.9999196529388428
TEST_19425,0.13383187353610992,0.980807363986969
TEST_19426,0.003148583695292473,0.9351358413696289
TEST_19427,0.008020217530429363,0.9979506134986877
TEST_19428,0.0025131842121481895,0.9863166213035583
TEST_19429,0.016294963657855988,0.9952576756477356
TEST_19430,0.008750911802053452,0.9988173842430115
TEST_19431,0.007664521690458059,0.9979300498962402
TEST_19432,0.025711407884955406,0.9797570109367371
TEST_19433,0.016892654821276665,0.9327824711799622
TEST_19434,0.008947585709393024,0.988824188709259
TEST_19435,0.26739582419395447,0.007049367763102055
TEST_19436,0.005039607640355825,0.9870022535324097
TEST_19437,0.04755840077996254,0.9428398013114929
TEST_19438,0.4670862853527069,0.5112554430961609
TEST_19439,0.027659833431243896,0.9581193327903748
TEST_19440,0.035635266453027725,0.9903675317764282
TEST_19441,0.26612040400505066,0.9675397276878357
TEST_19442,0.06680691242218018,0.6089112758636475
TEST_19443,0.04952586442232132,0.9954130053520203
TEST_19444,0.008148949593305588,0.9982330799102783
TEST_19445,0.0025915708392858505,0.9979642629623413
TEST_19446,0.0022585971746593714,0.9993347525596619
TEST_19447,0.029850035905838013,0.996392548084259
TEST_19448,0.0014390950091183186,0.9987155199050903
TEST_19449,0.029747869819402695,0.9851273894309998
TEST_19450,0.016763681545853615,0.9994530081748962
TEST_19451,3.42192106472794e-05,0.999355137348175
TEST_19452,0.024921998381614685,0.007087573409080505
TEST_19453,0.0018402525456622243,0.9983932375907898
TEST_19454,0.03607764095067978,0.8981340527534485
TEST_19455,0.5324717164039612,0.7481219172477722
TEST_19456,0.05152755603194237,0.9270684123039246
TEST_19457,0.0004530982405412942,0.9956660270690918
TEST_19458,0.021488547325134277,0.9863458275794983
TEST_19459,0.048675134778022766,0.891865611076355
TEST_19460,0.06095636263489723,0.9946833252906799
TEST_19461,0.1720949411392212,0.9019963145256042
TEST_19462,0.0006518783629871905,0.9953473210334778
TEST_19463,0.0996323823928833,0.37340953946113586
TEST_19464,0.0007294974057003856,0.9990849494934082
TEST_19465,0.06652525812387466,0.898658037185669
TEST_19466,0.01729409769177437,0.9491943717002869
TEST_19467,0.0005222128820605576,0.9993292093276978
TEST_19468,0.03889840468764305,0.8421740531921387
TEST_19469,0.015156764537096024,0.962759792804718
TEST_19470,0.02203473076224327,0.9957345128059387
TEST_19471,0.5520986914634705,0.8600612282752991
TEST_19472,0.8241312503814697,0.9521227478981018
TEST_19473,0.03384438529610634,0.9982695579528809
TEST_19474,0.009717892855405807,0.9917635917663574
TEST_19475,0.00498985406011343,0.9927008152008057
TEST_19476,0.783140242099762,0.8898806571960449
TEST_19477,0.04198881611227989,0.8911829590797424
TEST_19478,0.01763872057199478,0.999866247177124
TEST_19479,0.003758547827601433,0.5802012085914612
TEST_19480,0.006675684824585915,0.9992895126342773
TEST_19481,0.0007624831632710993,0.9943755865097046
TEST_19482,0.10226035863161087,0.8776695132255554
TEST_19483,0.005616999696940184,0.9467471837997437
TEST_19484,0.0014714887365698814,0.9981801509857178
TEST_19485,0.6619608402252197,0.005202455446124077
TEST_19486,0.006642264313995838,0.9999935626983643
TEST_19487,0.15455308556556702,0.9853728413581848
TEST_19488,0.00021204721997492015,0.9995279312133789
TEST_19489,0.02607402764260769,0.9929827451705933
TEST_19490,0.013801762834191322,0.9904460906982422
TEST_19491,0.025356341153383255,0.9762717485427856
TEST_19492,0.013838188722729683,0.9866502285003662
TEST_19493,0.0226688701659441,0.9943493008613586
TEST_19494,0.3406204283237457,0.9410222172737122
TEST_19495,0.00012383541616145521,0.996234118938446
TEST_19496,0.8275189995765686,0.12109784036874771
TEST_19497,0.005686847493052483,0.9970703125
TEST_19498,0.014946728013455868,0.8887420892715454
TEST_19499,0.001776310382410884,0.9913739562034607
TEST_19500,0.0005527391331270337,0.9981949925422668
TEST_19501,0.9361598491668701,0.05468405783176422
TEST_19502,2.5836885470198467e-05,0.9994251728057861
TEST_19503,0.020019376650452614,0.997825562953949
TEST_19504,0.012262753210961819,0.9800893068313599
TEST_19505,0.007485057692974806,0.9974865913391113
TEST_19506,0.02082323469221592,0.9363518953323364
TEST_19507,0.01776927523314953,0.9874215126037598
TEST_19508,0.0286873746663332,0.9910616278648376
TEST_19509,0.009908966720104218,0.9982538819313049
TEST_19510,0.051427848637104034,0.5367203950881958
TEST_19511,0.008315978571772575,0.9994251728057861
TEST_19512,0.0001405572984367609,0.9996601343154907
TEST_19513,0.007586253806948662,0.9868912100791931
TEST_19514,0.006217941176146269,0.9304889440536499
TEST_19515,0.015217599458992481,0.8659347891807556
TEST_19516,0.14639775454998016,0.9472967982292175
TEST_19517,0.006254463456571102,0.9823480844497681
TEST_19518,0.04282541200518608,0.8800877332687378
TEST_19519,0.7657798528671265,0.00733767356723547
TEST_19520,4.482293297769502e-05,0.999943733215332
TEST_19521,0.0027382385451346636,0.9935965538024902
TEST_19522,0.2019418329000473,0.9891153573989868
TEST_19523,0.0031685640569776297,0.9882976412773132
TEST_19524,0.02730836533010006,0.9751909375190735
TEST_19525,0.015574770048260689,0.9918210506439209
TEST_19526,0.034581463783979416,0.9911776185035706
TEST_19527,0.6680459380149841,0.746903121471405
TEST_19528,0.8862247467041016,0.6750658750534058
TEST_19529,0.0042362213134765625,0.9698905944824219
TEST_19530,0.0006806873134337366,0.9992759823799133
TEST_19531,0.012064418755471706,0.9979398846626282
TEST_19532,0.0036590690724551678,0.9988804459571838
TEST_19533,0.0003776575322262943,0.9969311952590942
TEST_19534,4.886517217528308e-06,0.9997426867485046
TEST_19535,0.023619089275598526,0.8768531084060669
TEST_19536,0.003588608466088772,0.9988856911659241
TEST_19537,0.0005209265509620309,0.9996775388717651
TEST_19538,0.19403734803199768,0.9790939688682556
TEST_19539,0.014317206107079983,0.943072497844696
TEST_19540,0.0011233387049287558,0.9933740496635437
TEST_19541,0.040530797094106674,0.8795046210289001
TEST_19542,0.3092972934246063,0.985315203666687
TEST_19543,0.003021024167537689,0.9940686225891113
TEST_19544,0.0035230033099651337,0.9945520758628845
TEST_19545,0.14086978137493134,0.8762744665145874
TEST_19546,0.06311648339033127,0.4994640648365021
TEST_19547,0.10383094102144241,0.9986743927001953
TEST_19548,0.06743571162223816,0.9050256609916687
TEST_19549,0.10936732590198517,0.9177256226539612
TEST_19550,0.032829027622938156,0.9887253642082214
TEST_19551,0.02575460821390152,0.9960427284240723
TEST_19552,0.03727982938289642,0.920658528804779
TEST_19553,0.0022465535439550877,0.9898874163627625
TEST_19554,0.042246509343385696,0.883529782295227
TEST_19555,0.0333031602203846,0.987829327583313
TEST_19556,0.0029161949642002583,0.9989259839057922
TEST_19557,0.03105212189257145,0.9677340388298035
TEST_19558,0.09602809697389603,0.9382815957069397
TEST_19559,0.07217972725629807,0.6018639206886292
TEST_19560,0.011264103464782238,0.9951153993606567
TEST_19561,0.0292290560901165,0.9973955154418945
TEST_19562,0.016189036890864372,0.9999063014984131
TEST_19563,0.004673382267355919,0.9998685121536255
TEST_19564,0.017971275374293327,0.9988555908203125
TEST_19565,0.0009503514738753438,0.9999849796295166
TEST_19566,0.9872570633888245,0.1599322408437729
TEST_19567,0.05643405392765999,0.972195029258728
TEST_19568,0.0061370800249278545,0.9934212565422058
TEST_19569,0.015131630934774876,0.7521798014640808
TEST_19570,0.27882421016693115,0.8869657516479492
TEST_19571,0.05644925683736801,0.9205590486526489
TEST_19572,0.02584904618561268,0.8755596280097961
TEST_19573,0.0006718093063682318,0.9969841837882996
TEST_19574,0.025149499997496605,0.9942505359649658
TEST_19575,0.01369087491184473,0.9948075413703918
TEST_19576,0.05326491966843605,0.9228665828704834
TEST_19577,0.023348316550254822,0.9872491955757141
TEST_19578,0.00344454706646502,0.9962640404701233
TEST_19579,0.05867214873433113,0.9812957644462585
TEST_19580,0.19298285245895386,0.9607203006744385
TEST_19581,0.004860788583755493,0.9952195286750793
TEST_19582,0.022471372038125992,0.9664856195449829
TEST_19583,0.09868136048316956,0.9892762899398804
TEST_19584,0.0006424516323022544,0.9998966455459595
TEST_19585,0.6601690649986267,0.6031539440155029
TEST_19586,0.33480170369148254,0.9470938444137573
TEST_19587,0.03360523656010628,0.8978815078735352
TEST_19588,0.03250271454453468,0.9195975065231323
TEST_19589,0.025289680808782578,0.94688481092453
TEST_19590,0.017761338502168655,0.9878040552139282
TEST_19591,0.019380677491426468,0.8409637808799744
TEST_19592,0.09928932785987854,0.8756805658340454
TEST_19593,0.4164115786552429,0.8923570513725281
TEST_19594,0.011056648567318916,0.9944962859153748
TEST_19595,0.0024206568486988544,0.9999738931655884
TEST_19596,0.9898213148117065,0.7694111466407776
TEST_19597,0.03781804069876671,0.973479151725769
TEST_19598,0.32909268140792847,0.21809148788452148
TEST_19599,0.023249438032507896,0.9599205851554871
TEST_19600,0.003035212168470025,0.9672533273696899
TEST_19601,0.10080551356077194,0.9531850814819336
TEST_19602,0.0014647633070126176,0.988013744354248
TEST_19603,0.685297966003418,0.6716814637184143
TEST_19604,0.001488211564719677,0.9986899495124817
TEST_19605,0.01799817383289337,0.9965965151786804
TEST_19606,0.03938662260770798,0.9341598749160767
TEST_19607,0.05366520956158638,0.87239009141922
TEST_19608,0.009197459556162357,0.9942611455917358
TEST_19609,0.019626330584287643,0.9596135020256042
TEST_19610,0.10495271533727646,0.9411302208900452
TEST_19611,0.00695995194837451,0.9992082715034485
TEST_19612,0.23402397334575653,0.3342837691307068
TEST_19613,0.04275711998343468,0.9720083475112915
TEST_19614,0.004892669152468443,0.9800316095352173
TEST_19615,0.03307666629552841,0.8789545893669128
TEST_19616,0.003639666363596916,0.9983084201812744
TEST_19617,0.0283043272793293,0.9934576153755188
TEST_19618,0.007117151748389006,0.9932149648666382
TEST_19619,0.19402775168418884,0.23218710720539093
TEST_19620,0.005848873872309923,0.9998071789741516
TEST_19621,0.00020853702153544873,0.9995891451835632
TEST_19622,0.004788190592080355,0.9999868869781494
TEST_19623,0.0003163759538438171,0.9989660978317261
TEST_19624,0.006001845933496952,0.9920300245285034
TEST_19625,0.0056331222876906395,0.9708878397941589
TEST_19626,0.003093939507380128,0.9983110427856445
TEST_19627,0.0020734474528580904,0.9875303506851196
TEST_19628,0.0015426500467583537,0.9935029149055481
TEST_19629,0.02636490948498249,0.9906195402145386
TEST_19630,0.024279309436678886,0.9565804600715637
TEST_19631,0.006472081411629915,0.9904380440711975
TEST_19632,0.016413766890764236,0.9333401322364807
TEST_19633,0.005456916522234678,0.9981605410575867
TEST_19634,0.0011496959486976266,0.9995121955871582
TEST_19635,0.004522391594946384,0.9993519186973572
TEST_19636,0.00557516748085618,0.9705843329429626
TEST_19637,0.0007477012113668025,0.9986059069633484
TEST_19638,0.05710143968462944,0.8942330479621887
TEST_19639,0.016642486676573753,0.880791425704956
TEST_19640,0.041585493832826614,0.49252188205718994
TEST_19641,0.0075554572977125645,0.9584721922874451
TEST_19642,0.9997562766075134,0.029624171555042267
TEST_19643,0.8758047819137573,0.9659320712089539
TEST_19644,0.07697536796331406,0.9514802098274231
TEST_19645,0.0033207894302904606,0.9939978122711182
TEST_19646,0.0036590760573744774,0.989920973777771
TEST_19647,0.00032048887806013227,0.9978138208389282
TEST_19648,0.026566501706838608,0.9942459464073181
TEST_19649,0.0040047126822173595,0.9893307685852051
TEST_19650,0.07056856900453568,0.981339156627655
TEST_19651,0.0030069591011852026,0.9985976815223694
TEST_19652,0.08651784062385559,0.8865864872932434
TEST_19653,0.7967373132705688,0.5829602479934692
TEST_19654,0.6852864027023315,0.8474550247192383
TEST_19655,0.014493952505290508,0.9980204105377197
TEST_19656,0.00020608735212590545,0.998845100402832
TEST_19657,0.0011097218375653028,0.743794322013855
TEST_19658,0.015993477776646614,0.9926673769950867
TEST_19659,0.022300060838460922,0.8464643359184265
TEST_19660,0.08813191950321198,0.878981351852417
TEST_19661,0.0008188877836801112,0.9991413354873657
TEST_19662,0.0008464176789857447,0.9892981052398682
TEST_19663,0.20085127651691437,0.7581582069396973
TEST_19664,0.07095611095428467,0.8321462869644165
TEST_19665,0.014994212426245213,0.9688442349433899
TEST_19666,0.011053024791181087,0.8777598738670349
TEST_19667,0.025187699124217033,0.9955745935440063
TEST_19668,0.003936676774173975,0.9653956890106201
TEST_19669,0.042638011276721954,0.8645814657211304
TEST_19670,0.02218926139175892,0.9989368319511414
TEST_19671,0.0073380181565880775,0.9664249420166016
TEST_19672,0.03164644539356232,0.9029388427734375
TEST_19673,0.0030878372490406036,0.9769694805145264
TEST_19674,0.025507453829050064,0.952147364616394
TEST_19675,0.04470501467585564,0.9453275799751282
TEST_19676,0.0005585145554505289,0.9990209341049194
TEST_19677,0.01155378669500351,0.9700409770011902
TEST_19678,0.004260352347046137,0.8895304203033447
TEST_19679,0.05914364382624626,0.9337269067764282
TEST_19680,0.028021570295095444,0.9901760220527649
TEST_19681,0.032878391444683075,0.9996228218078613
TEST_19682,0.9707580804824829,0.9457122683525085
TEST_19683,0.06691419333219528,0.9550601243972778
TEST_19684,0.3369402289390564,0.30863887071609497
TEST_19685,0.3302060663700104,0.9629818201065063
TEST_19686,0.0010816497961059213,0.9766026735305786
TEST_19687,0.004462969955056906,0.9992713332176208
TEST_19688,0.8453782200813293,0.14342764019966125
TEST_19689,7.71485356381163e-05,0.9984656572341919
TEST_19690,0.06317763775587082,0.8210933208465576
TEST_19691,0.0019594093319028616,0.9998002648353577
TEST_19692,0.030084365978837013,0.9672245383262634
TEST_19693,0.008470360189676285,0.9989952445030212
TEST_19694,0.36290326714515686,0.5639796257019043
TEST_19695,0.851606547832489,0.7683733105659485
TEST_19696,0.9991963505744934,0.3633379340171814
TEST_19697,0.023806704208254814,0.9305859804153442
TEST_19698,0.0013244198635220528,0.9878119826316833
TEST_19699,0.004295654129236937,0.9914024472236633
TEST_19700,0.0818767100572586,0.9808903932571411
TEST_19701,0.03566831722855568,0.9163269996643066
TEST_19702,0.007507027126848698,0.9552316069602966
TEST_19703,0.0016880100592970848,0.9990750551223755
TEST_19704,0.11439518630504608,0.9600462913513184
TEST_19705,0.22611016035079956,0.9694199562072754
TEST_19706,0.004353088326752186,0.9986371397972107
TEST_19707,0.5058221817016602,0.9786258935928345
TEST_19708,0.0716952234506607,0.8553264141082764
TEST_19709,0.3792608380317688,0.8767353296279907
TEST_19710,0.08031574636697769,0.8279921412467957
TEST_19711,0.0022851491812616587,0.9971352815628052
TEST_19712,0.053105566650629044,0.9924420118331909
TEST_19713,0.017034798860549927,0.5205632448196411
TEST_19714,0.0006489770021289587,0.9977828860282898
TEST_19715,0.002615510718896985,0.9523670673370361
TEST_19716,0.0025168531574308872,0.9821710586547852
TEST_19717,0.001573066459968686,0.9999533891677856
TEST_19718,0.7756353616714478,0.5792400240898132
TEST_19719,0.03407490625977516,0.9879485368728638
TEST_19720,0.015817834064364433,0.9963034391403198
TEST_19721,0.001326212310232222,0.9992984533309937
TEST_19722,0.9993946552276611,0.005432582926005125
TEST_19723,0.009968128055334091,0.9926160573959351
TEST_19724,1.8440829308019602e-08,0.9996792078018188
TEST_19725,0.03175536170601845,0.9014313220977783
TEST_19726,0.40479758381843567,0.027272190898656845
TEST_19727,0.034566666930913925,0.9976847171783447
TEST_19728,0.007721210829913616,0.9988085031509399
TEST_19729,0.013249882496893406,0.9987568855285645
TEST_19730,0.003216028679162264,0.9970290064811707
TEST_19731,0.01621130481362343,0.9763071537017822
TEST_19732,0.0022159216459840536,0.9891040325164795
TEST_19733,0.014833676628768444,0.9991092085838318
TEST_19734,0.002182706957682967,0.9998956918716431
TEST_19735,0.9436657428741455,0.9790419936180115
TEST_19736,0.006377231329679489,0.9929556846618652
TEST_19737,0.9998399019241333,0.48551738262176514
TEST_19738,0.121885746717453,0.6210272908210754
TEST_19739,0.29761818051338196,0.997617781162262
TEST_19740,0.9990297555923462,0.018377654254436493
TEST_19741,0.9926002621650696,0.013478771783411503
TEST_19742,0.032437942922115326,0.9323946237564087
TEST_19743,0.02444094605743885,0.972741425037384
TEST_19744,0.004462103359401226,0.9924219250679016
TEST_19745,0.007467450108379126,0.9977630376815796
TEST_19746,0.9986795783042908,0.8947964906692505
TEST_19747,0.13485857844352722,0.9435492753982544
TEST_19748,0.000999302719719708,0.9904353618621826
TEST_19749,0.0001997074141399935,0.9996695518493652
TEST_19750,0.0037094056606292725,0.9932143688201904
TEST_19751,0.00695171719416976,0.9971247315406799
TEST_19752,0.015128717757761478,0.9969137907028198
TEST_19753,0.9909117221832275,0.004010275937616825
TEST_19754,0.00366059597581625,0.9944621920585632
TEST_19755,0.0074179028160870075,0.9998125433921814
TEST_19756,0.010825605131685734,0.9791143536567688
TEST_19757,0.013293631374835968,0.9863285422325134
TEST_19758,0.0010528141865506768,0.9976075887680054
TEST_19759,0.001617210335098207,0.9940604567527771
TEST_19760,0.010460671968758106,0.9854339361190796
TEST_19761,0.17688070237636566,0.8367740511894226
TEST_19762,0.023783305659890175,0.9993475079536438
TEST_19763,0.003346664598211646,0.9949629306793213
TEST_19764,0.0004993912880308926,0.9879469275474548
TEST_19765,0.046327218413352966,0.9724462032318115
TEST_19766,0.0823422521352768,0.9539062976837158
TEST_19767,0.024842780083417892,0.9521571397781372
TEST_19768,0.0002792138257063925,0.9959074258804321
TEST_19769,0.999187171459198,0.0025287491735070944
TEST_19770,0.005385489668697119,0.989678144454956
TEST_19771,0.011363578028976917,0.9926723837852478
TEST_19772,0.014643212780356407,0.9981445074081421
TEST_19773,0.000943326682318002,0.9981752634048462
TEST_19774,0.0038150683976709843,0.9981478452682495
TEST_19775,0.2532927691936493,0.7601046562194824
TEST_19776,0.034605517983436584,0.9718037247657776
TEST_19777,0.0036171870306134224,0.9453933238983154
TEST_19778,0.04012124240398407,0.8480472564697266
TEST_19779,0.034188441932201385,0.9964327812194824
TEST_19780,0.5339235663414001,0.9678473472595215
TEST_19781,0.03061141073703766,0.9953847527503967
TEST_19782,0.005739885848015547,0.9921190738677979
TEST_19783,0.06758855283260345,0.7891219854354858
TEST_19784,0.005005738697946072,0.953487753868103
TEST_19785,0.0032254739198833704,0.9951416254043579
TEST_19786,0.002806155476719141,0.9934412240982056
TEST_19787,0.03389605134725571,0.6303904056549072
TEST_19788,0.009261206723749638,0.914593517780304
TEST_19789,0.0015191552229225636,0.9989192485809326
TEST_19790,0.27848246693611145,0.6713785529136658
TEST_19791,0.007675619795918465,0.9882615208625793
TEST_19792,0.0022493298165500164,0.9967707395553589
TEST_19793,0.07132792472839355,0.9548200964927673
TEST_19794,0.9995191097259521,6.329714324238012e-06
TEST_19795,0.007714543025940657,0.9602240920066833
TEST_19796,0.019755622372031212,0.9549809694290161
TEST_19797,0.006620555650442839,0.9958890080451965
TEST_19798,0.00012453325325623155,0.9992877840995789
TEST_19799,0.9705632328987122,0.6027969717979431
TEST_19800,0.8404104113578796,0.4667538106441498
TEST_19801,0.012119616381824017,0.8329270482063293
TEST_19802,0.04297693446278572,0.9402385354042053
TEST_19803,0.018476000055670738,0.9213933944702148
TEST_19804,0.00034513292484916747,0.999854326248169
TEST_19805,0.01895349659025669,0.973569393157959
TEST_19806,0.047583118081092834,0.9911264777183533
TEST_19807,0.1020757332444191,0.8562852740287781
TEST_19808,0.06740998476743698,0.8603081107139587
TEST_19809,0.018762309104204178,0.9760981798171997
TEST_19810,0.012994649820029736,0.9774574041366577
TEST_19811,0.020562225952744484,0.9877884984016418
TEST_19812,0.16745848953723907,0.9002807140350342
TEST_19813,0.0012893049279227853,0.999581515789032
TEST_19814,0.9876425266265869,0.1992717981338501
TEST_19815,0.0049078152514994144,0.9984306693077087
TEST_19816,0.0017931011971086264,0.9975044131278992
TEST_19817,0.016087297350168228,0.9790310263633728
TEST_19818,0.00309824594296515,0.9975053668022156
TEST_19819,0.0014123390428721905,0.9902222156524658
TEST_19820,0.9915044903755188,0.2101711928844452
TEST_19821,0.00010136328637599945,0.9998475313186646
TEST_19822,0.00044106325367465615,0.9997871518135071
TEST_19823,0.0029957827646285295,0.9986439347267151
TEST_19824,0.00019557957421056926,0.9870349764823914
TEST_19825,0.030483178794384003,0.9243438243865967
TEST_19826,0.99752277135849,0.0068475124426186085
TEST_19827,0.002699241042137146,0.9932215213775635
TEST_19828,0.03149315342307091,0.9063854217529297
TEST_19829,0.03627808764576912,0.9997138381004333
TEST_19830,0.004183819051831961,0.9456235766410828
TEST_19831,0.0033987178467214108,0.9015081524848938
TEST_19832,0.043614957481622696,0.9200807213783264
TEST_19833,0.055984798818826675,0.9623391032218933
TEST_19834,0.001969093456864357,0.999990701675415
TEST_19835,0.932991087436676,0.740087628364563
TEST_19836,0.056686658412218094,0.9953886270523071
TEST_19837,0.01760026626288891,0.881600558757782
TEST_19838,0.0011319477343931794,0.9940310120582581
TEST_19839,0.0019837466534227133,0.9995740056037903
TEST_19840,0.012277738191187382,0.8436239957809448
TEST_19841,0.01969166100025177,0.9022441506385803
TEST_19842,0.008860945701599121,0.9777644872665405
TEST_19843,0.09698668122291565,0.9405618906021118
TEST_19844,0.0013306861510500312,0.9964060187339783
TEST_19845,0.006772971246391535,0.9481053948402405
TEST_19846,0.05113416537642479,0.2619324326515198
TEST_19847,0.03697632998228073,0.9543668627738953
TEST_19848,0.9991515874862671,0.06833592802286148
TEST_19849,0.08581665903329849,0.9835929870605469
TEST_19850,0.12244435399770737,0.7965266704559326
TEST_19851,0.8809305429458618,0.0867123156785965
TEST_19852,0.009388500824570656,0.9735329151153564
TEST_19853,0.0012508169747889042,0.9957855343818665
TEST_19854,0.9440468549728394,0.13809016346931458
TEST_19855,0.048682622611522675,0.9867790937423706
TEST_19856,0.013301652856171131,0.9644935131072998
TEST_19857,0.0019641753751784563,0.9845823049545288
TEST_19858,0.0010146376444026828,0.940424382686615
TEST_19859,0.02021133154630661,0.9001026153564453
TEST_19860,0.17012926936149597,0.7751979231834412
TEST_19861,0.0062746042385697365,0.998305082321167
TEST_19862,0.004214853513985872,0.9980825185775757
TEST_19863,0.00034197981585748494,0.9992365837097168
TEST_19864,0.043982286006212234,0.928212583065033
TEST_19865,0.0047433869913220406,0.9948422312736511
TEST_19866,0.07031609863042831,0.9867469072341919
TEST_19867,0.0033025776501744986,0.9983311295509338
TEST_19868,0.0035353589337319136,0.9559414386749268
TEST_19869,0.004723318386822939,0.9996868371963501
TEST_19870,0.00745535921305418,0.987415611743927
TEST_19871,0.20839108526706696,0.9103575348854065
TEST_19872,0.003125170711427927,0.9994468092918396
TEST_19873,0.01910649612545967,0.6104037761688232
TEST_19874,0.023060016334056854,0.9324090480804443
TEST_19875,0.009792615659534931,0.9925554394721985
TEST_19876,0.025304900482296944,0.9997096657752991
TEST_19877,0.030505023896694183,0.9711180329322815
TEST_19878,0.00309164309874177,0.9976398944854736
TEST_19879,0.09514740854501724,0.9059029817581177
TEST_19880,0.003585932543501258,0.9966166615486145
TEST_19881,0.007443829905241728,0.9991832375526428
TEST_19882,0.05416004732251167,0.5870988965034485
TEST_19883,0.013926101848483086,0.9926260113716125
TEST_19884,0.014922301284968853,0.9877838492393494
TEST_19885,0.014869751408696175,0.9862581491470337
TEST_19886,0.00418948894366622,0.9999991655349731
TEST_19887,0.015646835789084435,0.9939900636672974
TEST_19888,0.15604953467845917,0.925091564655304
TEST_19889,0.03169616684317589,0.9824652075767517
TEST_19890,0.3377014398574829,0.9616087079048157
TEST_19891,0.2948874235153198,0.6748198866844177
TEST_19892,0.010493645444512367,0.9943574070930481
TEST_19893,0.056283995509147644,0.6315085887908936
TEST_19894,0.0007521777879446745,0.9877029061317444
TEST_19895,0.012804791331291199,0.9853851199150085
TEST_19896,0.057477958500385284,0.9858777523040771
TEST_19897,0.9856340289115906,0.5164672136306763
TEST_19898,0.00196028221398592,0.9970661997795105
TEST_19899,0.002504205098375678,0.9404257535934448
TEST_19900,0.03263325244188309,0.912517249584198
TEST_19901,0.0005624254699796438,0.9976553916931152
TEST_19902,1.3932836395724735e-07,0.9999691247940063
TEST_19903,0.14995625615119934,0.7023347616195679
TEST_19904,0.007837212644517422,0.9997075200080872
TEST_19905,0.013757703825831413,0.8745942711830139
TEST_19906,0.0007572106551378965,0.9999756813049316
TEST_19907,0.007464892230927944,0.9332648515701294
TEST_19908,0.009173201397061348,0.9638527631759644
TEST_19909,0.004357741214334965,0.9691101908683777
TEST_19910,0.01674363575875759,0.9749898314476013
TEST_19911,0.9939830899238586,0.07155675441026688
TEST_19912,0.0014125454472377896,0.9523656368255615
TEST_19913,0.9979867935180664,0.09557755291461945
TEST_19914,0.02272256836295128,0.9595566391944885
TEST_19915,0.17162027955055237,0.9233637452125549
TEST_19916,0.5038982629776001,0.9902207851409912
TEST_19917,0.006692165974527597,0.9830154776573181
TEST_19918,0.32572707533836365,0.9895092248916626
TEST_19919,0.9848126769065857,0.14919061958789825
TEST_19920,0.003409517230466008,0.6950201988220215
TEST_19921,0.04011079668998718,0.9718968868255615
TEST_19922,0.018802933394908905,0.9789550304412842
TEST_19923,0.0037830560468137264,0.9457292556762695
TEST_19924,0.013117986731231213,0.9733147025108337
TEST_19925,0.001850222353823483,0.9898155927658081
TEST_19926,0.0010288346093147993,0.995590090751648
TEST_19927,0.24932987987995148,0.9382726550102234
TEST_19928,0.008800916373729706,0.9951213002204895
TEST_19929,7.942184311104938e-05,0.9993436932563782
TEST_19930,0.009829889051616192,0.9986416697502136
TEST_19931,0.0014089752221480012,0.9984872341156006
TEST_19932,0.011552011594176292,0.9900563955307007
TEST_19933,0.0026572379283607006,0.975532054901123
TEST_19934,0.002169088926166296,0.9990707039833069
TEST_19935,0.015336474403738976,0.8864798545837402
TEST_19936,0.2540391683578491,0.887381374835968
TEST_19937,0.008459738455712795,0.9584227800369263
TEST_19938,0.006287021096795797,0.9998760223388672
TEST_19939,0.011766032315790653,0.8133376836776733
TEST_19940,6.489795487141237e-05,0.9997349381446838
TEST_19941,0.022715719416737556,0.9863331913948059
TEST_19942,0.023560386151075363,0.9421572089195251
TEST_19943,0.060482826083898544,0.9435319900512695
TEST_19944,0.14418305456638336,0.8988415002822876
TEST_19945,0.06616523861885071,0.9561827182769775
TEST_19946,0.5438464283943176,0.9839980602264404
TEST_19947,0.007349617313593626,0.9968248605728149
TEST_19948,0.03520983085036278,0.8277262449264526
TEST_19949,0.03718307614326477,0.7812561988830566
TEST_19950,0.04748088866472244,0.8654495477676392
TEST_19951,0.06234169006347656,0.9101887345314026
TEST_19952,0.012731839902698994,0.8102659583091736
TEST_19953,0.08755450695753098,0.9975119829177856
TEST_19954,0.0646386370062828,0.984799861907959
TEST_19955,0.009965948760509491,0.9629765152931213
TEST_19956,0.12497798353433609,0.8644696474075317
TEST_19957,0.0028959999326616526,0.9999839067459106
TEST_19958,0.9706816077232361,0.6665328145027161
TEST_19959,0.0027104716282337904,0.904008150100708
TEST_19960,0.10673564672470093,0.9335688352584839
TEST_19961,0.055531542748212814,0.8848714828491211
TEST_19962,0.029519079253077507,0.7921228408813477
TEST_19963,0.002243067603558302,0.9515635967254639
TEST_19964,0.003941039089113474,0.9666510224342346
TEST_19965,0.02303006500005722,0.9889160394668579
TEST_19966,0.03100375086069107,0.9974478483200073
TEST_19967,0.03601962327957153,0.9979780316352844
TEST_19968,0.002304540714249015,0.9999086856842041
TEST_19969,0.00293374783359468,0.9971799850463867
TEST_19970,0.00016144709661602974,0.9996269941329956
TEST_19971,0.011365426704287529,0.9912319779396057
TEST_19972,0.027683569118380547,0.9962664246559143
TEST_19973,0.002902237232774496,0.9990465044975281
TEST_19974,0.26246166229248047,0.8797173500061035
TEST_19975,0.023410871624946594,0.9936994314193726
TEST_19976,0.04982561618089676,0.9978333115577698
TEST_19977,0.7728331089019775,0.27280914783477783
TEST_19978,0.03274977207183838,0.9977841973304749
TEST_19979,0.2642216682434082,0.9684205651283264
TEST_19980,0.18867528438568115,0.9841465353965759
TEST_19981,0.1518019288778305,0.8694811463356018
TEST_19982,0.03658642992377281,0.950736403465271
TEST_19983,0.016816895455121994,0.9986019730567932
TEST_19984,0.05679149925708771,0.9986107349395752
TEST_19985,0.012861882336437702,0.9760915637016296
TEST_19986,0.018563037738204002,0.9980131387710571
TEST_19987,0.011950592510402203,0.9948899745941162
TEST_19988,0.12870590388774872,0.9924017190933228
TEST_19989,0.0037523771170526743,0.9987344145774841
TEST_19990,0.043205227702856064,0.9855971932411194
TEST_19991,0.002476506168022752,0.9998657703399658
TEST_19992,0.0020064760465174913,0.9994046688079834
TEST_19993,0.003290163353085518,0.9992794394493103
TEST_19994,0.00042706477688625455,0.9997809529304504
TEST_19995,0.009748474694788456,0.9616847634315491
TEST_19996,0.02938191406428814,0.8657288551330566
TEST_19997,0.9658221006393433,0.12974609434604645
TEST_19998,0.0024818317033350468,0.9732539057731628
TEST_19999,0.06809793412685394,0.8840165138244629
TEST_20000,0.011322797276079655,0.9885097146034241
TEST_20001,0.04624214768409729,0.9993738532066345
TEST_20002,0.0012802624842152,0.9893276691436768
TEST_20003,0.002735480898991227,0.9923054575920105
TEST_20004,0.1175314411520958,0.9593991041183472
TEST_20005,0.0007739142747595906,0.9986951947212219
TEST_20006,0.0008997446857392788,0.9979860782623291
TEST_20007,0.6105311512947083,0.5266639590263367
TEST_20008,0.005594775080680847,0.9939601421356201
TEST_20009,0.019799062982201576,0.9144048094749451
TEST_20010,0.0007882234640419483,0.9899236559867859
TEST_20011,0.0019341405713930726,0.9993413090705872
TEST_20012,0.03747626394033432,0.8578457832336426
TEST_20013,0.0028069987893104553,0.9615752100944519
TEST_20014,0.006720897275954485,0.9948561191558838
TEST_20015,0.002349874470382929,0.940945565700531
TEST_20016,0.0033931632060557604,0.9982978701591492
TEST_20017,0.47333791851997375,0.9207294583320618
TEST_20018,0.00950361043214798,0.9901436567306519
TEST_20019,0.007137850392609835,0.9862865805625916
TEST_20020,0.0015923611354082823,0.9964145421981812
TEST_20021,0.0011102770222350955,0.999764621257782
TEST_20022,0.0014758958714082837,0.99885094165802
TEST_20023,0.8494817614555359,0.9381193518638611
TEST_20024,0.019551081582903862,0.995800793170929
TEST_20025,0.003376530483365059,0.9872439503669739
TEST_20026,0.328035444021225,0.9158529043197632
TEST_20027,0.019611669704318047,0.9081892371177673
TEST_20028,0.8334185481071472,0.8923600316047668
TEST_20029,0.0007235548691824079,0.9937357306480408
TEST_20030,0.022719329223036766,0.931859016418457
TEST_20031,0.0050149098969995975,0.9929289221763611
TEST_20032,0.11021638661623001,0.9993916749954224
TEST_20033,0.03384681046009064,0.8803210854530334
TEST_20034,0.025663604959845543,0.9996510744094849
TEST_20035,0.06417914479970932,0.9934548735618591
TEST_20036,0.0004176819056738168,0.9997909665107727
TEST_20037,0.008073664270341396,0.9841258525848389
TEST_20038,0.061019476503133774,0.8197752833366394
TEST_20039,0.0019468682585284114,0.9998028874397278
TEST_20040,0.003567604348063469,0.9917801022529602
TEST_20041,0.0012250118888914585,0.9997435212135315
TEST_20042,0.9183796048164368,0.5985486507415771
TEST_20043,0.015246938914060593,0.9959133267402649
TEST_20044,0.9932823181152344,0.6426699757575989
TEST_20045,0.040606189519166946,0.9702212810516357
TEST_20046,0.0015170678962022066,0.999338686466217
TEST_20047,0.0014247550861909986,0.9803434610366821
TEST_20048,0.25982144474983215,0.8357243537902832
TEST_20049,0.034772567451000214,0.7002732157707214
TEST_20050,0.052713505923748016,0.9455179572105408
TEST_20051,0.5259658098220825,0.9595434665679932
TEST_20052,0.01454912405461073,0.9946558475494385
TEST_20053,0.0026971071492880583,0.9985259175300598
TEST_20054,0.0023881259839981794,0.9869800806045532
TEST_20055,0.00693852361291647,0.9888529777526855
TEST_20056,0.9704684615135193,0.7091407775878906
TEST_20057,0.5648531913757324,0.8209483623504639
TEST_20058,0.02266966924071312,0.9987418055534363
TEST_20059,0.12828432023525238,0.9464090466499329
TEST_20060,0.05743369832634926,0.7470752000808716
TEST_20061,0.035496924072504044,0.8824452757835388
TEST_20062,0.02382471226155758,0.8585678339004517
TEST_20063,0.002062634564936161,0.9715292453765869
TEST_20064,0.002999603282660246,0.9918302893638611
TEST_20065,0.2401762753725052,0.837583065032959
TEST_20066,0.042175132781267166,0.8606595993041992
TEST_20067,0.004909776616841555,0.985181987285614
TEST_20068,0.0010969641152769327,0.9926221370697021
TEST_20069,0.002351459115743637,0.9994175434112549
TEST_20070,0.014917521737515926,0.9486809372901917
TEST_20071,0.16012081503868103,0.921321451663971
TEST_20072,0.051695387810468674,0.9190396666526794
TEST_20073,0.002550591016188264,0.9852428436279297
TEST_20074,0.02158413827419281,0.9615529179573059
TEST_20075,0.034870147705078125,0.9614531993865967
TEST_20076,0.0003333133936394006,0.9998668432235718
TEST_20077,0.9999653100967407,0.0037833810783922672
TEST_20078,0.00030305804102681577,0.9994489550590515
TEST_20079,0.0009027846972458065,0.9819745421409607
TEST_20080,0.00861069094389677,0.9995290040969849
TEST_20081,0.08497849851846695,0.9987468719482422
TEST_20082,0.007228420116007328,0.8297677040100098
TEST_20083,0.0032464000396430492,0.9813627004623413
TEST_20084,0.73552006483078,0.440137654542923
TEST_20085,0.0682329535484314,0.9963827133178711
TEST_20086,0.01659541018307209,0.9566138386726379
TEST_20087,0.0852595642209053,0.9622397422790527
TEST_20088,0.026925161480903625,0.9026998281478882
TEST_20089,0.0024816226214170456,0.9959254264831543
TEST_20090,0.011323855258524418,0.993753969669342
TEST_20091,0.00944269634783268,0.9941269159317017
TEST_20092,0.003816451644524932,0.9981644749641418
TEST_20093,0.06568971276283264,0.8941730856895447
TEST_20094,0.001453517354093492,0.9828127026557922
TEST_20095,0.008505851961672306,0.9987717270851135
TEST_20096,0.0036369336303323507,0.9856935739517212
TEST_20097,0.012549705803394318,0.992267906665802
TEST_20098,0.5821183919906616,0.8849319219589233
TEST_20099,0.0044252341613173485,0.9791091680526733
TEST_20100,0.03439392149448395,0.9903607368469238
TEST_20101,7.048464613035321e-05,0.9998509883880615
TEST_20102,0.006861451547592878,0.981213390827179
TEST_20103,0.007212962955236435,0.9981809854507446
TEST_20104,0.04684796929359436,0.9505623579025269
TEST_20105,0.9954712390899658,0.22439134120941162
TEST_20106,0.04004869982600212,0.987548828125
TEST_20107,0.010152828879654408,0.9952097535133362
TEST_20108,0.004704066086560488,0.996926486492157
TEST_20109,0.0008703781641088426,0.999665379524231
TEST_20110,0.006304311100393534,0.9985424280166626
TEST_20111,0.0008390723960474133,0.9997543692588806
TEST_20112,0.0018623432843014598,0.9951714873313904
TEST_20113,0.0024365100543946028,0.9220099449157715
TEST_20114,0.2102876901626587,0.9949672818183899
TEST_20115,0.07484355568885803,0.9432528614997864
TEST_20116,0.4330582618713379,0.8689833879470825
TEST_20117,0.062336381524801254,0.5987111926078796
TEST_20118,0.0015322129474952817,0.9915067553520203
TEST_20119,0.4603727161884308,0.4793170988559723
TEST_20120,0.07131011039018631,0.9193485975265503
TEST_20121,0.0020021582022309303,0.9992309808731079
TEST_20122,0.029141999781131744,0.9909543395042419
TEST_20123,0.009416354820132256,0.9820107817649841
TEST_20124,0.027342908084392548,0.9867221117019653
TEST_20125,0.010934624820947647,0.9960727691650391
TEST_20126,0.4083840250968933,0.23558112978935242
TEST_20127,0.07125982642173767,0.8385136723518372
TEST_20128,0.04309401661157608,0.9884280562400818
TEST_20129,0.02153722755610943,0.9651564359664917
TEST_20130,0.001142574124969542,0.9975398778915405
TEST_20131,0.1681370735168457,0.9759013652801514
TEST_20132,0.0038524947594851255,0.997633695602417
TEST_20133,0.002772644627839327,0.9959961175918579
TEST_20134,0.0018377938540652394,0.9994946718215942
TEST_20135,0.008917470462620258,0.9869382381439209
TEST_20136,0.00328475097194314,0.9937825798988342
TEST_20137,0.025463836267590523,0.9844353795051575
TEST_20138,0.8826431632041931,0.8546477556228638
TEST_20139,0.04740527272224426,0.9151107668876648
TEST_20140,0.058993421494960785,0.996095597743988
TEST_20141,0.0013246211456134915,0.9702453017234802
TEST_20142,0.0021771497558802366,0.9217479825019836
TEST_20143,0.004564631264656782,0.9718789458274841
TEST_20144,0.07292022556066513,0.9996792078018188
TEST_20145,0.5655778050422668,0.9066838622093201
TEST_20146,0.0002994918031617999,0.9982717037200928
TEST_20147,0.008991195820271969,0.986660361289978
TEST_20148,0.9692538380622864,0.721446692943573
TEST_20149,0.0015929206274449825,0.9994993209838867
TEST_20150,0.6940667629241943,0.9867479801177979
TEST_20151,0.028502382338047028,0.9886465668678284
TEST_20152,0.0004332474200055003,0.991380512714386
TEST_20153,0.0020805764943361282,0.9971803426742554
TEST_20154,0.00560352299362421,0.991096019744873
TEST_20155,0.004338958766311407,0.988532304763794
TEST_20156,0.002225464442744851,0.9932371973991394
TEST_20157,0.02011474221944809,0.8908335566520691
TEST_20158,0.02079237438738346,0.99583899974823
TEST_20159,0.650913655757904,0.30022481083869934
TEST_20160,0.002364133717492223,0.8658178448677063
TEST_20161,0.004157783463597298,0.9917542934417725
TEST_20162,0.03346901759505272,0.4551272988319397
TEST_20163,0.6708663105964661,0.554618239402771
TEST_20164,0.019118813797831535,0.7540403008460999
TEST_20165,0.0009503287146799266,0.9979861974716187
TEST_20166,0.0005545483436435461,0.9999243021011353
TEST_20167,0.15635882318019867,0.8063722848892212
TEST_20168,0.00023397558834403753,0.9995253086090088
TEST_20169,0.0033003492280840874,0.997432291507721
TEST_20170,0.27345865964889526,0.8199847340583801
TEST_20171,0.015391710214316845,0.9984533786773682
TEST_20172,0.0010824513155966997,0.9974266886711121
TEST_20173,0.6766614317893982,0.165177583694458
TEST_20174,0.026159225031733513,0.934502363204956
TEST_20175,0.1126730889081955,0.9224490523338318
TEST_20176,0.02832121215760708,0.9662250280380249
TEST_20177,0.004486205521970987,0.9996775388717651
TEST_20178,0.04840892180800438,0.9942396879196167
TEST_20179,0.0019840130116790533,0.9957504272460938
TEST_20180,0.09718453139066696,0.8363287448883057
TEST_20181,0.003006634535267949,0.9974405765533447
TEST_20182,0.010144976899027824,0.9240771532058716
TEST_20183,0.002343391999602318,0.9959608912467957
TEST_20184,0.007316469214856625,0.9440985321998596
TEST_20185,0.003430485725402832,0.9208774566650391
TEST_20186,0.03237365558743477,0.9888052940368652
TEST_20187,0.0003458443679846823,0.9996886253356934
TEST_20188,0.5590458512306213,0.11776744574308395
TEST_20189,0.0006375928060151637,0.9978154897689819
TEST_20190,0.01478202547878027,0.9963375329971313
TEST_20191,0.11424721032381058,0.9719176888465881
TEST_20192,0.0063146487809717655,0.995162308216095
TEST_20193,0.006204937119036913,0.9982303977012634
TEST_20194,0.0321207270026207,0.9987674951553345
TEST_20195,0.015371828339993954,0.9815882444381714
TEST_20196,0.0009733944316394627,0.9999212026596069
TEST_20197,0.7145775556564331,0.9178704619407654
TEST_20198,0.020045459270477295,0.9158480167388916
TEST_20199,0.01900910586118698,0.8883629441261292
TEST_20200,0.06566250324249268,0.8673304915428162
TEST_20201,0.006078383419662714,0.9896714687347412
TEST_20202,0.002568578813225031,0.9867486953735352
TEST_20203,0.23206827044487,0.9921773076057434
TEST_20204,0.004217858426272869,0.9912537932395935
TEST_20205,0.0006361990817822516,0.9996179342269897
TEST_20206,0.02590012736618519,0.9935808181762695
TEST_20207,0.07046062499284744,0.9957730174064636
TEST_20208,0.0009821291314437985,0.9992745518684387
TEST_20209,0.6612796783447266,0.8686270713806152
TEST_20210,0.008140509948134422,0.9279879927635193
TEST_20211,0.004951165523380041,0.9429543614387512
TEST_20212,0.005161245819181204,0.9519895315170288
TEST_20213,0.00013115217734593898,0.9999998807907104
TEST_20214,0.06933436542749405,0.7826440930366516
TEST_20215,0.04692712426185608,0.9790807366371155
TEST_20216,0.009525665082037449,0.9996699094772339
TEST_20217,0.008427951484918594,0.9810764789581299
TEST_20218,0.003990962170064449,0.9898115992546082
TEST_20219,0.07146971672773361,0.9750339388847351
TEST_20220,0.0006763876299373806,0.9977428913116455
TEST_20221,0.19553585350513458,0.8153717517852783
TEST_20222,0.025403857231140137,0.9105587601661682
TEST_20223,0.12834075093269348,0.9993457198143005
TEST_20224,0.005708688870072365,0.9948833584785461
TEST_20225,0.0007997291395440698,0.9940987825393677
TEST_20226,0.10254135727882385,0.8011394739151001
TEST_20227,0.9827994704246521,0.9966065883636475
TEST_20228,6.176999249873916e-06,0.9998660087585449
TEST_20229,0.002687186701223254,0.9995049238204956
TEST_20230,0.010465722531080246,0.9405370950698853
TEST_20231,0.09579163044691086,0.9934862852096558
TEST_20232,0.030032670125365257,0.9711815714836121
TEST_20233,0.999160647392273,0.8611322045326233
TEST_20234,0.0022183728870004416,0.9956052899360657
TEST_20235,0.0035469483118504286,0.9976152181625366
TEST_20236,0.014787846244871616,0.9920877814292908
TEST_20237,0.002618245081976056,0.9986358284950256
TEST_20238,0.0038490109145641327,0.9935537576675415
TEST_20239,0.002050371840596199,0.9993182420730591
TEST_20240,0.9945223331451416,0.7158533930778503
TEST_20241,0.0035559830721467733,0.9992594122886658
TEST_20242,0.028216298669576645,0.8726831078529358
TEST_20243,0.559541642665863,0.7745311856269836
TEST_20244,0.00761059345677495,0.9903117418289185
TEST_20245,0.0039889877662062645,0.9955280423164368
TEST_20246,0.009412086568772793,0.9984673857688904
TEST_20247,0.003928883466869593,0.997865617275238
TEST_20248,0.14876429736614227,0.7949377298355103
TEST_20249,0.01327088475227356,0.933795154094696
TEST_20250,0.00015064122271724045,0.9991679191589355
TEST_20251,0.003531896509230137,0.9979894161224365
TEST_20252,0.11000680923461914,0.9755966067314148
TEST_20253,0.005197988357394934,0.9874081611633301
TEST_20254,0.022094957530498505,0.9941260814666748
TEST_20255,0.0009154485305771232,0.9997836947441101
TEST_20256,0.005601182579994202,0.9995366334915161
TEST_20257,0.0005211226525716484,0.9890522360801697
TEST_20258,0.5652052760124207,0.9122090935707092
TEST_20259,0.08545655012130737,0.8833631277084351
TEST_20260,0.044389620423316956,0.029951270669698715
TEST_20261,0.007588839158415794,0.8872890472412109
TEST_20262,0.005539578385651112,0.9984163045883179
TEST_20263,0.16730432212352753,0.8947153091430664
TEST_20264,0.001307231723330915,0.9975960850715637
TEST_20265,0.0018321265233680606,0.999514102935791
TEST_20266,0.004560356494039297,0.9978463649749756
TEST_20267,0.36351868510246277,0.8067588210105896
TEST_20268,0.04662048816680908,0.9733083844184875
TEST_20269,2.0898285583825782e-05,0.9999085664749146
TEST_20270,0.025204254314303398,0.9593349695205688
TEST_20271,0.002554806414991617,0.990912914276123
TEST_20272,0.0019179690862074494,0.9914014935493469
TEST_20273,0.038254301995038986,0.9851977229118347
TEST_20274,0.002424388425424695,0.9999929666519165
TEST_20275,0.001194301526993513,0.9990507960319519
TEST_20276,0.026914946734905243,0.9976116418838501
TEST_20277,0.03091638721525669,0.9883697032928467
TEST_20278,0.14179296791553497,0.898467481136322
TEST_20279,0.013243823312222958,0.9912253022193909
TEST_20280,0.011122841387987137,0.9966488480567932
TEST_20281,0.023951275274157524,0.9762430787086487
TEST_20282,0.0020369000267237425,0.997751772403717
TEST_20283,0.21768197417259216,0.8804225325584412
TEST_20284,0.04729039594531059,0.9157575964927673
TEST_20285,0.0071242209523916245,0.99664306640625
TEST_20286,0.018751535564661026,0.9958003163337708
TEST_20287,0.2763131260871887,0.5387203097343445
TEST_20288,0.9973099231719971,0.0487670972943306
TEST_20289,0.002357285702601075,0.9996053576469421
TEST_20290,0.00044321190216578543,0.9988921284675598
TEST_20291,0.004215521737933159,0.9582376480102539
TEST_20292,0.9877197742462158,0.9673593044281006
TEST_20293,0.0020840743090957403,0.997533917427063
TEST_20294,0.04455679655075073,0.8688433766365051
TEST_20295,0.0009819279657676816,0.9998801946640015
TEST_20296,0.11725140362977982,0.9259359240531921
TEST_20297,0.03121004067361355,0.9706411361694336
TEST_20298,0.001065208693034947,0.9975064396858215
TEST_20299,0.38733312487602234,0.0078070154413580894
TEST_20300,0.030751610174775124,0.9915909767150879
TEST_20301,0.014750571921467781,0.9973751306533813
TEST_20302,0.009578850120306015,0.9965155124664307
TEST_20303,0.020227976143360138,0.9796069264411926
TEST_20304,0.014542226679623127,0.9983144998550415
TEST_20305,0.0014413620810955763,0.9940983057022095
TEST_20306,0.001863961573690176,0.980807363986969
TEST_20307,0.023264890536665916,0.9951748847961426
TEST_20308,0.006273442413657904,0.9979884624481201
TEST_20309,0.11128674447536469,0.9622026681900024
TEST_20310,0.2109658122062683,0.9583410024642944
TEST_20311,0.09580273181200027,0.9884139895439148
TEST_20312,0.04597127065062523,0.9349042773246765
TEST_20313,0.0511956587433815,0.9221150875091553
TEST_20314,0.01653147116303444,0.9839203953742981
TEST_20315,0.019239427521824837,0.9756984114646912
TEST_20316,0.0017015060875564814,0.9973582625389099
TEST_20317,0.002522415015846491,0.9967449903488159
TEST_20318,0.0027969356160610914,0.9997542500495911
TEST_20319,0.24515846371650696,0.9325961470603943
TEST_20320,0.0067906491458415985,0.9676957726478577
TEST_20321,0.04409080371260643,0.929161548614502
TEST_20322,0.012656628154218197,0.9547794461250305
TEST_20323,0.0033932062797248363,0.9921159148216248
TEST_20324,0.6667162775993347,0.9810547828674316
TEST_20325,0.016255859285593033,0.9039081931114197
TEST_20326,0.02031851001083851,0.9999791383743286
TEST_20327,0.07600204646587372,0.8899669647216797
TEST_20328,0.04514347389340401,0.8903355598449707
TEST_20329,0.023931074887514114,0.8750817179679871
TEST_20330,0.005191458854824305,0.948127031326294
TEST_20331,0.00039188581285998225,0.999902606010437
TEST_20332,0.10201508551836014,0.983702540397644
TEST_20333,0.06303000450134277,0.6062017679214478
TEST_20334,0.0029264145996421576,0.9991070628166199
TEST_20335,0.021498167887330055,0.9003326296806335
TEST_20336,0.10040730983018875,0.44427844882011414
TEST_20337,0.0007372764521278441,0.99977046251297
TEST_20338,0.1649044156074524,0.8772178292274475
TEST_20339,0.021405823528766632,0.984020471572876
TEST_20340,0.005052979104220867,0.9948168396949768
TEST_20341,0.0056962198577821255,0.9911872744560242
TEST_20342,0.014779490418732166,0.9452055096626282
TEST_20343,0.0016041197814047337,0.9905139207839966
TEST_20344,0.002438525203615427,0.9956595301628113
TEST_20345,0.0003247066051699221,0.9999837875366211
TEST_20346,0.007131894584745169,0.9516547322273254
TEST_20347,0.011543890461325645,0.9443410634994507
TEST_20348,0.0005501942941918969,0.9999226331710815
TEST_20349,0.08636737614870071,0.40904974937438965
TEST_20350,0.1514272540807724,0.8399814963340759
TEST_20351,0.01475022453814745,0.9863944053649902
TEST_20352,0.009911157190799713,0.5940213799476624
TEST_20353,0.9956125020980835,0.2777150571346283
TEST_20354,0.913192868232727,0.5363674759864807
TEST_20355,0.03384607657790184,0.9959926009178162
TEST_20356,0.009295361116528511,0.9784625768661499
TEST_20357,0.052732884883880615,0.997011661529541
TEST_20358,0.0007863853243179619,0.9995724558830261
TEST_20359,0.43104371428489685,0.9220676422119141
TEST_20360,0.013348382897675037,0.9834943413734436
TEST_20361,0.02646038681268692,0.8553962111473083
TEST_20362,0.000981594086624682,0.9995098114013672
TEST_20363,0.017808450385928154,0.6691940426826477
TEST_20364,0.030593976378440857,0.8914408087730408
TEST_20365,0.0784384235739708,0.9926355481147766
TEST_20366,0.03382682427763939,0.8946999907493591
TEST_20367,0.00626355642452836,0.9991779923439026
TEST_20368,0.012186167761683464,0.9969435334205627
TEST_20369,0.7293540239334106,0.9644560217857361
TEST_20370,0.0010553663596510887,0.9939931035041809
TEST_20371,0.07848954200744629,0.8805757164955139
TEST_20372,0.5206016302108765,0.7158551216125488
TEST_20373,0.5359581708908081,0.9898391962051392
TEST_20374,0.06467010080814362,0.9858822822570801
TEST_20375,0.000782207993324846,0.9984757304191589
TEST_20376,0.8728945851325989,0.3299048840999603
TEST_20377,0.37230050563812256,0.04516667127609253
TEST_20378,0.08261287957429886,0.9463537335395813
TEST_20379,0.007694081403315067,0.9869605302810669
TEST_20380,0.022372866049408913,0.9920362830162048
TEST_20381,0.5760433077812195,0.25853604078292847
TEST_20382,0.6903610825538635,0.40154725313186646
TEST_20383,0.02075575292110443,0.9998286962509155
TEST_20384,0.00973678007721901,0.9982336759567261
TEST_20385,0.12877453863620758,0.24496634304523468
TEST_20386,0.0570681132376194,0.9017712473869324
TEST_20387,0.26922309398651123,0.978805661201477
TEST_20388,0.0068472595885396,0.953603208065033
TEST_20389,0.9695454239845276,0.8765830397605896
TEST_20390,0.007627672515809536,0.6994785070419312
TEST_20391,0.01416777539998293,0.9927494525909424
TEST_20392,0.0006739174714311957,0.9996618032455444
TEST_20393,0.012384152039885521,0.9799356460571289
TEST_20394,0.03214545547962189,0.9976678490638733
TEST_20395,4.822936898563057e-05,0.9998830556869507
TEST_20396,0.038498446345329285,0.9894054532051086
TEST_20397,0.05833229795098305,0.8820902109146118
TEST_20398,0.0042400965467095375,0.9945862293243408
TEST_20399,0.0054427506402134895,0.9939047694206238
TEST_20400,0.006426215171813965,0.9698479771614075
TEST_20401,0.01724359393119812,0.998399555683136
TEST_20402,0.0008684901404194534,0.9991099238395691
TEST_20403,0.016629468649625778,0.9869312644004822
TEST_20404,0.9218632578849792,0.7299506068229675
TEST_20405,0.027274491265416145,0.9972153902053833
TEST_20406,0.1353272944688797,0.9748327136039734
TEST_20407,0.04163971170783043,0.8132922053337097
TEST_20408,0.0025622316170483828,0.9948805570602417
TEST_20409,0.23947472870349884,0.6644124984741211
TEST_20410,0.01244624238461256,0.9945828318595886
TEST_20411,0.0032076144125312567,0.9923610091209412
TEST_20412,0.020404735580086708,0.9996776580810547
TEST_20413,0.03669949620962143,0.9038866758346558
TEST_20414,0.01612156070768833,0.9958277344703674
TEST_20415,0.1718599796295166,0.8297779560089111
TEST_20416,0.0005536922835744917,0.9999927282333374
TEST_20417,0.0026778599712997675,0.9992425441741943
TEST_20418,0.5620737075805664,0.9270405173301697
TEST_20419,3.5419103761036297e-10,0.9999995231628418
TEST_20420,0.025535622611641884,0.9992192983627319
TEST_20421,0.00039245554944500327,0.9972248077392578
TEST_20422,0.0014496889198198915,0.982396125793457
TEST_20423,0.027157455682754517,0.9903045296669006
TEST_20424,0.0005173370591364801,0.9846634864807129
TEST_20425,0.0007055054302327335,0.9999744892120361
TEST_20426,0.04379991069436073,0.9976497292518616
TEST_20427,0.9299823045730591,0.8313546776771545
TEST_20428,0.042039014399051666,0.9971298575401306
TEST_20429,0.0043246326968073845,0.999803364276886
TEST_20430,0.011255227960646152,0.9796983003616333
TEST_20431,0.26317352056503296,0.9900034070014954
TEST_20432,0.0012521524913609028,0.9982069730758667
TEST_20433,0.5765510201454163,0.9431480765342712
TEST_20434,0.048420172184705734,0.9084519147872925
TEST_20435,0.0018366632284596562,0.9965298771858215
TEST_20436,0.021650008857250214,0.9779205322265625
TEST_20437,0.002081566723063588,0.9858158826828003
TEST_20438,0.5987728834152222,0.8684014081954956
TEST_20439,0.03223021700978279,0.7722849249839783
TEST_20440,0.0010326422052457929,0.9986407160758972
TEST_20441,0.017048321664333344,0.991823136806488
TEST_20442,0.003152678022161126,0.994002640247345
TEST_20443,0.0018597274320200086,0.9995819926261902
TEST_20444,0.006320222746580839,0.999998927116394
TEST_20445,0.041627563536167145,0.9581612944602966
TEST_20446,0.16285976767539978,0.8705582618713379
TEST_20447,0.0031127689871937037,0.9990519881248474
TEST_20448,0.061845216900110245,0.9719848036766052
TEST_20449,0.0008226402569562197,0.9995476603507996
TEST_20450,0.9995648264884949,0.1564827859401703
TEST_20451,0.9988759160041809,0.07183388620615005
TEST_20452,0.030854500830173492,0.9798689484596252
TEST_20453,0.007895584218204021,0.9473051428794861
TEST_20454,0.01336609199643135,0.9877936244010925
TEST_20455,0.5983495116233826,0.8364286422729492
TEST_20456,0.026789141818881035,0.9877716302871704
TEST_20457,0.002426696941256523,0.9836320877075195
TEST_20458,0.0003237841883674264,0.9997909665107727
TEST_20459,0.009939679875969887,0.9493540525436401
TEST_20460,0.00733929593116045,0.992993175983429
TEST_20461,0.05489466339349747,0.5868933796882629
TEST_20462,0.02087484858930111,0.9997174143791199
TEST_20463,0.006319401785731316,0.996577799320221
TEST_20464,0.9931435585021973,0.9511857628822327
TEST_20465,0.15385928750038147,0.9698759317398071
TEST_20466,0.07158803939819336,0.9936923980712891
TEST_20467,0.11822577565908432,0.9057683944702148
TEST_20468,0.028560252860188484,0.9523058533668518
TEST_20469,0.020330512896180153,0.9851383566856384
TEST_20470,0.09483157843351364,0.9574615359306335
TEST_20471,0.006582424510270357,0.9839897155761719
TEST_20472,0.9960946440696716,0.7888712286949158
TEST_20473,0.004170434549450874,0.9829927086830139
TEST_20474,0.0005912435590289533,0.9976621866226196
TEST_20475,0.0007317484705708921,0.9900840520858765
TEST_20476,0.005427063908427954,0.9953902959823608
TEST_20477,0.0026107635349035263,0.9986982345581055
TEST_20478,0.002914095064625144,0.9776715040206909
TEST_20479,0.0443788543343544,0.8670122623443604
TEST_20480,0.12520770728588104,0.9948648810386658
TEST_20481,0.0006233493913896382,0.9974159002304077
TEST_20482,0.0027436281088739634,0.9996932744979858
TEST_20483,0.00854951050132513,0.9957553148269653
TEST_20484,0.09765294194221497,0.9932982325553894
TEST_20485,0.0101244505494833,0.9879640340805054
TEST_20486,0.05334194377064705,0.9900527596473694
TEST_20487,0.08381407707929611,0.9240022301673889
TEST_20488,0.018779970705509186,0.9963550567626953
TEST_20489,0.32430174946784973,0.9926503300666809
TEST_20490,0.01427011750638485,0.9702787399291992
TEST_20491,0.008829059079289436,0.9865087866783142
TEST_20492,0.9247845411300659,0.8315562605857849
TEST_20493,0.0035861777141690254,0.9998589754104614
TEST_20494,0.156040221452713,0.9745879769325256
TEST_20495,0.02075507491827011,0.9276145696640015
TEST_20496,0.04383470490574837,0.8815175890922546
TEST_20497,0.002373066730797291,0.998738706111908
TEST_20498,0.0036698176991194487,0.9972022771835327
TEST_20499,0.05841071903705597,0.835438072681427
TEST_20500,0.009820694103837013,0.9997159838676453
TEST_20501,0.0006048137438483536,0.9975646734237671
TEST_20502,0.06639059633016586,0.875607967376709
TEST_20503,0.14588333666324615,0.9230830669403076
TEST_20504,0.23191016912460327,0.0048242905177176
TEST_20505,0.00043174056918360293,0.986309289932251
TEST_20506,0.0006768383900634944,0.9981392621994019
TEST_20507,0.005804212763905525,0.9804410934448242
TEST_20508,0.8320196270942688,0.9826710820198059
TEST_20509,0.0024955845437943935,0.9917446970939636
TEST_20510,0.001817244221456349,0.9991094470024109
TEST_20511,0.9873233437538147,0.0003703925758600235
TEST_20512,0.016442453488707542,0.9986509680747986
TEST_20513,0.8907842636108398,0.9764842391014099
TEST_20514,0.06921782344579697,0.9426308870315552
TEST_20515,0.0004959468496963382,0.9983015060424805
TEST_20516,0.0017839506035670638,0.9981387853622437
TEST_20517,0.0378696583211422,0.9882022738456726
TEST_20518,0.036118172109127045,0.9128294587135315
TEST_20519,0.6951377987861633,0.9573405981063843
TEST_20520,0.02129555493593216,0.9922665953636169
TEST_20521,0.025723103433847427,0.9924571514129639
TEST_20522,0.8141665458679199,0.029069485142827034
TEST_20523,0.29530781507492065,0.8764906525611877
TEST_20524,0.9131864905357361,0.29774802923202515
TEST_20525,0.019872121512889862,0.9844053387641907
TEST_20526,0.0018901168368756771,0.9943583607673645
TEST_20527,0.02639789506793022,0.666050910949707
TEST_20528,0.031355783343315125,0.9440283179283142
TEST_20529,0.01788754016160965,0.9103208184242249
TEST_20530,0.07719188183546066,0.9739055633544922
TEST_20531,0.015629397705197334,0.9966121315956116
TEST_20532,0.05858774855732918,0.7597532868385315
TEST_20533,0.016816988587379456,0.992544412612915
TEST_20534,0.15166480839252472,0.862421452999115
TEST_20535,0.00426434725522995,0.9999176263809204
TEST_20536,0.9977434873580933,0.7918073534965515
TEST_20537,0.010900990106165409,0.9954922199249268
TEST_20538,0.09519204497337341,0.8408370018005371
TEST_20539,0.004762051627039909,0.9946529865264893
TEST_20540,0.0005823075189255178,0.9985408782958984
TEST_20541,0.2755316495895386,0.5454967617988586
TEST_20542,0.02923600561916828,0.9965582489967346
TEST_20543,0.0017472893232479692,0.9850398302078247
TEST_20544,0.023739304393529892,0.9786860942840576
TEST_20545,0.04806705564260483,0.6862143278121948
TEST_20546,0.010293517261743546,0.9783918857574463
TEST_20547,0.011785504408180714,0.9969808459281921
TEST_20548,0.004378763493150473,0.9695860147476196
TEST_20549,0.08716373145580292,0.9843974709510803
TEST_20550,0.002354474738240242,0.9651954174041748
TEST_20551,4.543125760392286e-05,0.9995056390762329
TEST_20552,0.0352553054690361,0.48124170303344727
TEST_20553,0.0035982204135507345,0.9863337874412537
TEST_20554,0.0780402272939682,0.8980887532234192
TEST_20555,0.0579252727329731,0.9617311954498291
TEST_20556,0.0257283803075552,0.993842601776123
TEST_20557,0.13986796140670776,0.8241136074066162
TEST_20558,0.006634431425482035,0.9526396989822388
TEST_20559,0.002477545291185379,0.9629586338996887
TEST_20560,0.00930506270378828,0.9930249452590942
TEST_20561,0.005914479494094849,0.9948037266731262
TEST_20562,0.45676490664482117,0.9198852181434631
TEST_20563,0.026261750608682632,0.9915961623191833
TEST_20564,0.3773324191570282,0.9422759413719177
TEST_20565,0.04228402301669121,0.9106331467628479
TEST_20566,0.010756492614746094,0.9635050296783447
TEST_20567,0.6286925077438354,0.8832932710647583
TEST_20568,0.04359624534845352,0.9356815814971924
TEST_20569,0.03173116222023964,0.9969685673713684
TEST_20570,0.9511868357658386,0.9150323271751404
TEST_20571,0.013975126668810844,0.970520555973053
TEST_20572,0.06359712034463882,0.9923067688941956
TEST_20573,0.0020972327329218388,0.9893787503242493
TEST_20574,0.04963687062263489,0.9227814078330994
TEST_20575,0.015718979761004448,0.9485935568809509
TEST_20576,0.00805430393666029,0.8339338302612305
TEST_20577,0.014251884073019028,0.9961687922477722
TEST_20578,0.8809429407119751,0.944555938243866
TEST_20579,0.6407156586647034,0.8419672250747681
TEST_20580,0.008561130613088608,0.9882000684738159
TEST_20581,0.00021440985437948257,0.9989390969276428
TEST_20582,0.011439274065196514,0.9875038266181946
TEST_20583,0.1527940034866333,0.9264624714851379
TEST_20584,0.006960980128496885,0.9980384707450867
TEST_20585,0.02066570520401001,0.8364791870117188
TEST_20586,0.26277732849121094,0.689035177230835
TEST_20587,0.03532800078392029,0.9408813118934631
TEST_20588,0.9986438155174255,0.019701898097991943
TEST_20589,0.02531665936112404,0.9303942918777466
TEST_20590,0.0004605077556334436,0.9893440008163452
TEST_20591,0.3312237560749054,0.9922381043434143
TEST_20592,0.21744096279144287,0.8831086158752441
TEST_20593,0.13397662341594696,0.919916570186615
TEST_20594,0.002386445179581642,0.9999120235443115
TEST_20595,0.4133892059326172,0.272912859916687
TEST_20596,0.005061047151684761,0.8728564381599426
TEST_20597,0.003110745223239064,0.9987207055091858
TEST_20598,0.896572470664978,0.22481146454811096
TEST_20599,0.055371589958667755,0.9534225463867188
TEST_20600,0.0012819695984944701,0.9983152151107788
TEST_20601,0.04934452474117279,0.6502847075462341
TEST_20602,0.014183555729687214,0.9993419051170349
TEST_20603,0.9999973773956299,1.1225929483771324e-05
TEST_20604,0.022180210798978806,0.9056882858276367
TEST_20605,0.022167054936289787,0.9707674980163574
TEST_20606,0.00027437409153208137,0.9997377991676331
TEST_20607,0.010828622616827488,0.9959688186645508
TEST_20608,0.003933461848646402,0.9991655349731445
TEST_20609,0.12790045142173767,0.9580207467079163
TEST_20610,0.008775250986218452,0.9972660541534424
TEST_20611,0.36117255687713623,0.8933964967727661
TEST_20612,0.02731189876794815,0.7781791687011719
TEST_20613,0.9937219023704529,0.0009798009414225817
TEST_20614,0.9646449089050293,0.6679654717445374
TEST_20615,0.02752460353076458,0.9924629926681519
TEST_20616,0.12707971036434174,0.6009248495101929
TEST_20617,0.006527432706207037,0.9891996383666992
TEST_20618,0.024528786540031433,0.9974266886711121
TEST_20619,0.013125589117407799,0.906079113483429
TEST_20620,0.045153167098760605,0.8995105028152466
TEST_20621,0.02175833471119404,0.926765501499176
TEST_20622,0.01711367256939411,0.9991568326950073
TEST_20623,0.0036848844029009342,0.9951552152633667
TEST_20624,0.025722423568367958,0.8641819953918457
TEST_20625,0.0009800083935260773,0.9959379434585571
TEST_20626,0.00891465600579977,0.9964390397071838
TEST_20627,0.010350089520215988,0.9836296439170837
TEST_20628,0.013637240044772625,0.9522253274917603
TEST_20629,0.9907186627388,0.8030661940574646
TEST_20630,0.02164066769182682,0.9662630558013916
TEST_20631,0.3034324049949646,0.6788351535797119
TEST_20632,0.005120178684592247,0.9980906844139099
TEST_20633,0.0033838683739304543,0.5126435160636902
TEST_20634,0.02102052979171276,0.9350461959838867
TEST_20635,0.005897617898881435,0.9795553088188171
TEST_20636,0.016298042610287666,0.9861511588096619
TEST_20637,0.02598845213651657,0.18276241421699524
TEST_20638,0.003177124075591564,0.9905931353569031
TEST_20639,0.9453151822090149,0.5518591403961182
TEST_20640,0.0004648772592190653,0.9985400438308716
TEST_20641,0.0068908678367733955,0.9994320273399353
TEST_20642,0.004805025644600391,0.7863510251045227
TEST_20643,0.0025832827668637037,0.9869879484176636
TEST_20644,0.007393230684101582,0.9974074959754944
TEST_20645,0.0022243675775825977,0.9125187397003174
TEST_20646,0.004406823311001062,0.9978147745132446
TEST_20647,0.8769962787628174,0.8982542753219604
TEST_20648,0.03624698147177696,0.9069197773933411
TEST_20649,0.0025426428765058517,0.9955978989601135
TEST_20650,0.2001921385526657,0.9278585910797119
TEST_20651,0.03536383435130119,0.8892930746078491
TEST_20652,0.0010211353655904531,0.9844216108322144
TEST_20653,0.004129669163376093,0.9994291663169861
TEST_20654,0.01958545297384262,0.9914079308509827
TEST_20655,0.016804270446300507,0.9965835809707642
TEST_20656,0.0006261178059503436,0.9993731379508972
TEST_20657,0.0007948250859044492,0.9991337656974792
TEST_20658,0.0007412296836264431,0.9987775683403015
TEST_20659,0.004248613491654396,0.9996095299720764
TEST_20660,0.02968953736126423,0.9867817759513855
TEST_20661,0.0001364743075100705,0.9997997879981995
TEST_20662,0.22283534705638885,0.9860160946846008
TEST_20663,0.02759397402405739,0.9504451751708984
TEST_20664,0.9153349995613098,0.8714170455932617
TEST_20665,0.045732926577329636,0.9970033764839172
TEST_20666,0.0031071349512785673,0.9969282746315002
TEST_20667,0.0021657857578247786,0.9891385436058044
TEST_20668,0.012278929352760315,0.9954451322555542
TEST_20669,0.019937144592404366,0.9715281128883362
TEST_20670,0.007725833915174007,0.9980985522270203
TEST_20671,0.001861270167864859,0.998259961605072
TEST_20672,0.11821117252111435,0.9723005890846252
TEST_20673,0.07831431925296783,0.9144864678382874
TEST_20674,0.0038871821016073227,0.9912624359130859
TEST_20675,0.007366860751062632,0.9973345994949341
TEST_20676,0.024645745754241943,0.968498170375824
TEST_20677,0.9954861998558044,0.7607545256614685
TEST_20678,0.011557185091078281,0.956977367401123
TEST_20679,0.013725378550589085,0.9778280854225159
TEST_20680,0.01532877329736948,0.9254476428031921
TEST_20681,0.03140375763177872,0.9476058483123779
TEST_20682,0.011390507221221924,0.9898136258125305
TEST_20683,0.00015132781118154526,0.99801105260849
TEST_20684,0.005734929349273443,0.9986520409584045
TEST_20685,0.0020845988765358925,0.9112219214439392
TEST_20686,0.004024811554700136,0.9829398393630981
TEST_20687,0.0025276080705225468,0.993533730506897
TEST_20688,0.5568491220474243,0.09474889189004898
TEST_20689,7.92085029388545e-06,0.999553382396698
TEST_20690,0.012895344756543636,0.9757518768310547
TEST_20691,0.19443608820438385,0.9687755107879639
TEST_20692,0.023072462528944016,0.9734094738960266
TEST_20693,0.8120200634002686,0.7207732200622559
TEST_20694,0.011374608613550663,0.9981074333190918
TEST_20695,0.006247606594115496,0.9973317384719849
TEST_20696,0.007694540079683065,0.9958717226982117
TEST_20697,0.02764737233519554,0.9962013363838196
TEST_20698,0.00940935779362917,0.9990174770355225
TEST_20699,0.020540235564112663,0.8551985025405884
TEST_20700,0.009037194773554802,0.8733230233192444
TEST_20701,0.001562659628689289,0.9976932406425476
TEST_20702,0.008834978565573692,0.9799039363861084
TEST_20703,0.22507774829864502,0.8953810334205627
TEST_20704,0.0005921644624322653,0.9974530339241028
TEST_20705,0.0021796892397105694,0.998177170753479
TEST_20706,0.007328004576265812,0.9841157793998718
TEST_20707,0.1375483274459839,0.9553453922271729
TEST_20708,0.0020554927177727222,0.9943800568580627
TEST_20709,0.01114898081868887,0.9869855046272278
TEST_20710,0.038002584129571915,0.9192535877227783
TEST_20711,0.1639876514673233,0.9859173893928528
TEST_20712,0.2788669764995575,0.0038480747025460005
TEST_20713,0.008906310424208641,0.970757782459259
TEST_20714,0.007034830749034882,0.9954877495765686
TEST_20715,0.005214203614741564,0.9890221357345581
TEST_20716,0.08409851044416428,0.9914581179618835
TEST_20717,0.031014736741781235,0.9327492117881775
TEST_20718,0.021763717755675316,0.9955537915229797
TEST_20719,0.00931559968739748,0.9961197376251221
TEST_20720,0.012489465065300465,0.9643741846084595
TEST_20721,0.10883314162492752,0.9559519290924072
TEST_20722,0.3492942452430725,0.7580623030662537
TEST_20723,0.03572642058134079,0.887744665145874
TEST_20724,0.1195203959941864,0.7824128866195679
TEST_20725,0.012760083191096783,0.8566617369651794
TEST_20726,0.008320636115968227,0.997123658657074
TEST_20727,0.032953761518001556,0.973623514175415
TEST_20728,0.03574168682098389,0.932636022567749
TEST_20729,0.02771899290382862,0.9884160757064819
TEST_20730,0.0015515715349465609,0.9989145994186401
TEST_20731,7.46212390367873e-05,0.9999996423721313
TEST_20732,0.06645636260509491,0.8911977410316467
TEST_20733,0.07458903640508652,0.6021578311920166
TEST_20734,0.11947789788246155,0.9781877994537354
TEST_20735,0.020468266680836678,0.8642283082008362
TEST_20736,0.13706301152706146,0.9823408126831055
TEST_20737,0.0025351643562316895,0.9999542236328125
TEST_20738,0.19023920595645905,0.9938637018203735
TEST_20739,0.13019493222236633,0.8521193265914917
TEST_20740,0.032410915940999985,0.6942987442016602
TEST_20741,0.006473059765994549,0.9959130883216858
TEST_20742,0.001244529732502997,0.9975390434265137
TEST_20743,0.014009864069521427,0.9997404217720032
TEST_20744,0.0669756531715393,0.9233716726303101
TEST_20745,0.9968644976615906,0.1024833470582962
TEST_20746,0.03235182538628578,0.9880101084709167
TEST_20747,0.13219666481018066,0.9835842847824097
TEST_20748,0.1240011602640152,0.9128782749176025
TEST_20749,0.9987185001373291,0.003071981482207775
TEST_20750,0.006361732259392738,0.8140444159507751
TEST_20751,0.030861325562000275,0.9821752905845642
TEST_20752,0.14571897685527802,0.7470390200614929
TEST_20753,0.011377107352018356,0.9976031184196472
TEST_20754,0.003831107635051012,0.9988412261009216
TEST_20755,0.003757403464987874,0.98829585313797
TEST_20756,0.004894656594842672,0.9933367967605591
TEST_20757,0.0041176495142281055,0.9999525547027588
TEST_20758,0.0006214280729182065,0.9994148015975952
TEST_20759,0.00030848212190903723,0.999508261680603
TEST_20760,0.35162052512168884,0.9804663062095642
TEST_20761,0.007367908023297787,0.9993485808372498
TEST_20762,0.0102210259065032,0.9978312849998474
TEST_20763,0.0396207757294178,0.9819301962852478
TEST_20764,0.029132915660738945,0.9854405522346497
TEST_20765,0.0004543288960121572,0.9960655570030212
TEST_20766,0.007540679536759853,0.9965693950653076
TEST_20767,0.003289963584393263,0.9995606541633606
TEST_20768,0.02402474544942379,0.9226416349411011
TEST_20769,0.00025273743085563183,0.9905232787132263
TEST_20770,0.007604401092976332,0.9970816969871521
TEST_20771,0.0004689673369284719,0.9992541670799255
TEST_20772,0.007664312142878771,0.8853460550308228
TEST_20773,0.004561231005936861,0.9980905652046204
TEST_20774,0.0050461250357329845,0.9593087434768677
TEST_20775,0.002942864317446947,0.9107488393783569
TEST_20776,0.005292088724672794,0.9884206056594849
TEST_20777,0.005738046485930681,0.9950631260871887
TEST_20778,0.00819539837539196,0.9433498382568359
TEST_20779,0.06094780191779137,0.8272033333778381
TEST_20780,0.8596891164779663,0.7090743780136108
TEST_20781,0.009444141760468483,0.9992619156837463
TEST_20782,0.03789360821247101,0.9247297048568726
TEST_20783,0.22244812548160553,0.9610698819160461
TEST_20784,0.12652823328971863,0.7620400190353394
TEST_20785,0.009209769777953625,0.9997567534446716
TEST_20786,0.47722262144088745,0.7386197447776794
TEST_20787,0.2384515106678009,0.9100428819656372
TEST_20788,0.034703463315963745,0.9584704637527466
TEST_20789,0.007574929390102625,0.9216638207435608
TEST_20790,0.007165580056607723,0.9072223901748657
TEST_20791,0.0070514376275241375,0.9935318231582642
TEST_20792,0.961421549320221,0.31836414337158203
TEST_20793,0.0086208526045084,0.9960489869117737
TEST_20794,0.0006834336672909558,0.9979162812232971
TEST_20795,0.34441953897476196,0.7970955967903137
TEST_20796,0.017742596566677094,0.9928680658340454
TEST_20797,0.034823719412088394,0.9480383396148682
TEST_20798,0.16669043898582458,0.13742755353450775
TEST_20799,0.9996737241744995,2.647527253429871e-06
TEST_20800,0.04686444252729416,0.9252567291259766
TEST_20801,0.0075372615829110146,0.9917219281196594
TEST_20802,0.01220637932419777,0.9848222732543945
TEST_20803,0.668960690498352,0.9964736104011536
TEST_20804,0.006177844479680061,0.9681453704833984
TEST_20805,0.02334374561905861,0.912384569644928
TEST_20806,0.007276312448084354,0.9314159750938416
TEST_20807,0.0034220453817397356,0.9596849679946899
TEST_20808,0.9601497054100037,0.3281365931034088
TEST_20809,0.010587562806904316,0.7476269006729126
TEST_20810,0.01967858150601387,0.9755991101264954
TEST_20811,0.007178975734859705,0.9981599450111389
TEST_20812,0.021165361627936363,0.948032557964325
TEST_20813,0.00206708163022995,0.99888676404953
TEST_20814,0.011633109301328659,0.9907063841819763
TEST_20815,0.005925887264311314,0.9230807423591614
TEST_20816,0.018068980425596237,0.9076844453811646
TEST_20817,0.037177350372076035,0.8951695561408997
TEST_20818,0.07759690284729004,0.8834918737411499
TEST_20819,0.011851232498884201,0.9744169116020203
TEST_20820,0.0075834509916603565,0.9987995624542236
TEST_20821,0.0016870059771463275,0.9848212599754333
TEST_20822,0.0010919891064986587,0.9992545247077942
TEST_20823,0.0021441406570374966,0.999818742275238
TEST_20824,0.001548568718135357,0.9994070529937744
TEST_20825,0.2945297062397003,0.9829937219619751
TEST_20826,0.07191979140043259,0.9803280234336853
TEST_20827,0.0007536206976510584,0.9983722567558289
TEST_20828,0.00121502042748034,0.9999874830245972
TEST_20829,0.06726191937923431,0.9310126304626465
TEST_20830,0.005146562121808529,0.9788199067115784
TEST_20831,0.016634849831461906,0.9695544242858887
TEST_20832,0.0011675951536744833,0.9995187520980835
TEST_20833,0.0007419370231218636,0.9998793601989746
TEST_20834,0.05455426871776581,0.9499825239181519
TEST_20835,0.0010149464942514896,0.9939860105514526
TEST_20836,0.008577317930758,0.9608883261680603
TEST_20837,0.01742052286863327,0.6945534348487854
TEST_20838,0.024398913607001305,0.988309383392334
TEST_20839,0.5838884711265564,0.627821683883667
TEST_20840,0.00019922148203477263,0.9986371397972107
TEST_20841,0.1504223346710205,0.9326767921447754
TEST_20842,0.0235159769654274,0.9961918592453003
TEST_20843,0.03514470160007477,0.9747313261032104
TEST_20844,0.0050088888965547085,0.9699843525886536
TEST_20845,0.14224615693092346,0.9979774355888367
TEST_20846,0.020685488358139992,0.9999845027923584
TEST_20847,0.06402768194675446,0.12754343450069427
TEST_20848,0.011657867580652237,0.9974004030227661
TEST_20849,0.08203717321157455,0.9962798953056335
TEST_20850,0.006518949754536152,0.9991140961647034
TEST_20851,0.06490112841129303,0.943337619304657
TEST_20852,0.009370184503495693,0.9890483021736145
TEST_20853,0.0021908204071223736,0.9886980056762695
TEST_20854,0.001981546403840184,0.9869421720504761
TEST_20855,0.00523378187790513,0.9357157945632935
TEST_20856,0.08716820925474167,0.9998835325241089
TEST_20857,0.010649893432855606,0.9948461055755615
TEST_20858,0.00635967031121254,0.9625990390777588
TEST_20859,0.0695783793926239,0.9133758544921875
TEST_20860,0.19028566777706146,0.9633389115333557
TEST_20861,0.017300013452768326,0.9974812865257263
TEST_20862,0.04324404522776604,0.9995675683021545
TEST_20863,0.004791541490703821,0.9892705678939819
TEST_20864,0.031656887382268906,0.9927555918693542
TEST_20865,0.9737710356712341,0.9539471864700317
TEST_20866,0.001468702801503241,0.9993271827697754
TEST_20867,0.02770131267607212,0.9757511615753174
TEST_20868,0.9550849795341492,0.009364573284983635
TEST_20869,1.0947806913463864e-05,0.9999111890792847
TEST_20870,0.0073175812140107155,0.9557810425758362
TEST_20871,0.1382688730955124,0.713261067867279
TEST_20872,0.01834690198302269,0.9925227761268616
TEST_20873,0.023468192666769028,0.9310154318809509
TEST_20874,0.0008929013274610043,0.9905977845191956
TEST_20875,0.08791984617710114,0.982153594493866
TEST_20876,0.004713684320449829,0.997238278388977
TEST_20877,0.01943586952984333,0.9710170030593872
TEST_20878,0.047949861735105515,0.8968949317932129
TEST_20879,0.0021642392966896296,0.970772385597229
TEST_20880,0.06822966784238815,0.9490223526954651
TEST_20881,0.0006395643576979637,0.9962777495384216
TEST_20882,0.008032161742448807,0.9971417784690857
TEST_20883,0.09463120251893997,0.9538823962211609
TEST_20884,0.010969448834657669,0.9911973476409912
TEST_20885,0.0637124627828598,0.9876453280448914
TEST_20886,0.004598792176693678,0.997409999370575
TEST_20887,0.005622589960694313,0.9862116575241089
TEST_20888,0.01456465758383274,0.9957725405693054
TEST_20889,0.002350401133298874,0.9998101592063904
TEST_20890,0.006030320189893246,0.9961808919906616
TEST_20891,0.021869754418730736,0.9351320862770081
TEST_20892,0.013638637959957123,0.9997072815895081
TEST_20893,0.0018548021325841546,0.998599112033844
TEST_20894,0.03604654222726822,0.9776520133018494
TEST_20895,0.030314689502120018,0.9226637482643127
TEST_20896,0.058680884540081024,0.6962530016899109
TEST_20897,0.016186052933335304,0.9986799359321594
TEST_20898,0.9989902377128601,0.0002499809779692441
TEST_20899,0.01637529768049717,0.9844459891319275
TEST_20900,0.010647949762642384,0.9985478520393372
TEST_20901,0.19494637846946716,0.9864989519119263
TEST_20902,0.0019668242894113064,0.999701201915741
TEST_20903,0.07644083350896835,0.9059995412826538
TEST_20904,0.006227743346244097,0.996168315410614
TEST_20905,0.001808442990295589,0.999146580696106
TEST_20906,0.015512261539697647,0.9653066992759705
TEST_20907,0.007825656794011593,0.9977865219116211
TEST_20908,0.07784391939640045,0.8571105599403381
TEST_20909,0.0024637042079120874,0.9664989709854126
TEST_20910,0.02800554595887661,0.9082661271095276
TEST_20911,0.04082226753234863,0.8675609230995178
TEST_20912,0.005543128587305546,0.9975939393043518
TEST_20913,0.0011795812752097845,0.9986903071403503
TEST_20914,0.09263750165700912,0.865602433681488
TEST_20915,0.0007371598039753735,0.9999110698699951
TEST_20916,0.5756615996360779,0.9785435795783997
TEST_20917,0.022544007748365402,0.9263957738876343
TEST_20918,0.10960382968187332,0.9630829095840454
TEST_20919,0.0006314200581982732,0.9827606678009033
TEST_20920,0.04758705198764801,0.9934000968933105
TEST_20921,0.002948656678199768,0.9446799755096436
TEST_20922,0.14064361155033112,0.6627560257911682
TEST_20923,0.00497044064104557,0.8221427202224731
TEST_20924,0.0032744479831308126,0.9997972846031189
TEST_20925,0.0015108673833310604,0.9998220801353455
TEST_20926,0.05637997016310692,0.8873279094696045
TEST_20927,0.9513108730316162,0.18038789927959442
TEST_20928,0.007992503233253956,0.9987719655036926
TEST_20929,0.022592797875404358,0.998097836971283
TEST_20930,0.0014712996780872345,0.9699354767799377
TEST_20931,0.0264287032186985,0.9530354142189026
TEST_20932,0.00993645191192627,0.9170712232589722
TEST_20933,0.0011426318669691682,1.0
TEST_20934,0.0845603197813034,0.9889516234397888
TEST_20935,0.0019461390329524875,0.9785721302032471
TEST_20936,0.06874828040599823,0.9696121215820312
TEST_20937,0.02736404910683632,0.98440021276474
TEST_20938,0.07478475570678711,0.9867988228797913
TEST_20939,0.0012410819763317704,0.9982523322105408
TEST_20940,0.015489156357944012,0.98466956615448
TEST_20941,0.0005411064485087991,0.9915167093276978
TEST_20942,0.33124223351478577,0.9062775373458862
TEST_20943,0.02158372849225998,0.9847559332847595
TEST_20944,0.7673801183700562,0.3414347767829895
TEST_20945,0.004594441503286362,0.9692256450653076
TEST_20946,0.05014139041304588,0.8591594696044922
TEST_20947,0.006506223697215319,0.9771690964698792
TEST_20948,0.020747119560837746,0.9836740493774414
TEST_20949,0.0023714976850897074,0.9999804496765137
TEST_20950,0.02043319121003151,0.9998737573623657
TEST_20951,0.03627525269985199,0.9840725064277649
TEST_20952,0.24242091178894043,0.9999262094497681
TEST_20953,0.06804510951042175,0.9715330600738525
TEST_20954,0.02177770808339119,0.9989131689071655
TEST_20955,0.1276412159204483,0.9658613204956055
TEST_20956,0.09238731861114502,0.8412510752677917
TEST_20957,0.09902769327163696,0.9972639083862305
TEST_20958,0.0003768158203456551,0.9977396726608276
TEST_20959,0.9229369163513184,0.6121740341186523
TEST_20960,0.08438673615455627,0.9011992812156677
TEST_20961,0.016965258866548538,0.9051296710968018
TEST_20962,0.01734006591141224,0.9801937341690063
TEST_20963,0.03765629976987839,0.8843560814857483
TEST_20964,0.0053725834004580975,0.9689287543296814
TEST_20965,0.03005615435540676,0.9988362193107605
TEST_20966,0.02113310992717743,0.9699459671974182
TEST_20967,0.8408645987510681,0.8893632888793945
TEST_20968,0.00437189219519496,0.9945281147956848
TEST_20969,0.017232106998562813,0.7752253413200378
TEST_20970,0.006283923517912626,0.7807483673095703
TEST_20971,0.0016942345537245274,0.9424722194671631
TEST_20972,0.014158789068460464,0.7214255928993225
TEST_20973,0.015479037538170815,0.9699095487594604
TEST_20974,0.04524428769946098,0.9854658842086792
TEST_20975,0.04630667716264725,0.8739451766014099
TEST_20976,0.001018199254758656,0.9970827698707581
TEST_20977,0.028755538165569305,0.9990214109420776
TEST_20978,0.014980773441493511,0.9102891683578491
TEST_20979,0.01444203406572342,0.9923542737960815
TEST_20980,0.0024756581988185644,0.987893283367157
TEST_20981,0.7458567023277283,0.8001821041107178
TEST_20982,0.2095738798379898,0.0929085910320282
TEST_20983,0.2765231132507324,0.9845725297927856
TEST_20984,0.016631878912448883,0.9921762347221375
TEST_20985,0.0015152834821492434,0.9866059422492981
TEST_20986,0.01978665217757225,0.9073511958122253
TEST_20987,0.013031885959208012,0.9011055827140808
TEST_20988,0.0583406500518322,0.9910004734992981
TEST_20989,0.33690547943115234,0.7187690138816833
TEST_20990,0.010963882319629192,0.9600821137428284
TEST_20991,0.031978003680706024,0.9869915246963501
TEST_20992,0.03053208254277706,0.9985528588294983
TEST_20993,0.03429442271590233,0.9228178262710571
TEST_20994,0.022931311279535294,0.5818288326263428
TEST_20995,0.05781343951821327,0.9902432560920715
TEST_20996,0.10944844782352448,0.9985710382461548
TEST_20997,0.003919823095202446,0.9677151441574097
TEST_20998,0.004865184426307678,0.9791922569274902
TEST_20999,0.8839795589447021,0.006982907187193632
TEST_21000,0.012334666214883327,0.9827101230621338
TEST_21001,0.02932271920144558,0.886390745639801
TEST_21002,0.052849024534225464,0.9590511918067932
TEST_21003,0.15899227559566498,0.39241042733192444
TEST_21004,0.8996008634567261,0.9083199501037598
TEST_21005,0.04575014114379883,0.9581772685050964
TEST_21006,0.0005579606513492763,0.994681179523468
TEST_21007,0.0056614624336361885,0.9208835363388062
TEST_21008,0.014269834384322166,0.9985309839248657
TEST_21009,0.04056048393249512,0.9444380402565002
TEST_21010,0.0024992264807224274,0.9997991919517517
TEST_21011,0.039609797298908234,0.7974583506584167
TEST_21012,0.9992413520812988,0.0011508524185046554
TEST_21013,0.0022398512810468674,0.9701252579689026
TEST_21014,0.0038596545346081257,0.9969659447669983
TEST_21015,0.010959715582430363,0.9572312235832214
TEST_21016,0.013604349456727505,0.998363196849823
TEST_21017,0.43128761649131775,0.9419039487838745
TEST_21018,0.997947633266449,0.0031831313390284777
TEST_21019,0.17204202711582184,0.8881380558013916
TEST_21020,0.0020621095318347216,0.9977208971977234
TEST_21021,0.004619244020432234,0.8963942527770996
TEST_21022,0.0013032250571995974,0.9324753284454346
TEST_21023,0.0007227543392218649,0.9993830919265747
TEST_21024,0.009094873443245888,0.882445216178894
TEST_21025,0.0006460176082327962,0.9996647834777832
TEST_21026,0.0034949106629937887,0.858683705329895
TEST_21027,0.4657883048057556,0.9918628931045532
TEST_21028,0.021127039566636086,0.9907113909721375
TEST_21029,0.04832044616341591,0.9184030294418335
TEST_21030,0.003223692998290062,0.985744059085846
TEST_21031,0.704994261264801,0.20562605559825897
TEST_21032,0.3056598901748657,0.7556474804878235
TEST_21033,0.27966198325157166,0.9743802547454834
TEST_21034,0.001091990270651877,0.9994381070137024
TEST_21035,0.06453269720077515,0.8956055641174316
TEST_21036,0.016641926020383835,0.9802694916725159
TEST_21037,0.020877676084637642,0.9464889168739319
TEST_21038,0.008772235363721848,0.9931584000587463
TEST_21039,0.02153877541422844,0.9758507013320923
TEST_21040,0.0011317729949951172,0.998444139957428
TEST_21041,0.1134815514087677,0.8704890608787537
TEST_21042,0.0073988595977425575,0.9988497495651245
TEST_21043,0.004548986442387104,0.9743654131889343
TEST_21044,0.17298159003257751,0.98667311668396
TEST_21045,0.984807014465332,0.07228964567184448
TEST_21046,0.011556323617696762,0.9883816838264465
TEST_21047,0.06021485850214958,0.9943646192550659
TEST_21048,0.008502370677888393,0.993162989616394
TEST_21049,0.9998600482940674,0.7467024326324463
TEST_21050,0.006850560661405325,0.8362698554992676
TEST_21051,0.018129372969269753,0.06868577748537064
TEST_21052,0.9412932991981506,0.9192392826080322
TEST_21053,0.010637465864419937,0.9916365742683411
TEST_21054,0.003995770122855902,0.9964002370834351
TEST_21055,0.0069857011549174786,0.963096022605896
TEST_21056,0.006140521727502346,0.9982439279556274
TEST_21057,0.0017890281742438674,0.9980496168136597
TEST_21058,0.450646311044693,0.6095477342605591
TEST_21059,0.5055915117263794,0.8731127381324768
TEST_21060,0.012168478220701218,0.9962399005889893
TEST_21061,0.2953026592731476,0.8659495115280151
TEST_21062,0.0844460278749466,0.9604673981666565
TEST_21063,0.4173635244369507,0.9685570001602173
TEST_21064,0.03200763091444969,0.9035356044769287
TEST_21065,0.19778865575790405,0.9684786796569824
TEST_21066,0.026875372976064682,0.9448381066322327
TEST_21067,0.3480794131755829,0.9562029838562012
TEST_21068,0.9241626858711243,0.006959391757845879
TEST_21069,0.009572410024702549,0.9930740594863892
TEST_21070,0.015447364188730717,0.9934925436973572
TEST_21071,0.055604882538318634,0.9846971035003662
TEST_21072,7.444051561833476e-07,0.999996542930603
TEST_21073,0.018857067450881004,0.9348166584968567
TEST_21074,0.006084773689508438,0.9972250461578369
TEST_21075,0.027402708306908607,0.8933351039886475
TEST_21076,0.07316110283136368,0.9119484424591064
TEST_21077,0.03122847154736519,0.9926940202713013
TEST_21078,0.0014072693884372711,0.9986312985420227
TEST_21079,0.0015403683064505458,0.9956560134887695
TEST_21080,0.9879524111747742,0.3795830011367798
TEST_21081,0.010797481052577496,0.9995766282081604
TEST_21082,0.0008634378900751472,0.9999297857284546
TEST_21083,0.03471112623810768,0.9404920935630798
TEST_21084,0.001309675513766706,0.9991577863693237
TEST_21085,0.029595699161291122,0.9232053756713867
TEST_21086,0.027309289202094078,0.9066530466079712
TEST_21087,0.05841763690114021,0.8618658185005188
TEST_21088,0.001153988647274673,0.9989132881164551
TEST_21089,0.002656864933669567,0.9894277453422546
TEST_21090,0.004123551305383444,0.9980913996696472
TEST_21091,0.02665763907134533,0.9299364686012268
TEST_21092,0.01183357834815979,0.9982688426971436
TEST_21093,0.02418224699795246,0.9492321014404297
TEST_21094,0.02778518758714199,0.9917967319488525
TEST_21095,0.023344464600086212,0.9960554838180542
TEST_21096,0.036022815853357315,0.957207441329956
TEST_21097,0.02598043531179428,0.9753618240356445
TEST_21098,0.2014080286026001,0.9808221459388733
TEST_21099,0.030741937458515167,0.9034364223480225
TEST_21100,0.0493888296186924,0.9287687540054321
TEST_21101,0.024689260870218277,0.9843270182609558
TEST_21102,0.0023574726656079292,0.9976845979690552
TEST_21103,0.018848735839128494,0.214986190199852
TEST_21104,0.006115997675806284,0.9715636968612671
TEST_21105,0.0012933050747960806,0.998516857624054
TEST_21106,0.14069050550460815,0.9442815184593201
TEST_21107,0.008151593618094921,0.99657142162323
TEST_21108,0.986276388168335,0.8611173033714294
TEST_21109,0.026282988488674164,0.163575679063797
TEST_21110,0.008173827081918716,0.996711015701294
TEST_21111,0.001292523229494691,0.9984246492385864
TEST_21112,0.5481053590774536,0.8083948493003845
TEST_21113,0.08425500243902206,0.8453877568244934
TEST_21114,0.07176730781793594,0.8614330291748047
TEST_21115,0.9970493316650391,0.47317904233932495
TEST_21116,0.0006203995435498655,0.9973546266555786
TEST_21117,0.008196933194994926,0.9860374331474304
TEST_21118,0.7467532753944397,0.25389784574508667
TEST_21119,0.022844983264803886,0.9973723888397217
TEST_21120,0.999524712562561,0.5201088786125183
TEST_21121,0.008072278462350368,0.985418438911438
TEST_21122,0.017452040687203407,0.9969437718391418
TEST_21123,0.00198378530330956,0.9938974976539612
TEST_21124,0.00024192355340346694,0.9999254941940308
TEST_21125,0.0009822339052334428,0.9990056157112122
TEST_21126,0.030615855008363724,0.9575831294059753
TEST_21127,0.004956647288054228,0.997707724571228
TEST_21128,0.9969087243080139,0.014280525036156178
TEST_21129,0.0007648632163181901,0.9999959468841553
TEST_21130,0.03868432343006134,0.998275637626648
TEST_21131,0.0017403862439095974,0.9960203766822815
TEST_21132,0.013637624680995941,0.9951586127281189
TEST_21133,0.0008264075731858611,0.9995793700218201
TEST_21134,0.025343170389533043,0.8769574165344238
TEST_21135,0.011247259564697742,0.8731057643890381
TEST_21136,0.024144113063812256,0.9856529235839844
TEST_21137,0.0013458117609843612,0.9999912977218628
TEST_21138,0.024906637147068977,0.9990320205688477
TEST_21139,0.064272440969944,0.20891551673412323
TEST_21140,0.07384089380502701,0.8286135792732239
TEST_21141,0.009521805681288242,0.9934507608413696
TEST_21142,0.004482986871153116,0.9944612979888916
TEST_21143,0.9999052286148071,1.9246375813963823e-05
TEST_21144,0.003012158442288637,0.9976907968521118
TEST_21145,0.9971805810928345,0.0005485780420713127
TEST_21146,0.022877557203173637,0.9985589385032654
TEST_21147,0.0029403441585600376,0.9963930249214172
TEST_21148,0.0004927397822029889,0.9996379613876343
TEST_21149,0.004197190515697002,0.9986802935600281
TEST_21150,0.8956592082977295,0.9699352383613586
TEST_21151,0.7438631653785706,0.8692342638969421
TEST_21152,0.055989108979701996,0.9925966262817383
TEST_21153,0.7952118515968323,0.8862189054489136
TEST_21154,0.000738013070076704,0.9984108209609985
TEST_21155,9.620887431083247e-05,0.9992577433586121
TEST_21156,0.003713295329362154,0.9263346791267395
TEST_21157,0.013715945184230804,0.9994263648986816
TEST_21158,0.012930097989737988,0.9977789521217346
TEST_21159,0.0013644002610817552,0.9966115355491638
TEST_21160,0.03354266658425331,0.7357614636421204
TEST_21161,0.0014448981964960694,0.996536135673523
TEST_21162,0.0017417744966223836,0.9216324090957642
TEST_21163,0.009913955815136433,0.9983254075050354
TEST_21164,0.009722776710987091,0.9943130016326904
TEST_21165,0.0013229158939793706,0.9998935461044312
TEST_21166,0.010130999609827995,0.9883339405059814
TEST_21167,0.003744778223335743,0.9979336261749268
TEST_21168,0.36838477849960327,0.7842274904251099
TEST_21169,0.0007226772140711546,0.9848670363426208
TEST_21170,0.0362713560461998,0.9316611289978027
TEST_21171,0.021791988983750343,0.9954891800880432
TEST_21172,0.06833401322364807,0.9586535692214966
TEST_21173,0.0178013127297163,0.9945629239082336
TEST_21174,0.0005060526309534907,0.9999972581863403
TEST_21175,0.027369894087314606,0.9215418100357056
TEST_21176,0.12378670275211334,0.8389285206794739
TEST_21177,0.019912635907530785,0.9873132109642029
TEST_21178,0.022880584001541138,0.9992470741271973
TEST_21179,0.0022310640197247267,0.9856147766113281
TEST_21180,0.0032979645766317844,0.979272723197937
TEST_21181,0.04661685228347778,0.9746783375740051
TEST_21182,0.011736816726624966,0.9281753301620483
TEST_21183,0.012910254299640656,0.9747347235679626
TEST_21184,0.045440834015607834,0.9930803179740906
TEST_21185,0.05649301037192345,0.9338281154632568
TEST_21186,0.016332074999809265,0.9663828611373901
TEST_21187,0.035379115492105484,0.9980818033218384
TEST_21188,0.05481274798512459,0.9484859704971313
TEST_21189,0.02849435992538929,0.9065878987312317
TEST_21190,0.047139137983322144,0.7678261399269104
TEST_21191,0.011591077782213688,0.9946994781494141
TEST_21192,0.023421330377459526,0.9868403673171997
TEST_21193,0.0016539704520255327,0.9950423240661621
TEST_21194,0.021072905510663986,0.9011231660842896
TEST_21195,0.011703869327902794,0.9889591932296753
TEST_21196,0.04527663439512253,0.9910869002342224
TEST_21197,0.004335158038884401,0.9996100068092346
TEST_21198,0.004301452077925205,0.9955081939697266
TEST_21199,0.005711905192583799,0.9956586360931396
TEST_21200,0.12851139903068542,0.9827069640159607
TEST_21201,0.21326172351837158,0.8004029393196106
TEST_21202,0.00522271916270256,0.996387243270874
TEST_21203,0.9885911345481873,0.021183744072914124
TEST_21204,0.02593301609158516,0.8931109309196472
TEST_21205,0.02697240188717842,0.9622536897659302
TEST_21206,0.0013151993043720722,0.9991337656974792
TEST_21207,0.018966281786561012,0.9869263172149658
TEST_21208,0.0027604156639426947,0.9989393353462219
TEST_21209,0.022382037714123726,0.9884322285652161
TEST_21210,0.0013608671724796295,0.99957674741745
TEST_21211,0.003368483390659094,0.9894779324531555
TEST_21212,0.6790519952774048,0.9052941799163818
TEST_21213,0.01380056794732809,0.9903873801231384
TEST_21214,0.0036819831002503633,0.9954368472099304
TEST_21215,0.0029922339599579573,0.9986311793327332
TEST_21216,0.016317225992679596,0.9728341698646545
TEST_21217,0.06356286257505417,0.9046002626419067
TEST_21218,0.014099779538810253,0.9381945729255676
TEST_21219,0.00838484801352024,0.995797872543335
TEST_21220,0.0006337587255984545,0.9966874718666077
TEST_21221,0.0011238957522436976,0.9985247254371643
TEST_21222,0.06613277643918991,0.8619312644004822
TEST_21223,0.006095210090279579,0.9529466032981873
TEST_21224,0.0954882875084877,0.9000716209411621
TEST_21225,0.0008671440300531685,0.9956256151199341
TEST_21226,0.0011368222767487168,0.9950662851333618
TEST_21227,0.013704943470656872,0.9991565942764282
TEST_21228,0.042582571506500244,0.9037949442863464
TEST_21229,0.0005369888967834413,0.9990363121032715
TEST_21230,0.0033050726633518934,0.993861198425293
TEST_21231,0.002736080437898636,0.9849516749382019
TEST_21232,0.0008271206170320511,0.9973894953727722
TEST_21233,0.009113632142543793,0.9561805129051208
TEST_21234,0.005872040521353483,0.9851577281951904
TEST_21235,0.11927054077386856,0.9639059901237488
TEST_21236,0.0012045077746734023,0.9984911680221558
TEST_21237,0.03686637058854103,0.9014781713485718
TEST_21238,0.025489075109362602,0.8840023875236511
TEST_21239,0.0055929189547896385,0.9522539377212524
TEST_21240,5.6193537602666765e-05,0.9998689889907837
TEST_21241,0.03501490131020546,0.9095789194107056
TEST_21242,0.005979658104479313,0.9964838027954102
TEST_21243,0.8628339767456055,0.6085517406463623
TEST_21244,0.3240736424922943,0.8460817933082581
TEST_21245,0.012283732183277607,0.7303723096847534
TEST_21246,0.010875687934458256,0.8759730458259583
TEST_21247,0.0026455160696059465,0.9904864430427551
TEST_21248,0.0032543097622692585,0.9848057627677917
TEST_21249,0.03306502476334572,0.9994041919708252
TEST_21250,0.004643382038921118,0.9718851447105408
TEST_21251,0.0007141648093238473,0.9797931909561157
TEST_21252,0.0490322969853878,0.9424886703491211
TEST_21253,0.002235911786556244,0.9906188249588013
TEST_21254,0.0321529284119606,0.9596242308616638
TEST_21255,0.032306477427482605,0.9764086604118347
TEST_21256,0.009467541240155697,0.978884220123291
TEST_21257,0.07757361233234406,0.9338344931602478
TEST_21258,0.004832548089325428,0.9960073828697205
TEST_21259,0.20791275799274445,0.8950983285903931
TEST_21260,0.0013720778515562415,0.9961612224578857
TEST_21261,0.008662736043334007,0.993517279624939
TEST_21262,0.004221649374812841,0.9980693459510803
TEST_21263,0.010233469307422638,0.9847348928451538
TEST_21264,0.03206111490726471,0.9278876185417175
TEST_21265,0.004151510074734688,0.9991864562034607
TEST_21266,0.0005964985466562212,0.9999368190765381
TEST_21267,0.1524377018213272,0.4635574519634247
TEST_21268,0.9899439811706543,0.0006453957757912576
TEST_21269,0.025002088397741318,0.06797308474779129
TEST_21270,0.8875017762184143,0.8700429797172546
TEST_21271,0.0013824142515659332,0.9975905418395996
TEST_21272,0.00020345395023468882,0.9998912811279297
TEST_21273,0.029985057190060616,0.9566042423248291
TEST_21274,0.006729749031364918,0.9955059289932251
TEST_21275,0.13976627588272095,0.8675611019134521
TEST_21276,0.03211594000458717,0.783985435962677
TEST_21277,0.8361508250236511,0.040589138865470886
TEST_21278,0.14312966167926788,0.9731354117393494
TEST_21279,0.00505940243601799,0.9593487977981567
TEST_21280,0.16924060881137848,0.8321003317832947
TEST_21281,0.00011995825479971245,0.9992734789848328
TEST_21282,0.00423923134803772,0.9825360774993896
TEST_21283,0.003953257109969854,0.999671459197998
TEST_21284,0.0018233784940093756,0.996152937412262
TEST_21285,0.022928457707166672,0.9941099286079407
TEST_21286,0.04191773012280464,0.9910157918930054
TEST_21287,0.18724925816059113,0.8381018042564392
TEST_21288,0.00421694153919816,0.9945642948150635
TEST_21289,0.00023613670782651752,0.9999376535415649
TEST_21290,0.03247341886162758,0.9988308548927307
TEST_21291,0.01194300502538681,0.933918297290802
TEST_21292,0.2952464520931244,0.9944425225257874
TEST_21293,0.05579376593232155,0.8926712274551392
TEST_21294,1.3069348824501503e-05,0.9998947381973267
TEST_21295,0.047322794795036316,0.9012458324432373
TEST_21296,0.01968332566320896,0.9800999760627747
TEST_21297,0.2099737972021103,0.8555594086647034
TEST_21298,0.0046707564033567905,0.9232458472251892
TEST_21299,0.03349265828728676,0.987514853477478
TEST_21300,0.02625013142824173,0.9933950304985046
TEST_21301,0.008812741376459599,0.9983402490615845
TEST_21302,0.973828911781311,0.005562487058341503
TEST_21303,0.10409938544034958,0.8522585034370422
TEST_21304,0.004816248081624508,0.9883451461791992
TEST_21305,0.0035268133506178856,0.9995096921920776
TEST_21306,0.7234753370285034,0.9920852780342102
TEST_21307,0.9831497073173523,0.8550005555152893
TEST_21308,0.09315036982297897,0.8693353533744812
TEST_21309,0.030250657349824905,0.9184619784355164
TEST_21310,0.01168203167617321,0.9916287660598755
TEST_21311,0.06003372743725777,0.9719253778457642
TEST_21312,0.008398824371397495,0.9808304309844971
TEST_21313,0.018026411533355713,0.8573293685913086
TEST_21314,0.9919093251228333,0.057323575019836426
TEST_21315,0.021912017837166786,0.9962968230247498
TEST_21316,0.5349962115287781,0.9935197234153748
TEST_21317,0.019927451387047768,0.9446505308151245
TEST_21318,0.007683686446398497,0.991064190864563
TEST_21319,0.013519532047212124,0.9804775714874268
TEST_21320,0.054983630776405334,0.9997164607048035
TEST_21321,0.0021721087396144867,0.9985589385032654
TEST_21322,0.0059211342595517635,0.9821308255195618
TEST_21323,0.000877770537044853,0.9966593980789185
TEST_21324,0.05544312670826912,0.9488410353660583
TEST_21325,0.07345805317163467,0.9826681017875671
TEST_21326,0.009022414684295654,0.9918186664581299
TEST_21327,0.0928584486246109,0.9965823292732239
TEST_21328,0.40798574686050415,0.9766727685928345
TEST_21329,0.013446074910461903,0.6915451884269714
TEST_21330,0.2796104848384857,0.9794130325317383
TEST_21331,0.004329172428697348,0.9749435186386108
TEST_21332,0.0017349213594570756,0.9991866946220398
TEST_21333,0.012829774059355259,0.9777222871780396
TEST_21334,0.4352780878543854,0.26638877391815186
TEST_21335,0.00966707430779934,0.9910777807235718
TEST_21336,0.008651376701891422,0.9892444610595703
TEST_21337,0.2436138540506363,0.9729712605476379
TEST_21338,0.0033537864219397306,0.9970834851264954
TEST_21339,0.007532315328717232,0.9930921792984009
TEST_21340,0.00041623253491707146,0.9987708926200867
TEST_21341,0.024847550317645073,0.9832282066345215
TEST_21342,0.5836185812950134,0.9712982773780823
TEST_21343,0.0696074590086937,0.9573149085044861
TEST_21344,0.01567462831735611,0.9991658926010132
TEST_21345,0.09365570545196533,0.9364941716194153
TEST_21346,0.005650759674608707,0.9678295850753784
TEST_21347,0.0007775712292641401,0.9851899743080139
TEST_21348,0.10477561503648758,0.9593066573143005
TEST_21349,0.01293268334120512,0.9973543882369995
TEST_21350,0.052508339285850525,0.9813267588615417
TEST_21351,0.008344285190105438,0.9986947178840637
TEST_21352,0.02048460766673088,0.9943506121635437
TEST_21353,0.029725609347224236,0.9315304756164551
TEST_21354,0.02097277157008648,0.9311619400978088
TEST_21355,0.029771897941827774,0.9838369488716125
TEST_21356,0.0017667758511379361,0.9953199028968811
TEST_21357,0.04481060057878494,0.9149057269096375
TEST_21358,0.015489990822970867,0.9984377026557922
TEST_21359,0.010920293629169464,0.9976558685302734
TEST_21360,0.0004863603680860251,0.9996225833892822
TEST_21361,0.040701236575841904,0.9954646229743958
TEST_21362,0.15411561727523804,0.9473466873168945
TEST_21363,0.08199936896562576,0.9485293626785278
TEST_21364,0.001271092682145536,0.9980231523513794
TEST_21365,0.17295753955841064,0.7478973269462585
TEST_21366,0.009873303584754467,0.999541163444519
TEST_21367,0.34445488452911377,0.9926953315734863
TEST_21368,0.034363847225904465,0.9615273475646973
TEST_21369,0.11335018277168274,0.9170185923576355
TEST_21370,0.008842836134135723,0.9958932399749756
TEST_21371,0.18074505031108856,0.8904110789299011
TEST_21372,0.47563493251800537,0.3261946439743042
TEST_21373,0.025534428656101227,0.9913381338119507
TEST_21374,0.06708264350891113,0.8934110403060913
TEST_21375,0.6710025072097778,0.9960891008377075
TEST_21376,0.0011551044881343842,0.9997825026512146
TEST_21377,0.044603023678064346,0.993133544921875
TEST_21378,0.01721174456179142,0.9929071664810181
TEST_21379,7.894018926890567e-05,0.9984801411628723
TEST_21380,0.00557283591479063,0.9831362366676331
TEST_21381,0.19367246329784393,0.7711473703384399
TEST_21382,0.0008092591306194663,0.9992256164550781
TEST_21383,0.3577517569065094,0.5867375135421753
TEST_21384,0.0009533287957310677,0.9997434020042419
TEST_21385,0.01281687617301941,0.991986870765686
TEST_21386,0.02858211100101471,0.9955272078514099
TEST_21387,0.07666411995887756,0.9380909204483032
TEST_21388,0.00556844100356102,0.9940248131752014
TEST_21389,0.05154750868678093,0.9671568870544434
TEST_21390,0.012103058397769928,0.9843527674674988
TEST_21391,0.032309390604496,0.9979119896888733
TEST_21392,0.19605515897274017,0.874261736869812
TEST_21393,0.003101297654211521,0.9694501757621765
TEST_21394,0.07210312783718109,0.9933685660362244
TEST_21395,0.001901643117889762,0.9976974129676819
TEST_21396,0.014363805763423443,0.9407649040222168
TEST_21397,0.0007364440243691206,0.9988783001899719
TEST_21398,0.006791132036596537,0.9953709244728088
TEST_21399,0.03133350983262062,0.974118173122406
TEST_21400,0.09601230174303055,0.7572643756866455
TEST_21401,0.014016160741448402,0.9985122084617615
TEST_21402,0.03410179540514946,0.9308764338493347
TEST_21403,0.9011939764022827,0.8317434787750244
TEST_21404,0.0016776169650256634,0.9987176656723022
TEST_21405,0.013533874414861202,0.9960624575614929
TEST_21406,0.0016947111580520868,0.9962232112884521
TEST_21407,0.03159360587596893,0.9938023090362549
TEST_21408,0.02799280546605587,0.9779595136642456
TEST_21409,0.004801287315785885,0.9961563944816589
TEST_21410,0.15932223200798035,0.8367598056793213
TEST_21411,0.028366612270474434,0.9638731479644775
TEST_21412,0.009585226885974407,0.9986107349395752
TEST_21413,0.0005478222155943513,0.9988080263137817
TEST_21414,0.08848925679922104,0.8553717136383057
TEST_21415,0.003160858992487192,0.9997687935829163
TEST_21416,0.0016234415816143155,0.9999527931213379
TEST_21417,0.004098233766853809,0.9812732934951782
TEST_21418,0.0019114763708785176,0.9865310788154602
TEST_21419,0.013635469600558281,0.9951127171516418
TEST_21420,0.02644876204431057,0.9873314499855042
TEST_21421,0.002030271105468273,0.9895944595336914
TEST_21422,0.9498372077941895,0.015393819659948349
TEST_21423,0.0006203324301168323,0.9870997071266174
TEST_21424,0.0019283408764749765,0.9964996576309204
TEST_21425,0.15147535502910614,0.9966390132904053
TEST_21426,0.21018347144126892,0.8189706206321716
TEST_21427,0.002218249486759305,0.9889360070228577
TEST_21428,0.3018934726715088,0.9701749682426453
TEST_21429,0.031022360548377037,0.8124637007713318
TEST_21430,0.0033889487385749817,0.9933755993843079
TEST_21431,0.9135642051696777,0.8403744697570801
TEST_21432,0.00818267185240984,0.9911407828330994
TEST_21433,0.007294589653611183,0.9807407259941101
TEST_21434,0.023217882961034775,0.9768765568733215
TEST_21435,0.00384538690559566,0.9992876648902893
TEST_21436,0.04487219825387001,0.9759634733200073
TEST_21437,0.012156586162745953,0.9805594682693481
TEST_21438,0.02989014983177185,0.9955951571464539
TEST_21439,0.004276270978152752,0.9989060163497925
TEST_21440,0.002349287737160921,0.9986656904220581
TEST_21441,0.020203949883580208,0.6736520528793335
TEST_21442,0.07829394191503525,0.9635676741600037
TEST_21443,0.006609614007174969,0.9915357828140259
TEST_21444,0.0013311399379745126,0.9881832003593445
TEST_21445,0.8846527338027954,0.9835294485092163
TEST_21446,0.008447791449725628,0.9616020917892456
TEST_21447,0.0034325371962040663,0.9921476244926453
TEST_21448,0.008914744481444359,0.9999995231628418
TEST_21449,0.032903313636779785,0.9711204171180725
TEST_21450,0.12591075897216797,0.7467089295387268
TEST_21451,0.010890446603298187,0.9803892970085144
TEST_21452,0.01085427775979042,0.9571415781974792
TEST_21453,0.2667054235935211,0.8688984513282776
TEST_21454,0.21148522198200226,0.9457661509513855
TEST_21455,0.9760085344314575,0.7889022827148438
TEST_21456,0.05707564949989319,0.1484806388616562
TEST_21457,0.01715765707194805,0.9928314685821533
TEST_21458,0.015699507668614388,0.9975998997688293
TEST_21459,0.0036572199314832687,0.9984904527664185
TEST_21460,0.0006601642817258835,0.9988862872123718
TEST_21461,0.012102887965738773,0.9359468221664429
TEST_21462,0.21484707295894623,0.9906408190727234
TEST_21463,0.2537167966365814,0.9365274906158447
TEST_21464,0.0014069778844714165,0.9953664541244507
TEST_21465,0.19780607521533966,0.2680976390838623
TEST_21466,0.008408654481172562,0.9697693586349487
TEST_21467,0.8184641003608704,0.06919930875301361
TEST_21468,0.070718914270401,0.6651113629341125
TEST_21469,0.021133070811629295,0.9719560742378235
TEST_21470,0.016113394871354103,0.9999966621398926
TEST_21471,0.004502906929701567,0.9999704360961914
TEST_21472,0.020903965458273888,0.9848726987838745
TEST_21473,0.01954590529203415,0.9322696328163147
TEST_21474,0.02097969502210617,0.93639075756073
TEST_21475,0.00012011414946755394,0.9963648915290833
TEST_21476,0.0006753274938091636,0.9950944185256958
TEST_21477,0.0015112659893929958,0.9958341121673584
TEST_21478,0.001716168480925262,0.9920458793640137
TEST_21479,0.0018164883367717266,0.9859426617622375
TEST_21480,0.004691983573138714,0.9998413324356079
TEST_21481,0.3031841814517975,0.9203459024429321
TEST_21482,0.0072460779920220375,0.9950206279754639
TEST_21483,0.007871643640100956,0.9979321956634521
TEST_21484,0.011491004377603531,0.9926984906196594
TEST_21485,0.0018375060753896832,0.8616071343421936
TEST_21486,0.7310261130332947,0.16854538023471832
TEST_21487,0.07650628685951233,0.9235555529594421
TEST_21488,0.006438297685235739,0.9873278737068176
TEST_21489,0.024464702233672142,0.8329220414161682
TEST_21490,0.15305960178375244,0.9822210669517517
TEST_21491,0.23533423244953156,0.9356368184089661
TEST_21492,0.13162635266780853,0.8500354290008545
TEST_21493,0.037712980061769485,0.9646196365356445
TEST_21494,0.05939687415957451,0.8724491596221924
TEST_21495,0.9995952248573303,0.0025060484185814857
TEST_21496,0.0011073743226006627,0.9997774958610535
TEST_21497,0.014417771250009537,0.9769784808158875
TEST_21498,0.005909827537834644,0.9838342666625977
TEST_21499,0.0030846071895211935,0.9975625276565552
TEST_21500,0.001441127504222095,0.9972051978111267
TEST_21501,0.010935130529105663,0.9998292922973633
TEST_21502,0.23591743409633636,0.9945371747016907
TEST_21503,0.004339062143117189,0.7368406653404236
TEST_21504,0.010704614222049713,0.9419756531715393
TEST_21505,0.14232057332992554,0.9410086274147034
TEST_21506,0.01928008906543255,0.9764050245285034
TEST_21507,0.0027114732656627893,0.992394208908081
TEST_21508,0.019464882090687752,0.8956563472747803
TEST_21509,0.0775032788515091,0.8251970410346985
TEST_21510,0.04542597010731697,0.9704295992851257
TEST_21511,0.0020894440822303295,0.9925557971000671
TEST_21512,0.0011784632224589586,0.9946080446243286
TEST_21513,0.017603259533643723,0.982010543346405
TEST_21514,0.010100975632667542,0.6766549944877625
TEST_21515,0.0021740319207310677,0.9898596405982971
TEST_21516,0.028648005798459053,0.8804560899734497
TEST_21517,0.004734683316200972,0.9571807980537415
TEST_21518,0.9509554505348206,0.1442481279373169
TEST_21519,0.02944745309650898,0.9954583644866943
TEST_21520,0.014606998302042484,0.9842549562454224
TEST_21521,0.03248920664191246,0.9109825491905212
TEST_21522,0.008297760970890522,0.9883362650871277
TEST_21523,0.026197997853159904,0.8816472291946411
TEST_21524,0.001505433232523501,0.9834339618682861
TEST_21525,0.0612022802233696,0.8346867561340332
TEST_21526,0.0011418473441153765,0.9993821382522583
TEST_21527,0.0010847749654203653,0.9998859167098999
TEST_21528,0.0030742017552256584,0.9985761642456055
TEST_21529,0.0015773576451465487,0.9990721940994263
TEST_21530,0.024087999016046524,0.8378980755805969
TEST_21531,0.021645313128829002,0.989373505115509
TEST_21532,0.00011746680684154853,0.9994902610778809
TEST_21533,0.017746444791555405,0.9889077544212341
TEST_21534,0.006790308281779289,0.9861816167831421
TEST_21535,0.003523705992847681,0.9912987351417542
TEST_21536,0.9776707887649536,0.008358326740562916
TEST_21537,0.03811180964112282,0.8792301416397095
TEST_21538,0.02780049294233322,0.9778180122375488
TEST_21539,0.03555561229586601,0.9323136806488037
TEST_21540,0.01455287728458643,0.7278193235397339
TEST_21541,0.010259746573865414,0.9851755499839783
TEST_21542,0.009928765706717968,0.5600855350494385
TEST_21543,0.0005816646153107285,0.9922594428062439
TEST_21544,0.9997562766075134,0.01971147395670414
TEST_21545,0.2059725522994995,0.9072526097297668
TEST_21546,0.013185946270823479,0.9799227118492126
TEST_21547,0.0019847042858600616,0.9953222870826721
TEST_21548,0.01772576943039894,0.7620055079460144
TEST_21549,0.028324011713266373,0.9655959606170654
TEST_21550,0.027976317331194878,0.9977153539657593
TEST_21551,0.00846258644014597,0.99613356590271
TEST_21552,0.010971160605549812,0.9992678761482239
TEST_21553,0.00813464354723692,0.9722765684127808
TEST_21554,0.0062900809571146965,0.9902693033218384
TEST_21555,0.550966739654541,0.5140128135681152
TEST_21556,0.01460616197437048,0.9989938139915466
TEST_21557,0.5809274315834045,0.2851652204990387
TEST_21558,0.5054675340652466,0.8821569681167603
TEST_21559,0.0016978563508018851,0.9981034994125366
TEST_21560,0.005715201608836651,0.9983586668968201
TEST_21561,0.03189669921994209,0.9170011281967163
TEST_21562,0.9854828119277954,0.46792763471603394
TEST_21563,0.0029655047692358494,0.9967551827430725
TEST_21564,0.0820944607257843,0.9869780540466309
TEST_21565,0.5477501153945923,0.8796451687812805
TEST_21566,0.0090324142947793,0.9230083227157593
TEST_21567,0.0007826325600035489,0.9999428987503052
TEST_21568,0.004492321517318487,0.9996567964553833
TEST_21569,0.03831645846366882,0.9699217677116394
TEST_21570,0.9997687935829163,0.019813476130366325
TEST_21571,0.038171254098415375,0.8851140141487122
TEST_21572,0.0010635422077029943,0.9976612329483032
TEST_21573,0.0017832104349508882,0.9994912147521973
TEST_21574,0.040498264133930206,0.9882456064224243
TEST_21575,0.02488144114613533,0.9908612966537476
TEST_21576,0.13973519206047058,0.7645362615585327
TEST_21577,0.9823089241981506,0.0006176964961923659
TEST_21578,0.0034809557255357504,0.9708113670349121
TEST_21579,0.005027096718549728,0.9998087286949158
TEST_21580,0.013926069252192974,0.9935871362686157
TEST_21581,0.0023200467694550753,0.9999420642852783
TEST_21582,0.008617710322141647,0.9364184737205505
TEST_21583,0.0003971260448452085,0.9980119466781616
TEST_21584,0.014292449690401554,0.977196455001831
TEST_21585,0.0008946748566813767,0.9983192086219788
TEST_21586,0.015561426989734173,0.9941495656967163
TEST_21587,0.002188838552683592,0.9997641444206238
TEST_21588,0.030588272958993912,0.9643614292144775
TEST_21589,0.24022822082042694,0.5381820201873779
TEST_21590,0.00017998953990172595,0.9999675750732422
TEST_21591,0.10244159400463104,0.8939527869224548
TEST_21592,0.008832347579300404,0.945151150226593
TEST_21593,0.0006605992093682289,0.9143674373626709
TEST_21594,0.06751750409603119,0.8218932151794434
TEST_21595,0.017020128667354584,0.9758625030517578
TEST_21596,0.1015038937330246,0.8309478759765625
TEST_21597,0.0037951029371470213,0.9950478076934814
TEST_21598,0.9928715825080872,0.051412418484687805
TEST_21599,0.9854466915130615,0.33514291048049927
TEST_21600,0.003249530913308263,0.9999953508377075
TEST_21601,0.0039202249608933926,0.9479187726974487
TEST_21602,0.010085796006023884,0.986467719078064
TEST_21603,0.017161203548312187,0.9949004054069519
TEST_21604,0.006373443640768528,0.978459358215332
TEST_21605,0.005149160511791706,0.9946891069412231
TEST_21606,0.1962723433971405,0.7533001899719238
TEST_21607,0.5423769950866699,0.9482239484786987
TEST_21608,0.0032266562338918447,0.9933257102966309
TEST_21609,0.043057672679424286,0.9946964979171753
TEST_21610,0.01686018705368042,0.998273491859436
TEST_21611,0.2726772427558899,0.9442127346992493
TEST_21612,0.07837767899036407,0.876048743724823
TEST_21613,0.14683936536312103,0.7111150026321411
TEST_21614,0.0022104757372289896,0.9995564818382263
TEST_21615,0.060751233249902725,0.9851508736610413
TEST_21616,0.2646709680557251,0.9830090403556824
TEST_21617,0.01714698225259781,0.9962071180343628
TEST_21618,0.17000563442707062,0.6892727613449097
TEST_21619,0.05300144478678703,0.8794644474983215
TEST_21620,4.238397013978101e-05,0.9996974468231201
TEST_21621,0.10322611033916473,0.9948203563690186
TEST_21622,0.001075594569556415,0.9999599456787109
TEST_21623,0.00538945198059082,0.998448371887207
TEST_21624,0.030218785628676414,0.9581373929977417
TEST_21625,0.2314019799232483,0.7990702986717224
TEST_21626,0.008726208470761776,0.9991374015808105
TEST_21627,0.9176830053329468,0.9730490446090698
TEST_21628,0.18710413575172424,0.5049842000007629
TEST_21629,0.014899147674441338,0.9647985696792603
TEST_21630,0.9992080330848694,0.002144374419003725
TEST_21631,0.0004762590688187629,0.998777449131012
TEST_21632,0.005769489798694849,0.9970990419387817
TEST_21633,0.008703411556780338,0.5138102173805237
TEST_21634,0.0004642066196538508,0.9981365203857422
TEST_21635,0.9904911518096924,0.9347710013389587
TEST_21636,0.16285330057144165,0.8991919159889221
TEST_21637,0.9041073322296143,0.3654407560825348
TEST_21638,0.004698236007243395,0.998512327671051
TEST_21639,0.0006891802186146379,0.9999810457229614
TEST_21640,0.9997827410697937,0.1703202724456787
TEST_21641,0.00040919886669144034,0.9954534769058228
TEST_21642,0.005088710691779852,0.9679223895072937
TEST_21643,0.9766255617141724,0.859049379825592
TEST_21644,0.07974735647439957,0.9290616512298584
TEST_21645,0.004543892107903957,0.9979174733161926
TEST_21646,0.003594862762838602,0.9756295084953308
TEST_21647,0.09417182207107544,0.8479462265968323
TEST_21648,0.015633489936590195,0.9878694415092468
TEST_21649,0.006300250068306923,0.9936561584472656
TEST_21650,0.11561485379934311,0.9980413913726807
TEST_21651,0.025318851694464684,0.9956420660018921
TEST_21652,0.045690346509218216,0.8919769525527954
TEST_21653,0.06064057722687721,0.8137826323509216
TEST_21654,0.007978719659149647,0.987806499004364
TEST_21655,0.09840108454227448,0.89592444896698
TEST_21656,0.7986854314804077,0.633606493473053
TEST_21657,0.6811748147010803,0.9999697208404541
TEST_21658,0.03802746906876564,0.9711176156997681
TEST_21659,0.24578619003295898,0.7285555601119995
TEST_21660,0.9032339453697205,0.9846658706665039
TEST_21661,0.01942032389342785,0.9910187721252441
TEST_21662,0.9982201457023621,0.2481098473072052
TEST_21663,0.8793693780899048,0.07517023384571075
TEST_21664,0.003829874098300934,0.9978296160697937
TEST_21665,8.230550884036347e-05,0.9992300271987915
TEST_21666,0.05290786921977997,0.8877264261245728
TEST_21667,0.036817967891693115,0.9283256530761719
TEST_21668,0.0021677641198039055,0.9950921535491943
TEST_21669,0.034064777195453644,0.976455807685852
TEST_21670,0.007832245901226997,0.9983536005020142
TEST_21671,0.0037048126105219126,0.999883770942688
TEST_21672,0.015165266580879688,0.9942218661308289
TEST_21673,0.005164240952581167,0.9989216327667236
TEST_21674,0.5189037322998047,0.9328610897064209
TEST_21675,0.0027396073564887047,0.9986403584480286
TEST_21676,0.008054387755692005,0.995968222618103
TEST_21677,0.008484083227813244,0.9874124526977539
TEST_21678,0.7656354308128357,0.674427330493927
TEST_21679,0.004466905724257231,0.9983381032943726
TEST_21680,0.09708255529403687,0.9769055843353271
TEST_21681,0.058061305433511734,0.050524670630693436
TEST_21682,0.3958544433116913,0.5442779660224915
TEST_21683,0.03741057962179184,0.9329140186309814
TEST_21684,0.8950557112693787,0.9061160683631897
TEST_21685,0.020869668573141098,0.9612261652946472
TEST_21686,0.32748135924339294,0.4720178246498108
TEST_21687,0.4092003107070923,0.8967708349227905
TEST_21688,0.0369262732565403,0.917637825012207
TEST_21689,0.022319583222270012,0.9589692950248718
TEST_21690,0.07242879271507263,0.9925866723060608
TEST_21691,0.000529315962921828,0.999344527721405
TEST_21692,0.025273041799664497,0.9829379916191101
TEST_21693,0.3012431263923645,0.9680784344673157
TEST_21694,0.008833875879645348,0.9959110021591187
TEST_21695,0.11639842391014099,0.9841217994689941
TEST_21696,0.03328984975814819,0.9497265815734863
TEST_21697,0.05243547633290291,0.9882599115371704
TEST_21698,0.021215999498963356,0.9363598227500916
TEST_21699,0.7910288572311401,0.9919267892837524
TEST_21700,0.005206803325563669,0.9926073551177979
TEST_21701,0.10277308523654938,0.5931618809700012
TEST_21702,0.013921743258833885,0.9549217224121094
TEST_21703,0.03527690842747688,0.8972334861755371
TEST_21704,0.026094380766153336,0.9378523230552673
TEST_21705,0.001407758565619588,0.9985589385032654
TEST_21706,0.019409362226724625,0.9678822159767151
TEST_21707,0.04866855591535568,0.9923365712165833
TEST_21708,0.04944924637675285,0.89792400598526
TEST_21709,0.08281286805868149,0.9579323530197144
TEST_21710,0.00999040249735117,0.9995465874671936
TEST_21711,0.04453780874609947,0.8246569037437439
TEST_21712,0.0012728663859888911,0.9995554089546204
TEST_21713,0.0157915186136961,0.9336560964584351
TEST_21714,0.0012718836078420281,0.9936931133270264
TEST_21715,0.0023588738404214382,0.9994385838508606
TEST_21716,0.0007941951625980437,0.9993253946304321
TEST_21717,0.1650068759918213,0.9611471891403198
TEST_21718,0.9657688140869141,0.007079156581312418
TEST_21719,0.6925567388534546,0.46314918994903564
TEST_21720,0.02868824452161789,0.7104758024215698
TEST_21721,0.000517530192155391,0.9985846281051636
TEST_21722,0.9173974394798279,0.9381110668182373
TEST_21723,0.006054616998881102,0.9042457342147827
TEST_21724,0.15041348338127136,0.92839515209198
TEST_21725,0.00016542909725103527,0.9993724226951599
TEST_21726,0.05774066224694252,0.9586487412452698
TEST_21727,0.0011727382661774755,0.999821126461029
TEST_21728,0.053081125020980835,0.978340208530426
TEST_21729,0.0006176946335472167,0.9996674060821533
TEST_21730,0.00268191029317677,0.9423556923866272
TEST_21731,0.02168608456850052,0.9787417054176331
TEST_21732,0.5924192667007446,0.9858719706535339
TEST_21733,0.0024863097351044416,0.958163321018219
TEST_21734,0.004169725347310305,0.9945390820503235
TEST_21735,0.0021289729047566652,0.9982993006706238
TEST_21736,0.0625348910689354,0.9516744017601013
TEST_21737,0.024530092254281044,0.965056300163269
TEST_21738,0.21232183277606964,0.9789294600486755
TEST_21739,0.43126651644706726,0.6992900371551514
TEST_21740,0.02890200912952423,0.9349765777587891
TEST_21741,0.0004994015325792134,0.9525203704833984
TEST_21742,0.022831305861473083,0.9894563555717468
TEST_21743,0.1349019557237625,0.8819651007652283
TEST_21744,0.004301053937524557,0.9999880790710449
TEST_21745,0.013609263114631176,0.9937824606895447
TEST_21746,0.018751606345176697,0.9914885759353638
TEST_21747,0.09529463201761246,0.7168951630592346
TEST_21748,0.023638848215341568,0.9969447255134583
TEST_21749,0.041346218436956406,0.9800572395324707
TEST_21750,0.06258594989776611,0.994037389755249
TEST_21751,0.0025256024673581123,0.9943951368331909
TEST_21752,0.004997089505195618,0.9459353089332581
TEST_21753,0.005024645943194628,0.9469237327575684
TEST_21754,0.8935956954956055,0.036827296018600464
TEST_21755,0.03322991728782654,0.9259565472602844
TEST_21756,0.01084247324615717,0.9840971231460571
TEST_21757,0.020551154389977455,0.151489719748497
TEST_21758,0.0017265782225877047,0.9956771731376648
TEST_21759,0.017158420756459236,0.9808309674263
TEST_21760,0.0031878065783530474,0.9995027780532837
TEST_21761,0.1886502355337143,0.2690604031085968
TEST_21762,0.012438113801181316,0.9995092153549194
TEST_21763,0.006545714568346739,0.996505618095398
TEST_21764,0.9999529123306274,4.6519323859683936e-07
TEST_21765,0.008933334611356258,0.9425118565559387
TEST_21766,0.09956377744674683,0.8412746787071228
TEST_21767,0.3109011650085449,0.9717311263084412
TEST_21768,0.014883995056152344,0.9472958445549011
TEST_21769,0.038633134216070175,0.7685497403144836
TEST_21770,0.05823301151394844,0.891539454460144
TEST_21771,0.009729711338877678,0.902605414390564
TEST_21772,0.15517884492874146,0.9098109602928162
TEST_21773,0.024336285889148712,0.9640040397644043
TEST_21774,0.010448265820741653,0.9628710746765137
TEST_21775,0.034322209656238556,0.8263235688209534
TEST_21776,0.003164124209433794,0.9980441331863403
TEST_21777,0.23611335456371307,0.13330863416194916
TEST_21778,0.010830032639205456,0.9705702662467957
TEST_21779,0.030294230207800865,0.7718091011047363
TEST_21780,0.008498106151819229,0.9979123473167419
TEST_21781,0.0006128515233285725,0.9937250018119812
TEST_21782,0.04898457229137421,0.8932434320449829
TEST_21783,0.2846848666667938,0.9110783338546753
TEST_21784,0.004124599043279886,0.9929134249687195
TEST_21785,0.047612108290195465,0.9239007830619812
TEST_21786,0.013198771513998508,0.9889376163482666
TEST_21787,0.046513818204402924,0.9337539076805115
TEST_21788,0.39321598410606384,0.9941258430480957
TEST_21789,0.0015484397299587727,0.9981227517127991
TEST_21790,0.010641621425747871,0.9871019124984741
TEST_21791,0.008429090492427349,0.9140364527702332
TEST_21792,0.30145999789237976,0.3403504490852356
TEST_21793,0.030642280355095863,0.7944498658180237
TEST_21794,0.009707811288535595,0.976485013961792
TEST_21795,0.031106939539313316,0.9667994976043701
TEST_21796,0.5289736986160278,0.886796236038208
TEST_21797,0.015503298491239548,0.942661702632904
TEST_21798,0.002715897047892213,0.9783602952957153
TEST_21799,0.006934755481779575,0.9948541522026062
TEST_21800,0.033709097653627396,0.9541999101638794
TEST_21801,0.026660466566681862,0.2987125515937805
TEST_21802,0.0466558113694191,0.9602466225624084
TEST_21803,0.01605089008808136,0.9523911476135254
TEST_21804,0.001448818133212626,0.9983004927635193
TEST_21805,0.008636584505438805,0.9814467430114746
TEST_21806,0.004171375185251236,0.9971776008605957
TEST_21807,0.01293247751891613,0.7230377197265625
TEST_21808,0.00321694603189826,0.9578956365585327
TEST_21809,0.0007525201654061675,0.996696949005127
TEST_21810,0.01541486568748951,0.9993758797645569
TEST_21811,0.9162739515304565,0.9802855253219604
TEST_21812,0.2536486089229584,0.9756501913070679
TEST_21813,0.14144226908683777,0.895659327507019
TEST_21814,0.027449265122413635,0.9897671341896057
TEST_21815,0.5658273100852966,0.9293692708015442
TEST_21816,0.007000320591032505,0.975632905960083
TEST_21817,0.008084340952336788,0.9917689561843872
TEST_21818,0.08106992393732071,0.8708512783050537
TEST_21819,0.009998612105846405,0.956998348236084
TEST_21820,0.7803093791007996,0.5007340908050537
TEST_21821,0.005595862865447998,0.9701902270317078
TEST_21822,0.010965093038976192,0.9493165612220764
TEST_21823,0.0015864877495914698,0.9730643630027771
TEST_21824,0.03108542412519455,0.9975414276123047
TEST_21825,0.07522118091583252,0.9874918460845947
TEST_21826,0.002955326111987233,0.9993857145309448
TEST_21827,0.03768981620669365,0.9947376847267151
TEST_21828,0.00837605632841587,0.9854898452758789
TEST_21829,0.014410414732992649,0.9862749576568604
TEST_21830,0.7695115208625793,0.9107402563095093
TEST_21831,0.07651708275079727,0.8196924328804016
TEST_21832,0.031024610623717308,0.8562474846839905
TEST_21833,0.008249081671237946,0.9816457033157349
TEST_21834,0.003099052933976054,0.9864798188209534
TEST_21835,0.01842363364994526,0.9958480596542358
TEST_21836,0.03560109809041023,0.8805766105651855
TEST_21837,0.001082591013982892,0.9988313317298889
TEST_21838,0.048250336199998856,0.9864099621772766
TEST_21839,0.0017674873815849423,0.9998944997787476
TEST_21840,0.3358936905860901,0.9889517426490784
TEST_21841,0.029845481738448143,0.974631130695343
TEST_21842,0.4045875370502472,0.7521666884422302
TEST_21843,0.03143847733736038,0.9074376821517944
TEST_21844,0.0008233155240304768,0.9953184723854065
TEST_21845,0.00016853908891789615,0.9971299767494202
TEST_21846,0.9313627481460571,0.900831401348114
TEST_21847,0.0012050953228026628,0.9994210004806519
TEST_21848,0.16600561141967773,0.723782479763031
TEST_21849,0.0006874864338897169,0.7372219562530518
TEST_21850,0.0044160084798932076,0.9976262450218201
TEST_21851,0.01934485137462616,0.9936572909355164
TEST_21852,0.037144966423511505,0.9613476395606995
TEST_21853,0.0004072554293088615,0.9998908042907715
TEST_21854,0.8985475301742554,0.7210495471954346
TEST_21855,0.004672297742217779,1.0
TEST_21856,0.011821706779301167,0.9818916916847229
TEST_21857,0.00458033150061965,0.9938141107559204
TEST_21858,0.005623106844723225,0.9974506497383118
TEST_21859,0.9996626377105713,0.0790824368596077
TEST_21860,0.1288592517375946,0.8944494128227234
TEST_21861,0.004498397000133991,0.9992557168006897
TEST_21862,0.00980063620954752,0.894095778465271
TEST_21863,0.019255738705396652,0.9034205675125122
TEST_21864,0.19542674720287323,0.9096933603286743
TEST_21865,0.006743037607520819,0.9882174134254456
TEST_21866,0.007124210707843304,0.9893927574157715
TEST_21867,0.014646199531853199,0.9937612414360046
TEST_21868,0.012746592983603477,0.8710044622421265
TEST_21869,0.009014036506414413,0.9914538860321045
TEST_21870,0.6638041734695435,0.9663395285606384
TEST_21871,0.9999970197677612,8.918840421756613e-07
TEST_21872,0.003975406754761934,0.9986328482627869
TEST_21873,0.012280144728720188,0.8653308153152466
TEST_21874,0.007189283613115549,0.9850680232048035
TEST_21875,0.34504175186157227,0.9356480836868286
TEST_21876,0.015975920483469963,0.9918592572212219
TEST_21877,0.9756445288658142,0.07556933164596558
TEST_21878,0.0013723373413085938,0.9975922107696533
TEST_21879,0.01311416644603014,0.9892187714576721
TEST_21880,0.034144993871450424,0.9915754199028015
TEST_21881,0.00029601380811072886,0.6983142495155334
TEST_21882,0.014990486204624176,0.9973706007003784
TEST_21883,0.004699304234236479,0.987395703792572
TEST_21884,0.025108281522989273,0.9429097771644592
TEST_21885,0.05509905517101288,0.8666980862617493
TEST_21886,0.05229155719280243,0.9063054919242859
TEST_21887,0.00758377043530345,0.9704013466835022
TEST_21888,0.027662528678774834,0.9802141785621643
TEST_21889,0.04925702512264252,0.9962368011474609
TEST_21890,0.002586191287264228,0.9965956807136536
TEST_21891,0.09025882929563522,0.8565198183059692
TEST_21892,0.0006460860022343695,0.9943236112594604
TEST_21893,0.0023117484524846077,0.999955415725708
TEST_21894,0.02712078206241131,0.9967159032821655
TEST_21895,0.0001298105635214597,0.9954363703727722
TEST_21896,0.09911050647497177,0.8231588006019592
TEST_21897,0.00880467239767313,0.9973161816596985
TEST_21898,0.05722048506140709,0.8767397999763489
TEST_21899,0.9402689933776855,0.6126630306243896
TEST_21900,0.0007677912362851202,0.9979389309883118
TEST_21901,0.002636769087985158,0.9858653545379639
TEST_21902,0.34704408049583435,0.9926942586898804
TEST_21903,0.07792610675096512,0.9232109785079956
TEST_21904,0.8416359424591064,0.8225055932998657
TEST_21905,0.005168061703443527,0.9956532716751099
TEST_21906,0.04770178720355034,0.9523041248321533
TEST_21907,0.02217484824359417,0.9573532938957214
TEST_21908,0.03311782330274582,0.4290913939476013
TEST_21909,0.016871942207217216,0.9451174139976501
TEST_21910,0.9820298552513123,0.7772860527038574
TEST_21911,0.0027677416801452637,0.9993257522583008
TEST_21912,0.10760172456502914,0.9965317845344543
TEST_21913,0.0014058307278901339,0.999466598033905
TEST_21914,0.01042475551366806,0.951129674911499
TEST_21915,0.019793732091784477,0.9933229088783264
TEST_21916,0.0031002776231616735,0.9658998250961304
TEST_21917,0.036815445870161057,0.98037189245224
TEST_21918,0.03917710855603218,0.9832665920257568
TEST_21919,0.027370313182473183,0.981004536151886
TEST_21920,0.005943970289081335,0.9829689860343933
TEST_21921,0.020591551437973976,0.865877091884613
TEST_21922,0.008325574919581413,0.9426572918891907
TEST_21923,0.0004970959853380919,0.995100200176239
TEST_21924,0.006872702389955521,0.9981656670570374
TEST_21925,0.03139394894242287,0.9767237901687622
TEST_21926,0.007191377226263285,0.9993973970413208
TEST_21927,0.03207128867506981,0.9978664517402649
TEST_21928,0.004174212925136089,0.9998358488082886
TEST_21929,0.17931543290615082,0.6853330135345459
TEST_21930,0.00473059993237257,0.9929447770118713
TEST_21931,0.0555560328066349,0.9007608890533447
TEST_21932,0.007275932934135199,0.9973791837692261
TEST_21933,0.002854566555470228,0.9876108765602112
TEST_21934,0.007847839035093784,0.9996504783630371
TEST_21935,0.998217761516571,0.01614396460354328
TEST_21936,0.05842191353440285,0.8435118198394775
TEST_21937,0.9993485808372498,0.0008509227191098034
TEST_21938,0.003401669906452298,0.9954007267951965
TEST_21939,0.6519684195518494,0.9601869583129883
TEST_21940,0.00022152344172354788,0.9993065595626831
TEST_21941,0.007778272498399019,0.9989275336265564
TEST_21942,0.11360637843608856,0.8746806383132935
TEST_21943,0.9977485537528992,0.6063843965530396
TEST_21944,4.45855621364899e-05,0.9998748302459717
TEST_21945,0.07283403724431992,0.9213320016860962
TEST_21946,0.0025117655750364065,0.9819436073303223
TEST_21947,0.0080562774091959,0.9964379072189331
TEST_21948,0.03256046399474144,0.818152129650116
TEST_21949,0.0038283062167465687,0.9788621664047241
TEST_21950,0.005904185585677624,0.9810611009597778
TEST_21951,0.0026596083771437407,0.8242260813713074
TEST_21952,0.21813265979290009,0.9293609261512756
TEST_21953,0.08136872202157974,0.26121002435684204
TEST_21954,0.224796861410141,0.6473814249038696
TEST_21955,0.9826058149337769,0.713664710521698
TEST_21956,0.00026181264547631145,0.9973070621490479
TEST_21957,0.08309268951416016,0.9676095843315125
TEST_21958,0.035202156752347946,0.8260347843170166
TEST_21959,0.0028035533614456654,0.977937638759613
TEST_21960,0.15093117952346802,0.8606432676315308
TEST_21961,0.004710408393293619,0.9986409544944763
TEST_21962,0.043688949197530746,0.9829114675521851
TEST_21963,0.002895686076954007,0.9600598216056824
TEST_21964,0.19531464576721191,0.9663087129592896
TEST_21965,0.008415156975388527,0.9997372031211853
TEST_21966,0.020651113241910934,0.9991959929466248
TEST_21967,0.0036022025160491467,0.9387627840042114
TEST_21968,0.007805124390870333,0.9830837249755859
TEST_21969,0.030001820996403694,0.9886000752449036
TEST_21970,0.9999529123306274,4.735795755550498e-07
TEST_21971,0.998229444026947,0.008303012698888779
TEST_21972,0.004756506532430649,0.9987668991088867
TEST_21973,0.017057320103049278,0.9716901779174805
TEST_21974,0.0019887657836079597,0.9814868569374084
TEST_21975,0.014682840555906296,0.8732408881187439
TEST_21976,0.08946240693330765,0.9988871216773987
TEST_21977,0.0007275783573277295,0.9938587546348572
TEST_21978,0.016007013618946075,0.9952179789543152
TEST_21979,0.05721575766801834,0.9702600240707397
TEST_21980,0.01141426432877779,0.9730518460273743
TEST_21981,0.038362499326467514,0.6602693200111389
TEST_21982,0.004088916350156069,0.997628390789032
TEST_21983,0.0008084764704108238,0.9929499626159668
TEST_21984,0.14627288281917572,0.8305637836456299
TEST_21985,0.04505977779626846,0.8683708310127258
TEST_21986,0.14165696501731873,0.9440919160842896
TEST_21987,0.20618948340415955,0.998340368270874
TEST_21988,0.025875452905893326,0.9140594601631165
TEST_21989,0.005512370727956295,0.9966549873352051
TEST_21990,0.011921817436814308,0.9380077719688416
TEST_21991,0.0035993801429867744,0.12788830697536469
TEST_21992,0.966775119304657,0.012171425856649876
TEST_21993,0.2429412603378296,0.938220202922821
TEST_21994,0.013236833736300468,0.9951083064079285
TEST_21995,0.03086826018989086,0.2890106439590454
TEST_21996,0.012467018328607082,0.9560859203338623
TEST_21997,0.009913379326462746,0.9964984655380249
TEST_21998,0.04161116108298302,0.94132399559021
TEST_21999,0.0017006195848807693,0.9994667172431946
TEST_22000,0.018726183101534843,0.8568037152290344
TEST_22001,0.07378122210502625,0.9385087490081787
TEST_22002,0.00012357308878563344,0.9992270469665527
TEST_22003,0.020754501223564148,0.9613520503044128
TEST_22004,0.030074307695031166,0.9615430235862732
TEST_22005,0.0031458328012377024,0.987438976764679
TEST_22006,0.09296391904354095,0.8595609068870544
TEST_22007,0.029313739389181137,0.9729403257369995
TEST_22008,0.11238258332014084,0.9945265650749207
TEST_22009,0.11964216828346252,0.7233861088752747
TEST_22010,0.09717591106891632,0.7744573354721069
TEST_22011,0.5072805285453796,0.9893677830696106
TEST_22012,0.002114301547408104,0.9976341724395752
TEST_22013,0.020525295287370682,0.9783665537834167
TEST_22014,0.006140410900115967,0.9985268115997314
TEST_22015,0.002125238301232457,0.9921761155128479
TEST_22016,0.004565842915326357,0.9997023940086365
TEST_22017,0.7884647846221924,0.18161864578723907
TEST_22018,0.003462995635345578,0.5542191863059998
TEST_22019,0.0693960040807724,0.8297367095947266
TEST_22020,0.00014614434621762484,0.998144268989563
TEST_22021,0.0007984426338225603,0.9994682669639587
TEST_22022,0.0007759853033348918,0.9956313371658325
TEST_22023,0.044896166771650314,0.9453802108764648
TEST_22024,0.13744036853313446,0.9454833269119263
TEST_22025,0.004193005617707968,0.9995844960212708
TEST_22026,0.02583402954041958,0.9948208332061768
TEST_22027,0.003827980486676097,0.9984264373779297
TEST_22028,0.004318539053201675,0.9967791438102722
TEST_22029,0.0011472419137135148,0.9834045767784119
TEST_22030,0.0008331044227816164,0.9922389984130859
TEST_22031,0.022865500301122665,0.9930076599121094
TEST_22032,0.004254370927810669,0.9975932240486145
TEST_22033,0.00982556864619255,0.8209040760993958
TEST_22034,0.02485594153404236,0.9841966032981873
TEST_22035,0.0055736396461725235,0.971693217754364
TEST_22036,0.005815588403493166,0.9979078769683838
TEST_22037,0.016869746148586273,0.9804301261901855
TEST_22038,0.00014539100811816752,1.0
TEST_22039,0.015766754746437073,0.029847295954823494
TEST_22040,0.7819998860359192,0.6098177433013916
TEST_22041,0.007846231572329998,0.982491672039032
TEST_22042,0.6255811452865601,0.9905655384063721
TEST_22043,0.013028385117650032,0.9988232254981995
TEST_22044,0.0030078915879130363,0.9987396597862244
TEST_22045,0.0013617706717923284,0.9948391318321228
TEST_22046,0.05876193940639496,0.9739892482757568
TEST_22047,0.034291286021471024,0.9442607760429382
TEST_22048,0.0004171523323748261,0.9992876648902893
TEST_22049,0.43686625361442566,0.9000646471977234
TEST_22050,0.003053551772609353,0.9968124032020569
TEST_22051,0.02060493640601635,0.8762298822402954
TEST_22052,0.014975609257817268,0.9981886744499207
TEST_22053,0.0058443364687263966,0.9984177350997925
TEST_22054,0.07748287916183472,0.6896945238113403
TEST_22055,0.9994068145751953,0.0007890072884038091
TEST_22056,0.01435274537652731,0.9997771382331848
TEST_22057,0.14310090243816376,0.861101508140564
TEST_22058,0.006344315130263567,0.9972383975982666
TEST_22059,0.0035366287920624018,0.9892371296882629
TEST_22060,0.007218196056783199,0.9751909375190735
TEST_22061,0.11094684153795242,0.8931427001953125
TEST_22062,0.0015550657408311963,0.9932236671447754
TEST_22063,0.006618266925215721,0.9753132462501526
TEST_22064,0.01239799428731203,0.98973149061203
TEST_22065,0.00030581330065615475,0.9969035983085632
TEST_22066,0.00939468014985323,0.9985609650611877
TEST_22067,0.024838056415319443,0.9880252480506897
TEST_22068,0.010416789911687374,0.9987080097198486
TEST_22069,0.015791496261954308,0.9346960186958313
TEST_22070,0.015979232266545296,0.9974467754364014
TEST_22071,0.1207408681511879,0.5235225558280945
TEST_22072,0.0005919683608226478,0.9995864033699036
TEST_22073,0.10454832762479782,0.8803831934928894
TEST_22074,0.694279134273529,0.9362481236457825
TEST_22075,0.015265957452356815,0.9728944301605225
TEST_22076,0.0067337253130972385,0.9974765181541443
TEST_22077,0.9937543272972107,0.024022450670599937
TEST_22078,0.001615284476429224,0.9993336796760559
TEST_22079,0.0066703809425234795,0.999085545539856
TEST_22080,0.0567483976483345,0.9140732288360596
TEST_22081,0.045542843639850616,0.9822194576263428
TEST_22082,0.0019418437732383609,0.98581463098526
TEST_22083,0.0007024474907666445,0.9994819760322571
TEST_22084,0.011929829604923725,0.9971696734428406
TEST_22085,0.014399650506675243,0.9541511535644531
TEST_22086,0.007228618487715721,0.9764373898506165
TEST_22087,0.004262474365532398,0.989602267742157
TEST_22088,0.0027384611312299967,0.9986335635185242
TEST_22089,0.003451781114563346,0.9966793060302734
TEST_22090,0.004393008071929216,0.9893901944160461
TEST_22091,0.9986339211463928,0.010010167956352234
TEST_22092,0.00197953125461936,0.8902053236961365
TEST_22093,0.008732038550078869,0.9994497895240784
TEST_22094,0.05769689008593559,0.9546430706977844
TEST_22095,0.041474439203739166,0.9139050245285034
TEST_22096,0.0021483225282281637,0.9965524673461914
TEST_22097,0.007949533872306347,0.9791877269744873
TEST_22098,0.00462225079536438,0.9999008178710938
TEST_22099,0.02617138996720314,0.9900305271148682
TEST_22100,0.030336301773786545,0.9830036163330078
TEST_22101,0.007648240774869919,0.9897068738937378
TEST_22102,0.9999983310699463,0.001161979278549552
TEST_22103,0.007932697422802448,0.9930375218391418
TEST_22104,0.902935266494751,0.936621904373169
TEST_22105,0.03595665842294693,0.9149086475372314
TEST_22106,0.031523216515779495,0.9398582577705383
TEST_22107,0.022243237122893333,0.997994065284729
TEST_22108,0.009259386919438839,0.9971977472305298
TEST_22109,0.10678811371326447,0.6712052226066589
TEST_22110,0.012650837190449238,0.9435534477233887
TEST_22111,0.7253424525260925,0.9319577813148499
TEST_22112,0.29645803570747375,0.9461584687232971
TEST_22113,0.0021920131985098124,0.9749670624732971
TEST_22114,0.01179503183811903,0.9979717135429382
TEST_22115,0.034420281648635864,0.9988937973976135
TEST_22116,0.374701589345932,0.7083373069763184
TEST_22117,0.0062621585093438625,0.991810142993927
TEST_22118,0.007078784052282572,0.9999847412109375
TEST_22119,0.01608900912106037,0.9997919201850891
TEST_22120,0.0010584101546555758,0.9947810769081116
TEST_22121,0.06943592429161072,0.8934410214424133
TEST_22122,0.0384877510368824,0.9275159239768982
TEST_22123,0.02011445164680481,0.9792805314064026
TEST_22124,0.06974685192108154,0.9073727130889893
TEST_22125,0.11290507018566132,0.622660219669342
TEST_22126,0.13606995344161987,0.9727967381477356
TEST_22127,0.04802074655890465,0.9194924831390381
TEST_22128,0.09263253211975098,0.8660256266593933
TEST_22129,0.0015264889225363731,0.9787311553955078
TEST_22130,0.009382071904838085,0.9963979721069336
TEST_22131,0.017258549109101295,0.9702783226966858
TEST_22132,0.0038614424411207438,0.9635069966316223
TEST_22133,0.0218554325401783,0.9582271575927734
TEST_22134,0.0001941800001077354,0.9997908473014832
TEST_22135,0.006050922442227602,0.9552738070487976
TEST_22136,0.16962505877017975,0.9786898493766785
TEST_22137,0.0032292306423187256,0.9992782473564148
TEST_22138,0.0198356956243515,0.9973772764205933
TEST_22139,0.051216594874858856,0.5543466210365295
TEST_22140,0.0007029417320154607,0.999946117401123
TEST_22141,0.010528936050832272,0.9806221723556519
TEST_22142,0.04028661176562309,0.9258508682250977
TEST_22143,0.002079559024423361,0.9942330718040466
TEST_22144,0.15821926295757294,0.6992602348327637
TEST_22145,0.003305303631350398,0.9934176206588745
TEST_22146,0.14043132960796356,0.9477921724319458
TEST_22147,0.027186617255210876,0.9744523167610168
TEST_22148,0.030448274686932564,0.9799562692642212
TEST_22149,0.008592919446527958,0.9629141688346863
TEST_22150,0.0003055533452425152,0.999879002571106
TEST_22151,0.003512060735374689,0.9845559597015381
TEST_22152,0.0024162197951227427,0.9823822379112244
TEST_22153,0.011662596836686134,0.9857702255249023
TEST_22154,0.0037802804727107286,0.9366322755813599
TEST_22155,0.006978534162044525,0.9975110292434692
TEST_22156,0.002228828612715006,0.9955393671989441
TEST_22157,0.06486694514751434,0.8984721899032593
TEST_22158,0.0051141949370503426,0.989973783493042
TEST_22159,0.0011301882332190871,0.9802983403205872
TEST_22160,0.009511980228126049,0.9891678094863892
TEST_22161,0.005614573135972023,0.9757570624351501
TEST_22162,0.13301169872283936,0.24053050577640533
TEST_22163,0.0011447345605120063,0.9994059801101685
TEST_22164,0.007931684143841267,0.9991440773010254
TEST_22165,0.0039533581584692,0.9998824596405029
TEST_22166,0.0356285385787487,0.9457760453224182
TEST_22167,0.003962595947086811,0.9992682337760925
TEST_22168,0.01906737871468067,0.994865357875824
TEST_22169,0.1750050038099289,0.977317214012146
TEST_22170,0.0007949682767502964,0.9986781477928162
TEST_22171,0.07507498562335968,0.9645565152168274
TEST_22172,0.0002655779826454818,0.9958213567733765
TEST_22173,0.4985303580760956,0.999382734298706
TEST_22174,0.0032899195794016123,0.9971611499786377
TEST_22175,0.0349695160984993,0.8681886196136475
TEST_22176,0.005858797114342451,0.9933450222015381
TEST_22177,0.014808702282607555,0.9891524314880371
TEST_22178,0.0659756064414978,0.5253816246986389
TEST_22179,0.03150816634297371,0.9963855743408203
TEST_22180,0.9317784905433655,0.7491675019264221
TEST_22181,0.03453395143151283,0.9913801550865173
TEST_22182,0.02526155114173889,0.9963705539703369
TEST_22183,0.005232213530689478,0.9999405145645142
TEST_22184,0.0015436478424817324,0.9926780462265015
TEST_22185,0.9906912446022034,0.01178468856960535
TEST_22186,0.002454344416037202,0.9963221549987793
TEST_22187,0.0011319994227960706,0.973518431186676
TEST_22188,0.06327075511217117,0.9430055618286133
TEST_22189,0.0006264186231419444,0.996570348739624
TEST_22190,0.0033246753737330437,0.9966830611228943
TEST_22191,0.9503242373466492,0.9920127987861633
TEST_22192,0.08305022865533829,0.7026401162147522
TEST_22193,0.0010507185943424702,0.9999171495437622
TEST_22194,0.004424366634339094,0.9887701272964478
TEST_22195,0.055941130965948105,0.9983246922492981
TEST_22196,0.026166029274463654,0.9946519136428833
TEST_22197,0.006262888666242361,0.997248113155365
TEST_22198,0.05053115636110306,0.975632905960083
TEST_22199,0.0031125571113079786,0.9760235548019409
TEST_22200,0.0016667521558701992,0.9975761771202087
TEST_22201,0.09165582060813904,0.9855576157569885
TEST_22202,0.6117488741874695,0.4673056900501251
TEST_22203,0.027821464464068413,0.9401792287826538
TEST_22204,0.07994077354669571,0.7599636316299438
TEST_22205,0.003457937389612198,0.996701180934906
TEST_22206,0.03142501413822174,0.9686492681503296
TEST_22207,0.03192628175020218,0.8456539511680603
TEST_22208,3.1148902053246275e-05,0.9992275238037109
TEST_22209,0.0402231402695179,0.9424332976341248
TEST_22210,0.006067659240216017,0.9993545413017273
TEST_22211,0.009689482860267162,0.9898731708526611
TEST_22212,0.029570067301392555,0.5725993514060974
TEST_22213,0.0020890047308057547,0.9966899156570435
TEST_22214,0.017376553267240524,0.9959820508956909
TEST_22215,0.05517096817493439,0.976168692111969
TEST_22216,0.009165558964014053,0.995030403137207
TEST_22217,0.0461948961019516,0.9795777201652527
TEST_22218,0.019123589619994164,0.9302506446838379
TEST_22219,0.018384434282779694,0.9707217812538147
TEST_22220,0.1266379952430725,0.9143552780151367
TEST_22221,0.022543612867593765,0.8535934686660767
TEST_22222,0.04312300682067871,0.48192253708839417
TEST_22223,0.002339516766369343,0.9940774440765381
TEST_22224,0.020907023921608925,0.9379546046257019
TEST_22225,0.0035073445178568363,0.99641352891922
TEST_22226,0.0926465168595314,0.925007164478302
TEST_22227,0.6735572814941406,0.4917014241218567
TEST_22228,0.00019836908904835582,0.9994268417358398
TEST_22229,0.2003292292356491,0.9839662909507751
TEST_22230,0.10323924571275711,0.959632933139801
TEST_22231,0.019014442339539528,0.9975519776344299
TEST_22232,0.03494899719953537,0.8865700364112854
TEST_22233,0.000922634091693908,0.9993440508842468
TEST_22234,0.06882207095623016,0.9859840273857117
TEST_22235,0.01759950816631317,0.9780555963516235
TEST_22236,0.03056148812174797,0.5168409943580627
TEST_22237,0.0751948133111,0.9965499639511108
TEST_22238,0.008568762801587582,0.9930665493011475
TEST_22239,0.012825137004256248,0.9930210709571838
TEST_22240,0.003660218557342887,0.9975454211235046
TEST_22241,0.013152786530554295,0.9995315074920654
TEST_22242,0.9852144122123718,0.9775249361991882
TEST_22243,0.5489209890365601,0.9564412832260132
TEST_22244,0.006065209396183491,0.9971951246261597
TEST_22245,0.7240588665008545,0.9035051465034485
TEST_22246,0.01126136351376772,0.9446398615837097
TEST_22247,0.006860840134322643,0.9844351410865784
TEST_22248,0.0015679476782679558,0.9906524419784546
TEST_22249,0.002030769595876336,0.9995357990264893
TEST_22250,0.003525422653183341,0.9989309906959534
TEST_22251,0.0006966049550101161,0.9994682669639587
TEST_22252,0.01071243453770876,0.9862297773361206
TEST_22253,0.14993619918823242,0.9152128100395203
TEST_22254,0.2116020917892456,0.7117106318473816
TEST_22255,0.09355369955301285,0.8721638321876526
TEST_22256,0.275901734828949,0.9079350233078003
TEST_22257,0.06624599546194077,0.9393400549888611
TEST_22258,0.0007069659186527133,0.9994539618492126
TEST_22259,0.02525433897972107,0.9837506413459778
TEST_22260,0.001089450204744935,0.997653067111969
TEST_22261,0.01656804047524929,0.9902093410491943
TEST_22262,0.002257406944409013,0.999524712562561
TEST_22263,0.7481447458267212,0.9252992868423462
TEST_22264,0.08140230178833008,0.9995844960212708
TEST_22265,0.009155047126114368,0.9965965151786804
TEST_22266,0.0018226165557280183,0.9929008483886719
TEST_22267,0.09690103679895401,0.7663972973823547
TEST_22268,0.027283845469355583,0.9968173503875732
TEST_22269,0.00384991941973567,0.9989942908287048
TEST_22270,0.009203888475894928,0.9980230331420898
TEST_22271,0.00806017592549324,0.9437832832336426
TEST_22272,0.9908532500267029,0.3877708613872528
TEST_22273,0.07922906428575516,0.8479254841804504
TEST_22274,0.027054468169808388,0.9786911010742188
TEST_22275,0.11405288428068161,0.7343297004699707
TEST_22276,0.1798938363790512,0.7443368434906006
TEST_22277,0.9995645880699158,0.0012281599920243025
TEST_22278,0.0023355947341769934,0.972038745880127
TEST_22279,0.026423409581184387,0.8542664647102356
TEST_22280,0.0752130076289177,0.9155164361000061
TEST_22281,0.006612996105104685,0.9950290322303772
TEST_22282,0.008255762979388237,0.970503568649292
TEST_22283,0.0012954453704878688,0.9988589286804199
TEST_22284,0.0021523877512663603,0.9920359253883362
TEST_22285,0.002211616840213537,0.9995883107185364
TEST_22286,0.0023853022139519453,0.9823852181434631
TEST_22287,0.027118869125843048,0.9875237941741943
TEST_22288,0.9911994338035583,0.6826416254043579
TEST_22289,0.24147044122219086,0.9229987859725952
TEST_22290,0.0013757585547864437,0.9999195337295532
TEST_22291,0.011923473328351974,0.999504804611206
TEST_22292,0.9782087802886963,0.00032933097099885345
TEST_22293,0.2325073927640915,0.8464402556419373
TEST_22294,0.08830554783344269,0.9619813561439514
TEST_22295,0.0014703191118314862,0.9787510633468628
TEST_22296,0.7976614236831665,0.6368110775947571
TEST_22297,0.0008397643105126917,0.998412013053894
TEST_22298,0.0017393643502146006,0.9997681975364685
TEST_22299,0.0006419600686058402,0.9986066222190857
TEST_22300,0.009576231241226196,0.9968711733818054
TEST_22301,0.644874632358551,0.9935994148254395
TEST_22302,0.03570577874779701,0.8111079931259155
TEST_22303,0.08305624127388,0.9570927619934082
TEST_22304,0.0009331776527687907,0.9985899329185486
TEST_22305,0.5421692728996277,0.44635650515556335
TEST_22306,0.642160177230835,0.9455885291099548
TEST_22307,0.05074286460876465,0.9010224342346191
TEST_22308,0.04070452228188515,0.9944783449172974
TEST_22309,0.007562647107988596,0.994515061378479
TEST_22310,0.038359157741069794,0.9727762937545776
TEST_22311,0.003762299194931984,0.9937995076179504
TEST_22312,0.200587660074234,0.9092268943786621
TEST_22313,0.040761303156614304,0.9886178374290466
TEST_22314,0.011752373538911343,0.9075851440429688
TEST_22315,0.07349610328674316,0.9035958647727966
TEST_22316,0.03136344626545906,0.964966356754303
TEST_22317,0.02362310327589512,0.9965565204620361
TEST_22318,0.8740608096122742,0.6824164986610413
TEST_22319,0.0008453355985693634,0.998846173286438
TEST_22320,0.045121271163225174,0.9656963348388672
TEST_22321,0.047311533242464066,0.9112178087234497
TEST_22322,0.04323866590857506,0.9283493161201477
TEST_22323,0.02002033032476902,0.994172990322113
TEST_22324,0.0009005505125969648,0.9860171675682068
TEST_22325,0.03642190620303154,0.9528557062149048
TEST_22326,0.05727656930685043,0.8926480412483215
TEST_22327,0.0013491874560713768,0.9610826373100281
TEST_22328,0.073667973279953,0.9989320635795593
TEST_22329,0.04125537723302841,0.9639381170272827
TEST_22330,0.7047164440155029,0.7972217202186584
TEST_22331,0.9981344938278198,0.0003501871251501143
TEST_22332,0.009969116188585758,0.9820529818534851
TEST_22333,0.06490432471036911,0.9443573355674744
TEST_22334,0.011591115966439247,0.9422171115875244
TEST_22335,0.03650307282805443,0.9403424859046936
TEST_22336,0.002623638603836298,0.6131255030632019
TEST_22337,0.411324679851532,0.9781774282455444
TEST_22338,0.025966063141822815,0.9992029070854187
TEST_22339,0.02075614035129547,0.843396782875061
TEST_22340,0.0021114663686603308,0.9975426197052002
TEST_22341,0.0047330232337117195,0.9987815022468567
TEST_22342,0.4883953928947449,0.6732330918312073
TEST_22343,0.004007022362202406,0.9271650314331055
TEST_22344,0.367897629737854,0.8508878350257874
TEST_22345,0.017834708094596863,0.9966723918914795
TEST_22346,0.014053639955818653,0.9892064332962036
TEST_22347,0.003123553702607751,0.958379328250885
TEST_22348,0.0951097384095192,0.9880507588386536
TEST_22349,0.42050671577453613,0.9394131302833557
TEST_22350,0.1476869136095047,0.49142101407051086
TEST_22351,0.013559488579630852,0.8822341561317444
TEST_22352,0.02371901273727417,0.9832294583320618
TEST_22353,0.1404883712530136,0.14214777946472168
TEST_22354,0.9703105092048645,0.893722653388977
TEST_22355,0.0024605935905128717,0.9976207613945007
TEST_22356,0.00015625283413100988,0.9973281621932983
TEST_22357,0.02305198833346367,0.7552173137664795
TEST_22358,0.005074937362223864,0.9740075469017029
TEST_22359,0.02837643213570118,0.9384489059448242
TEST_22360,0.5154758095741272,0.9063003063201904
TEST_22361,0.004598918370902538,0.9258955121040344
TEST_22362,0.0018155479338020086,0.9987164735794067
TEST_22363,3.2669882784830406e-05,0.999998927116394
TEST_22364,0.07517951726913452,0.5374935865402222
TEST_22365,0.0011557185789570212,0.9976558685302734
TEST_22366,0.01558222807943821,0.9909852743148804
TEST_22367,0.013401325792074203,0.9990819692611694
TEST_22368,0.02238314226269722,0.9956252574920654
TEST_22369,0.013767283409833908,0.9534050822257996
TEST_22370,0.004533765837550163,0.9840266704559326
TEST_22371,0.0009939550654962659,0.9765540361404419
TEST_22372,0.03323030099272728,0.9411147832870483
TEST_22373,0.026351680979132652,0.987297773361206
TEST_22374,0.9300819635391235,0.9546391367912292
TEST_22375,0.008601023815572262,0.9816049933433533
TEST_22376,0.06043608486652374,0.996249258518219
TEST_22377,0.009381256997585297,0.9730631113052368
TEST_22378,0.3245944082736969,0.9837995767593384
TEST_22379,0.004721852485090494,0.7365188598632812
TEST_22380,0.006685709115117788,0.6799843311309814
TEST_22381,0.014590179547667503,0.9956719875335693
TEST_22382,0.061187367886304855,0.9966298937797546
TEST_22383,0.03745388239622116,0.9920715689659119
TEST_22384,0.012061907909810543,0.9873277544975281
TEST_22385,0.03834104537963867,0.8195015788078308
TEST_22386,0.07522813230752945,0.887013852596283
TEST_22387,0.0022738641127943993,0.989778459072113
TEST_22388,0.0056715537793934345,0.9889090657234192
TEST_22389,0.10289271175861359,0.8074060082435608
TEST_22390,0.007537411525845528,0.9984171390533447
TEST_22391,0.0045311604626476765,0.9872699975967407
TEST_22392,0.02305414527654648,0.954050600528717
TEST_22393,0.005028869491070509,0.9995759129524231
TEST_22394,0.00269920751452446,0.9957489967346191
TEST_22395,0.00838191993534565,0.9950778484344482
TEST_22396,0.0002796835615299642,0.9929419755935669
TEST_22397,0.0020099086686968803,0.9993744492530823
TEST_22398,0.9791785478591919,0.5901147723197937
TEST_22399,0.045912228524684906,0.9054009914398193
TEST_22400,0.015189525671303272,0.9971737861633301
TEST_22401,0.08113712817430496,0.9734641313552856
TEST_22402,0.006595101673156023,0.9493227601051331
TEST_22403,0.9838913083076477,0.9888094067573547
TEST_22404,0.01494017243385315,0.9619579315185547
TEST_22405,0.3056720793247223,0.8747416734695435
TEST_22406,0.013789819553494453,0.9984316229820251
TEST_22407,0.07874379307031631,0.9658887982368469
TEST_22408,0.037990715354681015,0.9687204957008362
TEST_22409,0.009844314306974411,0.9613446593284607
TEST_22410,0.026834603399038315,0.9698372483253479
TEST_22411,0.02668990194797516,0.999293327331543
TEST_22412,0.024912046268582344,0.982322633266449
TEST_22413,0.07681895792484283,0.8776741623878479
TEST_22414,0.9206260442733765,0.9975232481956482
TEST_22415,0.57115638256073,0.48381170630455017
TEST_22416,0.9999614953994751,0.003850076347589493
TEST_22417,0.21235238015651703,0.6253661513328552
TEST_22418,0.4184041917324066,0.9197988510131836
TEST_22419,0.5734775066375732,0.9949814677238464
TEST_22420,0.0995609313249588,0.9542322754859924
TEST_22421,0.009290255606174469,0.986322283744812
TEST_22422,0.038666706532239914,0.8702781796455383
TEST_22423,0.5320488214492798,0.6322408318519592
TEST_22424,0.001674863277003169,0.9999159574508667
TEST_22425,0.01676778495311737,0.9940199851989746
TEST_22426,0.014164846390485764,0.9927915334701538
TEST_22427,0.02858898974955082,0.8530879020690918
TEST_22428,0.0027364734560251236,0.9979166388511658
TEST_22429,0.16828061640262604,0.9399482011795044
TEST_22430,0.31555888056755066,0.8045501112937927
TEST_22431,0.01985063962638378,0.8572985529899597
TEST_22432,0.0023207201156765223,0.9985527396202087
TEST_22433,0.04435090348124504,0.9868021607398987
TEST_22434,0.04790477827191353,0.9923354983329773
TEST_22435,0.07743886113166809,0.7471089363098145
TEST_22436,0.0033617934677749872,0.9953045845031738
TEST_22437,0.3297658860683441,0.9332553744316101
TEST_22438,0.04559105634689331,0.6293036341667175
TEST_22439,0.0017032006289809942,0.9966532588005066
TEST_22440,0.0007174175698310137,0.9997207522392273
TEST_22441,0.10302792489528656,0.935812771320343
TEST_22442,0.0442999005317688,0.8909196257591248
TEST_22443,0.008198507130146027,0.9563556909561157
TEST_22444,0.006312896031886339,0.9920752048492432
TEST_22445,0.005534225143492222,0.9942917823791504
TEST_22446,0.7635167837142944,0.9664297103881836
TEST_22447,0.01845860667526722,0.9354270100593567
TEST_22448,0.057661525905132294,0.8954117894172668
TEST_22449,0.13691246509552002,0.9993696808815002
TEST_22450,0.03404393047094345,0.9963588118553162
TEST_22451,0.007501491345465183,0.9989049434661865
TEST_22452,0.022741446271538734,0.849897563457489
TEST_22453,0.9999996423721313,5.485992005560547e-05
TEST_22454,0.04723087325692177,0.9997742772102356
TEST_22455,0.9393502473831177,0.49230238795280457
TEST_22456,0.002198526868596673,0.994490385055542
TEST_22457,0.0031497692689299583,0.9983178377151489
TEST_22458,0.00860793050378561,0.9413443207740784
TEST_22459,0.004796942230314016,0.9847241640090942
TEST_22460,0.9999233484268188,0.0002200467133661732
TEST_22461,0.012069490738213062,0.99155592918396
TEST_22462,0.011930171400308609,0.9326301217079163
TEST_22463,0.00710199074819684,0.9986200332641602
TEST_22464,0.0046242522075772285,0.9982485771179199
TEST_22465,7.885448098932102e-07,0.9994505047798157
TEST_22466,0.0015844384906813502,0.9918640851974487
TEST_22467,0.022639906033873558,0.997297465801239
TEST_22468,0.04508257657289505,0.9867486953735352
TEST_22469,0.0006871268269605935,0.9997432827949524
TEST_22470,0.0026209361385554075,0.9982208609580994
TEST_22471,0.0001895420136861503,0.9995155334472656
TEST_22472,0.002201544586569071,0.9944633841514587
TEST_22473,0.0035629067569971085,0.9905399084091187
TEST_22474,0.01888207718729973,0.8493755459785461
TEST_22475,0.025850823149085045,0.9820494055747986
TEST_22476,0.0007778476574458182,0.9984900951385498
TEST_22477,0.1590503603219986,0.3690645098686218
TEST_22478,0.057242318987846375,0.8630766868591309
TEST_22479,0.007930491119623184,0.9929619431495667
TEST_22480,0.00942969135940075,0.9995311498641968
TEST_22481,0.0017757295863702893,0.9956854581832886
TEST_22482,0.1811334490776062,0.9855833053588867
TEST_22483,0.036043811589479446,0.8400528430938721
TEST_22484,0.08498561382293701,0.8072851300239563
TEST_22485,0.00302910921163857,0.9984478950500488
TEST_22486,0.006432239897549152,0.9452682137489319
TEST_22487,0.0202749315649271,0.9931467175483704
TEST_22488,0.0033461940474808216,0.975395917892456
TEST_22489,0.20204389095306396,0.8541187644004822
TEST_22490,0.0015558048617094755,0.998865008354187
TEST_22491,0.001177979982458055,0.9999710321426392
TEST_22492,0.005303265061229467,0.998166561126709
TEST_22493,0.009592132642865181,0.9625913500785828
TEST_22494,0.004726883955299854,0.9805133938789368
TEST_22495,0.0009048445499502122,0.9930329322814941
TEST_22496,0.00295256357640028,0.9928508996963501
TEST_22497,0.04293936491012573,0.9877142906188965
TEST_22498,0.0009581064805388451,0.9995299577713013
TEST_22499,0.10123351961374283,0.2135479599237442
TEST_22500,0.0003682173846755177,0.9987566471099854
TEST_22501,0.5328799486160278,0.8231490850448608
TEST_22502,0.596756637096405,0.8634663224220276
TEST_22503,0.0348893404006958,0.5267988443374634
TEST_22504,0.015730278566479683,0.9294926524162292
TEST_22505,0.158672034740448,0.8807362914085388
TEST_22506,0.0015225657261908054,0.9045706391334534
TEST_22507,0.58731609582901,0.5007527470588684
TEST_22508,0.06326035410165787,0.9908363819122314
TEST_22509,0.48426690697669983,0.9013899564743042
TEST_22510,0.05614876374602318,0.9354740381240845
TEST_22511,0.011873209848999977,0.9991071820259094
TEST_22512,0.014068660326302052,0.9961662292480469
TEST_22513,0.0020962380804121494,0.9974370002746582
TEST_22514,0.002300920197740197,0.9878119826316833
TEST_22515,0.016285648569464684,0.9886011481285095
TEST_22516,0.020119085907936096,0.900600790977478
TEST_22517,0.19039270281791687,0.9556841850280762
TEST_22518,0.33447912335395813,0.9499481320381165
TEST_22519,0.0016309843631461263,0.9999115467071533
TEST_22520,0.019963469356298447,0.9964696168899536
TEST_22521,0.005739074200391769,0.9764088988304138
TEST_22522,0.007107871118932962,0.9941962957382202
TEST_22523,0.034534554928541183,0.980543315410614
TEST_22524,0.01714346930384636,0.9998956918716431
TEST_22525,0.013303159736096859,0.9831779599189758
TEST_22526,0.027640104293823242,0.8254796862602234
TEST_22527,0.0004673434013966471,0.9997362494468689
TEST_22528,0.005888742860406637,0.996585488319397
TEST_22529,0.01234409213066101,0.995257556438446
TEST_22530,0.0026564986910670996,0.9993064403533936
TEST_22531,0.06666599959135056,0.980129063129425
TEST_22532,0.0005232832045294344,0.9999996423721313
TEST_22533,0.006586351431906223,0.9763451218605042
TEST_22534,0.24693723022937775,0.9785888195037842
TEST_22535,0.0034487759694457054,0.9929602742195129
TEST_22536,1.0,2.113568070560845e-10
TEST_22537,0.08453682065010071,0.9717540144920349
TEST_22538,0.00904637761414051,0.9321357011795044
TEST_22539,0.028299318626523018,0.9464521408081055
TEST_22540,0.015977779403328896,0.9402438998222351
TEST_22541,0.060752470046281815,0.844767689704895
TEST_22542,0.0037892607506364584,0.9953266382217407
TEST_22543,0.004988516215234995,0.9980893731117249
TEST_22544,0.017053699120879173,0.982613742351532
TEST_22545,0.00420610886067152,0.9831094145774841
TEST_22546,0.0012698427308350801,0.9814698696136475
TEST_22547,0.03360513597726822,0.9498218297958374
TEST_22548,0.22897067666053772,0.9840700626373291
TEST_22549,0.001552306697703898,0.9979190230369568
TEST_22550,0.0523952916264534,0.8795105218887329
TEST_22551,0.8963339328765869,0.9841630458831787
TEST_22552,0.025412915274500847,0.9864664673805237
TEST_22553,0.0011400801595300436,0.9995330572128296
TEST_22554,0.022905677556991577,0.9038181304931641
TEST_22555,0.033716198056936264,0.9901064038276672
TEST_22556,0.0011179610155522823,0.996425211429596
TEST_22557,0.07453879714012146,0.9852030873298645
TEST_22558,0.007496167439967394,0.98423171043396
TEST_22559,0.00202838028781116,0.9989187717437744
TEST_22560,0.0003530772228259593,0.9997362494468689
TEST_22561,0.007081087213009596,0.9875304698944092
TEST_22562,0.9276303052902222,0.9049196839332581
TEST_22563,0.04564706236124039,0.9938632249832153
TEST_22564,0.11943532526493073,0.8891976475715637
TEST_22565,0.03668726608157158,0.9031420350074768
TEST_22566,0.00021818713867105544,0.9989235997200012
TEST_22567,0.009743338450789452,0.9980244636535645
TEST_22568,0.024862749502062798,0.9477894902229309
TEST_22569,0.7556074261665344,0.9641537070274353
TEST_22570,0.03409106656908989,0.979718804359436
TEST_22571,0.00039673439459875226,0.9998109936714172
TEST_22572,0.00020079710520803928,0.9991551637649536
TEST_22573,6.650950672337785e-05,0.9986592531204224
TEST_22574,0.033417731523513794,0.981316328048706
TEST_22575,0.42467260360717773,0.8954102396965027
TEST_22576,0.028560854494571686,0.9596273899078369
TEST_22577,0.0021058907732367516,0.9978910088539124
TEST_22578,0.001084275427274406,0.9992784857749939
TEST_22579,0.0012746279826387763,0.9921699166297913
TEST_22580,0.43456795811653137,0.9575613737106323
TEST_22581,0.10399432480335236,0.9984959363937378
TEST_22582,0.09211144596338272,0.9921552538871765
TEST_22583,0.006810391787439585,0.9974901676177979
TEST_22584,0.038373224437236786,0.9423149228096008
TEST_22585,0.5814377665519714,0.9727088212966919
TEST_22586,0.004072533454746008,0.9945806860923767
TEST_22587,0.04072514921426773,0.9132664203643799
TEST_22588,0.01592363603413105,0.9419941902160645
TEST_22589,0.04941586032509804,0.9970992803573608
TEST_22590,0.0670522004365921,0.8783230781555176
TEST_22591,0.01940741576254368,0.9964667558670044
TEST_22592,0.0011125538730993867,0.9812201261520386
TEST_22593,0.005670357495546341,0.9968187808990479
TEST_22594,0.005382290109992027,0.9975146055221558
TEST_22595,0.014613300561904907,0.7978471517562866
TEST_22596,0.014311843551695347,0.9580975770950317
TEST_22597,0.011573133990168571,0.9956892132759094
TEST_22598,0.03265481814742088,0.9737486243247986
TEST_22599,0.4962438941001892,0.9933846592903137
TEST_22600,0.0711158886551857,0.4933370351791382
TEST_22601,0.8597853183746338,0.9542213678359985
TEST_22602,0.01300112809985876,0.9664707779884338
TEST_22603,0.03360731154680252,0.8098053932189941
TEST_22604,0.01187124103307724,0.9902241826057434
TEST_22605,0.027410028502345085,0.9918531775474548
TEST_22606,7.49760220060125e-05,0.9995889067649841
TEST_22607,0.0031400537118315697,0.9816252589225769
TEST_22608,0.025273041799664497,0.9961842894554138
TEST_22609,0.00258806929923594,0.9940817952156067
TEST_22610,0.02766736038029194,0.9036733508110046
TEST_22611,0.003201314713805914,0.9735357165336609
TEST_22612,0.014312099665403366,0.976938784122467
TEST_22613,0.0005054970388300717,0.9960522651672363
TEST_22614,0.08781423419713974,0.961444079875946
TEST_22615,0.04799755662679672,0.9950610995292664
TEST_22616,0.0028560722712427378,0.9990623593330383
TEST_22617,0.007899794727563858,0.9861278533935547
TEST_22618,0.015396220609545708,0.9974598288536072
TEST_22619,0.02132730558514595,0.8525777459144592
TEST_22620,0.7209968566894531,0.6568925380706787
TEST_22621,0.7750715017318726,0.5337147116661072
TEST_22622,0.4583865702152252,0.9894758462905884
TEST_22623,0.9901115298271179,0.029253603890538216
TEST_22624,0.0016324337339028716,0.9981130361557007
TEST_22625,0.0011368428822606802,0.9975314140319824
TEST_22626,0.11631295830011368,0.7840313911437988
TEST_22627,0.009189850650727749,0.9679422974586487
TEST_22628,0.07707442343235016,0.6071116328239441
TEST_22629,0.3711760342121124,0.9051128029823303
TEST_22630,0.007344481069594622,0.9960873126983643
TEST_22631,0.041963547468185425,0.9963425993919373
TEST_22632,0.03215111792087555,0.8708833456039429
TEST_22633,0.007667978759855032,0.8121731281280518
TEST_22634,0.007084306795150042,0.9903618097305298
TEST_22635,0.016035180538892746,0.9981564879417419
TEST_22636,0.03787494823336601,0.9959293007850647
TEST_22637,0.004065698012709618,0.9988742470741272
TEST_22638,0.0023260521702468395,0.9975494742393494
TEST_22639,0.035712696611881256,0.9544779658317566
TEST_22640,0.06630022823810577,0.882477879524231
TEST_22641,0.0001264461170649156,0.9999895095825195
TEST_22642,0.024237381294369698,0.9837474226951599
TEST_22643,0.037788260728120804,0.9952945113182068
TEST_22644,0.020749472081661224,0.9782851338386536
TEST_22645,0.9999994039535522,0.015150503255426884
TEST_22646,0.050019800662994385,0.9896446466445923
TEST_22647,0.020659012719988823,0.9811867475509644
TEST_22648,0.04053737223148346,0.9814530611038208
TEST_22649,0.023533262312412262,0.2566952705383301
TEST_22650,0.5926580429077148,0.9546797871589661
TEST_22651,0.007597638759762049,0.9880289435386658
TEST_22652,0.007934536784887314,0.9891119599342346
TEST_22653,0.000538433960173279,0.9996984004974365
TEST_22654,0.055242475122213364,0.792519211769104
TEST_22655,0.004444805905222893,0.9981622099876404
TEST_22656,0.0006900753942318261,0.9987339377403259
TEST_22657,0.059654831886291504,0.886690080165863
TEST_22658,0.006537725683301687,0.9972483515739441
TEST_22659,0.10996247828006744,0.9850100874900818
TEST_22660,0.0004704944440163672,0.9997450709342957
TEST_22661,0.007538709789514542,0.9913516044616699
TEST_22662,0.056528959423303604,0.8960964679718018
TEST_22663,0.0035690264776349068,0.998522937297821
TEST_22664,0.0011079610558226705,0.99933260679245
TEST_22665,0.0009980220347642899,0.9956246018409729
TEST_22666,0.058429230004549026,0.993919849395752
TEST_22667,0.007032312918454409,0.9560737013816833
TEST_22668,0.997605562210083,0.886134684085846
TEST_22669,0.08121155202388763,0.9966633915901184
TEST_22670,0.1814550757408142,0.908333420753479
TEST_22671,0.00644828611984849,0.8812305331230164
TEST_22672,0.049898017197847366,0.9377825260162354
TEST_22673,0.03388022631406784,0.9990296363830566
TEST_22674,0.0053764833137393,0.9428681135177612
TEST_22675,0.011817696504294872,0.9671024680137634
TEST_22676,0.049438636749982834,0.9248546957969666
TEST_22677,0.0038321453612297773,0.9888831973075867
TEST_22678,0.23673483729362488,0.9318809509277344
TEST_22679,0.0011429813457652926,0.9764906167984009
TEST_22680,0.013329637236893177,0.9744472503662109
TEST_22681,0.015503794886171818,0.9959954023361206
TEST_22682,0.008261488750576973,0.9962361454963684
TEST_22683,0.015271400101482868,0.988331139087677
TEST_22684,0.060711562633514404,0.9302778840065002
TEST_22685,0.0010824486380442977,0.9900439977645874
TEST_22686,0.02219930849969387,0.9904234409332275
TEST_22687,0.07201206684112549,0.9791542291641235
TEST_22688,0.0062361364252865314,0.9994328618049622
TEST_22689,0.016391057521104813,0.9050398468971252
TEST_22690,0.03005373850464821,0.9959537982940674
TEST_22691,0.0024313325993716717,0.9997369647026062
TEST_22692,3.6940811696695164e-05,0.9977496266365051
TEST_22693,0.017661472782492638,0.9823938608169556
TEST_22694,0.0197288915514946,0.7908853888511658
TEST_22695,0.5502978563308716,0.9939566850662231
TEST_22696,0.9995543360710144,0.0035614746157079935
TEST_22697,0.0010532962623983622,0.998389482498169
TEST_22698,0.13713806867599487,0.9928250312805176
TEST_22699,0.028818458318710327,0.9919473528862
TEST_22700,0.020540138706564903,0.9095473885536194
TEST_22701,0.1485385298728943,0.8282181024551392
TEST_22702,0.0008858910296112299,0.5224463939666748
TEST_22703,0.05507737025618553,0.9821310043334961
TEST_22704,0.00020714703714475036,0.9991310238838196
TEST_22705,0.0006522531621158123,0.961799681186676
TEST_22706,0.005312343593686819,0.9977641105651855
TEST_22707,0.11041141301393509,0.6044561862945557
TEST_22708,0.03138301521539688,0.9931632280349731
TEST_22709,0.021880587562918663,0.9794005751609802
TEST_22710,0.023765139281749725,0.963115394115448
TEST_22711,0.030890855938196182,0.9701751470565796
TEST_22712,0.015149087645113468,0.9954782128334045
TEST_22713,0.011447959579527378,0.9987379908561707
TEST_22714,0.12341072410345078,0.8969152569770813
TEST_22715,0.0008803377859294415,0.9967305660247803
TEST_22716,0.9580992460250854,0.7355262041091919
TEST_22717,0.012817815877497196,0.9942288398742676
TEST_22718,0.09182456135749817,0.9653221368789673
TEST_22719,0.03658401593565941,0.6156443953514099
TEST_22720,0.13521026074886322,0.8538851737976074
TEST_22721,0.907522976398468,0.9607343673706055
TEST_22722,0.006631726399064064,0.9769304990768433
TEST_22723,0.042319249361753464,0.9939404726028442
TEST_22724,0.9450808763504028,0.004430118948221207
TEST_22725,0.00080102653009817,0.9944398403167725
TEST_22726,0.002329742070287466,0.9068647623062134
TEST_22727,0.036203496158123016,0.9362161159515381
TEST_22728,0.02690640091896057,0.9632239937782288
TEST_22729,0.11699845641851425,0.9880995154380798
TEST_22730,0.9653276801109314,0.30694150924682617
TEST_22731,0.010022859089076519,0.996174156665802
TEST_22732,0.0012952073011547327,0.995560884475708
TEST_22733,0.004751414991915226,0.9884097576141357
TEST_22734,0.026043178513646126,0.8454829454421997
TEST_22735,0.026315955445170403,0.9949548840522766
TEST_22736,0.0023163731675595045,0.993818461894989
TEST_22737,0.6122626662254333,0.07921769469976425
TEST_22738,0.029406093060970306,0.7927150130271912
TEST_22739,0.025341181084513664,0.8231387734413147
TEST_22740,0.013461092486977577,0.977590799331665
TEST_22741,0.0032408239785581827,0.9500229954719543
TEST_22742,0.002051958814263344,0.9984557628631592
TEST_22743,0.0008532724459655583,0.9971826076507568
TEST_22744,0.002292538294568658,0.8402903079986572
TEST_22745,0.17822180688381195,0.9453246593475342
TEST_22746,0.0070077162235975266,0.9901682138442993
TEST_22747,0.057154953479766846,0.6145883798599243
TEST_22748,0.009154471568763256,0.99393230676651
TEST_22749,0.023795386776328087,0.9428543448448181
TEST_22750,0.9758837819099426,0.08538035303354263
TEST_22751,0.0025396912824362516,0.9933333992958069
TEST_22752,0.005614067893475294,0.998824417591095
TEST_22753,0.013043477199971676,0.9850065112113953
TEST_22754,0.024264173582196236,0.9741585850715637
TEST_22755,0.10820244997739792,0.9853177666664124
TEST_22756,0.23848867416381836,0.6944177746772766
TEST_22757,0.05740729346871376,0.9988644123077393
TEST_22758,0.04008946940302849,0.9805369973182678
TEST_22759,0.07533276081085205,0.9406067728996277
TEST_22760,0.6529555916786194,0.9255900979042053
TEST_22761,0.025777583941817284,0.9043079018592834
TEST_22762,0.019885672256350517,0.9904561638832092
TEST_22763,0.006092389114201069,0.9949753284454346
TEST_22764,0.2340739667415619,0.9950025677680969
TEST_22765,0.0372132733464241,0.9818019270896912
TEST_22766,0.0026619730051606894,0.12445413321256638
TEST_22767,0.0037351218052208424,0.9336039423942566
TEST_22768,0.00320508424192667,0.9806195497512817
TEST_22769,0.5822818875312805,0.021121442317962646
TEST_22770,0.034205276519060135,0.9707601070404053
TEST_22771,0.40850669145584106,0.3564428389072418
TEST_22772,0.0014213434187695384,0.9958723187446594
TEST_22773,0.40816396474838257,0.9165863990783691
TEST_22774,0.0005791823496110737,0.9995711445808411
TEST_22775,0.028011895716190338,0.9268484711647034
TEST_22776,0.036069970577955246,0.9935872554779053
TEST_22777,0.0287337526679039,0.10912542790174484
TEST_22778,0.16647565364837646,0.9992664456367493
TEST_22779,0.005246884189546108,0.9924307465553284
TEST_22780,0.007874988950788975,0.9936052560806274
TEST_22781,0.007964447140693665,0.9981738328933716
TEST_22782,0.0011311538983136415,0.9998353719711304
TEST_22783,0.012093734927475452,0.9947143197059631
TEST_22784,0.02474815770983696,0.8891523480415344
TEST_22785,0.02925458364188671,0.9619404077529907
TEST_22786,0.003181140637025237,0.9981666803359985
TEST_22787,0.00060129608027637,0.9984245300292969
TEST_22788,0.58344566822052,0.8783417344093323
TEST_22789,0.02553613670170307,0.9016827344894409
TEST_22790,0.030386006459593773,0.924285888671875
TEST_22791,0.0036382919643074274,0.9996042847633362
TEST_22792,0.007028911262750626,0.9961856007575989
TEST_22793,0.041334159672260284,0.9028726816177368
TEST_22794,0.0016557933995500207,0.9943589568138123
TEST_22795,0.000528154312632978,0.998469889163971
TEST_22796,0.04059751331806183,0.8363699913024902
TEST_22797,0.06665509194135666,0.5492595434188843
TEST_22798,0.5313940048217773,0.9767826199531555
TEST_22799,0.0037593140732496977,0.9945576190948486
TEST_22800,0.02098357304930687,0.8892574310302734
TEST_22801,0.1616819202899933,0.9088264107704163
TEST_22802,0.03954305499792099,0.9262484312057495
TEST_22803,0.003862667828798294,0.9986112117767334
TEST_22804,0.038038644939661026,0.8689672946929932
TEST_22805,0.9393922090530396,0.9440743923187256
TEST_22806,4.4386684749042615e-05,0.9995668530464172
TEST_22807,0.8811818361282349,0.22526444494724274
TEST_22808,0.002674063900485635,0.9097905158996582
TEST_22809,0.04077274352312088,0.9959548711776733
TEST_22810,0.0015276712365448475,0.9817543625831604
TEST_22811,0.0056580970995128155,0.9938848614692688
TEST_22812,0.9379057288169861,0.8616362810134888
TEST_22813,0.019613618031144142,0.9270178079605103
TEST_22814,0.026756713166832924,0.9512835741043091
TEST_22815,0.0013388404622673988,0.9967505931854248
TEST_22816,0.9994720816612244,0.0002703092759475112
TEST_22817,0.018266454339027405,0.9622485041618347
TEST_22818,0.043241195380687714,0.9109847545623779
TEST_22819,0.04798765853047371,0.8886796236038208
TEST_22820,0.007521746680140495,0.9985083937644958
TEST_22821,0.019893908873200417,0.9167836308479309
TEST_22822,0.8138289451599121,0.8255488872528076
TEST_22823,0.001986298244446516,0.9826177954673767
TEST_22824,0.007691886276006699,0.9970329999923706
TEST_22825,0.00452372245490551,0.9396516680717468
TEST_22826,0.0029469372238963842,0.9999912977218628
TEST_22827,0.007517714519053698,0.9733927249908447
TEST_22828,0.028743650764226913,0.9472656846046448
TEST_22829,0.009782254695892334,0.9628702998161316
TEST_22830,0.03726261109113693,0.950962245464325
TEST_22831,0.018728820607066154,0.9587922096252441
TEST_22832,0.0014669563388451934,0.9966398477554321
TEST_22833,6.768441380700096e-05,0.9997254014015198
TEST_22834,0.006365681067109108,0.9811152219772339
TEST_22835,0.0015983012272045016,0.9890226125717163
TEST_22836,0.002146160462871194,0.9938659071922302
TEST_22837,0.021649817004799843,0.9800664186477661
TEST_22838,0.01694575324654579,0.9240850806236267
TEST_22839,0.02942621521651745,0.9868899583816528
TEST_22840,0.05157270282506943,0.9984570741653442
TEST_22841,0.09787463396787643,0.9683020710945129
TEST_22842,0.016042064875364304,0.9454445242881775
TEST_22843,0.03194704279303551,0.9158056974411011
TEST_22844,0.0005284532089717686,0.9998806715011597
TEST_22845,0.0027861043345183134,0.9937553405761719
TEST_22846,0.5897423028945923,0.9711559414863586
TEST_22847,0.048293910920619965,0.9188687205314636
TEST_22848,0.3686356544494629,0.36905816197395325
TEST_22849,0.014766852371394634,0.9773355722427368
TEST_22850,0.024384569376707077,0.994623064994812
TEST_22851,0.00535679841414094,0.9991865754127502
TEST_22852,0.10973869264125824,0.8625798225402832
TEST_22853,0.018051518127322197,0.9915435314178467
TEST_22854,0.008763028308749199,0.9877749681472778
TEST_22855,0.0006945440545678139,0.999322772026062
TEST_22856,0.027544407173991203,0.9330583810806274
TEST_22857,0.01728237420320511,0.9653141498565674
TEST_22858,0.389606773853302,0.9392187595367432
TEST_22859,0.023351334035396576,0.989702582359314
TEST_22860,0.8781761527061462,0.0057589216157794
TEST_22861,0.015712106600403786,0.9889059066772461
TEST_22862,0.0749494731426239,0.9318671822547913
TEST_22863,0.007081945892423391,0.947838306427002
TEST_22864,0.045012641698122025,0.9932142496109009
TEST_22865,0.003213124116882682,0.9986568689346313
TEST_22866,0.04288411885499954,0.7905426025390625
TEST_22867,0.004801173694431782,0.9265547394752502
TEST_22868,0.0011788129340857267,0.9980490207672119
TEST_22869,0.9723623394966125,0.00033870566403493285
TEST_22870,0.00581728108227253,0.9989540576934814
TEST_22871,0.05144219473004341,0.9394292235374451
TEST_22872,0.022717567160725594,0.9970524311065674
TEST_22873,0.0003132079727947712,0.998099148273468
TEST_22874,0.012854673899710178,0.9948315024375916
TEST_22875,0.002085828222334385,0.9993411898612976
TEST_22876,0.001990481512621045,0.9989446997642517
TEST_22877,0.6553953886032104,0.7981621623039246
TEST_22878,0.008591408841311932,0.9577725529670715
TEST_22879,0.0004472644650377333,0.9979041814804077
TEST_22880,0.005513918120414019,0.9207835793495178
TEST_22881,0.04161979258060455,0.8732697367668152
TEST_22882,0.03648007661104202,0.9630467295646667
TEST_22883,0.011086199432611465,0.9444000720977783
TEST_22884,0.018584297969937325,0.9617745280265808
TEST_22885,0.0005447179428301752,0.9861496686935425
TEST_22886,0.0284852534532547,0.9826555252075195
TEST_22887,0.19445037841796875,0.8944969773292542
TEST_22888,0.021659525111317635,0.98946613073349
TEST_22889,0.28340932726860046,0.7675100564956665
TEST_22890,0.09017994999885559,0.2083325982093811
TEST_22891,0.24512021243572235,0.29568320512771606
TEST_22892,0.9603253602981567,0.8838655352592468
TEST_22893,0.0036622867919504642,0.9073671102523804
TEST_22894,0.06353496760129929,0.9768915772438049
TEST_22895,0.004547408781945705,0.9835118055343628
TEST_22896,0.023463869467377663,0.889846682548523
TEST_22897,0.017950426787137985,0.9366430640220642
TEST_22898,0.005401468835771084,0.9619155526161194
TEST_22899,0.009537112899124622,0.9926393032073975
TEST_22900,0.06015131622552872,0.9982852339744568
TEST_22901,0.00802153442054987,0.9915716648101807
TEST_22902,0.00138198456261307,0.9973838925361633
TEST_22903,0.0022137085907161236,0.9976590871810913
TEST_22904,0.46823135018348694,0.9517138004302979
TEST_22905,0.038522519171237946,0.8780274987220764
TEST_22906,0.2583814561367035,0.8291722536087036
TEST_22907,0.03650952875614166,0.8723665475845337
TEST_22908,0.2281126230955124,0.8821408152580261
TEST_22909,0.005820221733301878,0.7376486659049988
TEST_22910,0.0012008951744064689,0.9967830181121826
TEST_22911,0.9408174753189087,0.9954747557640076
TEST_22912,0.15553036332130432,0.9931886196136475
TEST_22913,0.01027184072881937,0.9961754083633423
TEST_22914,0.027180571109056473,0.6362556219100952
TEST_22915,0.0008301865891553462,0.9982379674911499
TEST_22916,0.005607392638921738,0.9930618405342102
TEST_22917,0.0033664973452687263,0.9925843477249146
TEST_22918,0.004083368461579084,0.9966379404067993
TEST_22919,0.005659049842506647,0.9327112436294556
TEST_22920,0.04071291908621788,0.811974823474884
TEST_22921,0.017144901677966118,0.9642088413238525
TEST_22922,0.04322776198387146,0.8630853891372681
TEST_22923,0.004076788201928139,0.9995806813240051
TEST_22924,0.20717351138591766,0.8649740219116211
TEST_22925,0.008358513005077839,0.8436015248298645
TEST_22926,0.00045330062857829034,0.9966179728507996
TEST_22927,0.026932990178465843,0.9242955446243286
TEST_22928,0.13865099847316742,0.850999653339386
TEST_22929,0.01230601780116558,0.9248529076576233
TEST_22930,0.9997687935829163,0.18381015956401825
TEST_22931,0.031200669705867767,0.9283177852630615
TEST_22932,0.00895173940807581,0.993021547794342
TEST_22933,0.8935921788215637,0.19639217853546143
TEST_22934,0.09385807812213898,0.8708367943763733
TEST_22935,0.1395450234413147,0.9185826778411865
TEST_22936,0.4588651955127716,0.8995734453201294
TEST_22937,0.047742072492837906,0.9038828015327454
TEST_22938,0.04219619184732437,0.9992173910140991
TEST_22939,0.022368451580405235,0.9956489205360413
TEST_22940,0.5533478856086731,0.9383156895637512
TEST_22941,0.6115084886550903,0.8874102234840393
TEST_22942,0.0330931656062603,0.9240968227386475
TEST_22943,0.03740731254220009,0.9713973999023438
TEST_22944,0.029514146968722343,0.9984267950057983
TEST_22945,0.0008740050252526999,0.9955449104309082
TEST_22946,0.0006278950022533536,0.9920492768287659
TEST_22947,0.005155583377927542,0.9950335025787354
TEST_22948,0.03155588358640671,0.9433792233467102
TEST_22949,0.0008194060646928847,0.9999723434448242
TEST_22950,0.0010948359267786145,0.9953985810279846
TEST_22951,0.008322524838149548,0.9938313961029053
TEST_22952,0.13584750890731812,0.9827839136123657
TEST_22953,0.012943090870976448,0.9006227850914001
TEST_22954,0.00018552834808360785,0.9995892643928528
TEST_22955,0.0006300020031630993,0.9981460571289062
TEST_22956,0.005293635185807943,0.9958966970443726
TEST_22957,0.0018669553101062775,0.9821620583534241
TEST_22958,0.08933399617671967,0.9918963313102722
TEST_22959,0.002970135537907481,0.998289167881012
TEST_22960,0.0014271123800426722,0.9987592697143555
TEST_22961,0.002893659984692931,0.9979692101478577
TEST_22962,0.003284365637227893,0.9869769215583801
TEST_22963,0.011630406603217125,0.9857240319252014
TEST_22964,0.1505478173494339,0.9914849400520325
TEST_22965,0.02293229289352894,0.9317980408668518
TEST_22966,0.0024836550001055002,0.9915964007377625
TEST_22967,0.005750180687755346,0.9660454392433167
TEST_22968,0.012135988101363182,0.9999837875366211
TEST_22969,0.004669767804443836,0.9982632994651794
TEST_22970,0.9063854217529297,0.11604750156402588
TEST_22971,0.021944589912891388,0.9756894111633301
TEST_22972,0.26383182406425476,0.877515971660614
TEST_22973,0.07020523399114609,0.9918456673622131
TEST_22974,0.19797885417938232,0.992473840713501
TEST_22975,0.012162049300968647,0.9953161478042603
TEST_22976,0.0007191693293862045,0.9981897473335266
TEST_22977,0.0029184946324676275,0.9940882921218872
TEST_22978,0.0037705597933381796,0.9946580529212952
TEST_22979,0.0036855426151305437,0.8609074354171753
TEST_22980,0.007010623347014189,0.9994798302650452
TEST_22981,0.05948339402675629,0.9741140007972717
TEST_22982,0.011753630824387074,0.9804110527038574
TEST_22983,0.3461826741695404,0.8562828898429871
TEST_22984,0.03828426077961922,0.9822583198547363
TEST_22985,0.01634947955608368,0.9953688979148865
TEST_22986,0.00037447328213602304,0.9995920062065125
TEST_22987,0.0052384487353265285,0.9748076796531677
TEST_22988,0.0015238248743116856,0.9994210004806519
TEST_22989,0.0012202097568660975,0.9989786148071289
TEST_22990,0.9925647974014282,0.03443516790866852
TEST_22991,0.004511704668402672,0.9884010553359985
TEST_22992,0.01535998284816742,0.9568449258804321
TEST_22993,0.027883147820830345,0.9566560387611389
TEST_22994,0.1930612325668335,0.9989750385284424
TEST_22995,0.004482305608689785,0.8975184559822083
TEST_22996,0.8287479877471924,0.8687270283699036
TEST_22997,0.003732220036908984,0.9804613590240479
TEST_22998,0.025868795812129974,0.9970828890800476
TEST_22999,0.0018349244492128491,0.9169692397117615
TEST_23000,0.011758788488805294,0.9273650050163269
TEST_23001,0.004006790462881327,0.8308137059211731
TEST_23002,0.027371687814593315,0.9850414395332336
TEST_23003,0.0023355893790721893,0.9540112018585205
TEST_23004,0.003972114995121956,0.9996229410171509
TEST_23005,0.06861201673746109,0.9407281279563904
TEST_23006,0.0023932275362312794,0.9988032579421997
TEST_23007,0.007541207130998373,0.9966224431991577
TEST_23008,0.0180636215955019,0.9994968175888062
TEST_23009,0.003462278051301837,0.9974257349967957
TEST_23010,0.00228972639888525,0.9987657070159912
TEST_23011,0.051577311009168625,0.983084499835968
TEST_23012,0.007418012246489525,0.9505912065505981
TEST_23013,0.0007482457440346479,0.9991896748542786
TEST_23014,0.3339248597621918,0.972942590713501
TEST_23015,0.008705802261829376,0.9999479055404663
TEST_23016,0.0037799247074872255,0.9892701506614685
TEST_23017,0.023914093151688576,0.9027343988418579
TEST_23018,0.7861496806144714,0.9340372085571289
TEST_23019,0.20992442965507507,0.8058462738990784
TEST_23020,0.004452611319720745,0.9931948184967041
TEST_23021,0.7885222434997559,0.5883045196533203
TEST_23022,0.17019867897033691,0.9287466406822205
TEST_23023,0.1855788379907608,0.97657710313797
TEST_23024,0.048731837421655655,0.976098358631134
TEST_23025,0.035922929644584656,0.9737694263458252
TEST_23026,0.0189875029027462,0.9008855223655701
TEST_23027,0.1350603550672531,0.5139358639717102
TEST_23028,0.012904433533549309,0.9896820187568665
TEST_23029,0.006080083083361387,0.9827866554260254
TEST_23030,0.251268595457077,0.9249982833862305
TEST_23031,0.006859865505248308,0.9967030882835388
TEST_23032,0.037905700504779816,0.994292140007019
TEST_23033,0.058759815990924835,0.9048359394073486
TEST_23034,0.7545416951179504,0.0293416865170002
TEST_23035,0.017571786418557167,0.9974104762077332
TEST_23036,0.02401394210755825,0.9072500467300415
TEST_23037,0.016439076513051987,0.9165822863578796
TEST_23038,0.01597391813993454,0.933526337146759
TEST_23039,0.9972928166389465,0.03476085513830185
TEST_23040,0.019840838387608528,0.9990761280059814
TEST_23041,0.022005174309015274,0.9905880689620972
TEST_23042,0.03797434642910957,0.9537304639816284
TEST_23043,0.005944046191871166,0.9720273017883301
TEST_23044,0.008673139847815037,0.9719948172569275
TEST_23045,0.06544290482997894,0.9965594410896301
TEST_23046,0.0761389508843422,0.8299259543418884
TEST_23047,0.0007898497860878706,0.9966791868209839
TEST_23048,0.010929438285529613,0.980753481388092
TEST_23049,0.000761126633733511,0.9885467290878296
TEST_23050,0.010125230066478252,0.9372991323471069
TEST_23051,0.00457493681460619,0.9971416592597961
TEST_23052,0.010351559147238731,0.9942213892936707
TEST_23053,0.03466970846056938,0.9678822159767151
TEST_23054,0.7550380825996399,0.8766186833381653
TEST_23055,0.0005238481098785996,0.998250424861908
TEST_23056,0.1424902230501175,0.6203232407569885
TEST_23057,0.0017647125059738755,0.9984427094459534
TEST_23058,0.01963394694030285,0.9500814080238342
TEST_23059,0.07648628950119019,0.9037688374519348
TEST_23060,0.009715443477034569,0.9938569664955139
TEST_23061,0.022591348737478256,0.9444414973258972
TEST_23062,0.9910910129547119,0.8888132572174072
TEST_23063,0.002438379218801856,0.9983265995979309
TEST_23064,0.07762131094932556,0.9616554379463196
TEST_23065,0.0027718248311430216,0.9995113611221313
TEST_23066,0.5742981433868408,0.9795036315917969
TEST_23067,0.22916783392429352,0.9375959634780884
TEST_23068,0.12475132197141647,0.9980927109718323
TEST_23069,0.029924092814326286,0.9999984502792358
TEST_23070,0.03697606176137924,0.9886744618415833
TEST_23071,0.0016111095901578665,0.9993890523910522
TEST_23072,0.002873480087146163,0.9997444748878479
TEST_23073,0.018187155947089195,0.9964924454689026
TEST_23074,0.002303401008248329,0.9998798370361328
TEST_23075,0.005870492663234472,0.9986888766288757
TEST_23076,0.0007735404069535434,0.9665370583534241
TEST_23077,0.03076738864183426,0.8957019448280334
TEST_23078,0.014203464612364769,0.906131386756897
TEST_23079,0.09464424103498459,0.9594041705131531
TEST_23080,0.15032507479190826,0.9206857085227966
TEST_23081,0.0007725047180429101,0.9992085099220276
TEST_23082,0.04287397861480713,0.9210993051528931
TEST_23083,0.002329097129404545,0.9983518123626709
TEST_23084,0.7050390243530273,0.8289000988006592
TEST_23085,0.017461437731981277,0.8971372246742249
TEST_23086,0.03802869841456413,0.9957497119903564
TEST_23087,0.006397628225386143,0.9936500191688538
TEST_23088,0.8598661422729492,0.09695644676685333
TEST_23089,0.017952274531126022,0.9777855277061462
TEST_23090,0.002509472891688347,0.9905461072921753
TEST_23091,0.024390636011958122,0.9851046204566956
TEST_23092,0.021546579897403717,0.8586590886116028
TEST_23093,0.08961530029773712,0.9930734038352966
TEST_23094,0.02779291570186615,0.9841921329498291
TEST_23095,0.00014422617095988244,0.9989538192749023
TEST_23096,0.001949187833815813,0.9991979002952576
TEST_23097,0.03665784373879433,0.9432762861251831
TEST_23098,0.00677794124931097,0.9853646159172058
TEST_23099,0.005890535190701485,0.9994327425956726
TEST_23100,0.0034973558504134417,0.9972104430198669
TEST_23101,0.005369961727410555,0.9725583791732788
TEST_23102,0.002321276580914855,0.660728931427002
TEST_23103,0.0010816173162311316,0.9923629760742188
TEST_23104,0.28863492608070374,0.9918302893638611
TEST_23105,0.015483427792787552,0.9661544561386108
TEST_23106,0.5241647958755493,0.16971808671951294
TEST_23107,0.1397077739238739,0.972320556640625
TEST_23108,0.00020170667266938835,0.9992875456809998
TEST_23109,0.020068997517228127,0.9984158277511597
TEST_23110,0.007249866146594286,0.9861055016517639
TEST_23111,0.318334698677063,0.9781118631362915
TEST_23112,0.006959770806133747,0.9992528557777405
TEST_23113,0.5126089453697205,0.7461498975753784
TEST_23114,0.42585286498069763,0.8617173433303833
TEST_23115,0.0006525836070068181,0.9995181560516357
TEST_23116,0.1195097342133522,0.9991797804832458
TEST_23117,0.0447453148663044,0.9210862517356873
TEST_23118,0.10574953258037567,0.7443029284477234
TEST_23119,0.029159750789403915,0.861372172832489
TEST_23120,0.0420331247150898,0.8978174328804016
TEST_23121,0.4425520598888397,0.3297173082828522
TEST_23122,0.0640791580080986,0.9386253356933594
TEST_23123,0.017604677006602287,0.8958491683006287
TEST_23124,0.002129871631041169,0.9669655561447144
TEST_23125,0.2118992656469345,0.5902377963066101
TEST_23126,0.1285594403743744,0.9424635767936707
TEST_23127,0.599867582321167,0.7864751219749451
TEST_23128,0.1264660656452179,0.9858879446983337
TEST_23129,0.034927450120449066,0.9897053837776184
TEST_23130,0.09214074164628983,0.7722559571266174
TEST_23131,0.6977555155754089,0.9933085441589355
TEST_23132,0.01657421886920929,0.9410994052886963
TEST_23133,0.6147734522819519,0.16964510083198547
TEST_23134,0.5115879774093628,0.9723910093307495
TEST_23135,0.09518664330244064,0.9345758557319641
TEST_23136,0.0017277358565479517,0.9836844205856323
TEST_23137,0.02150099352002144,0.8041355609893799
TEST_23138,0.08456503599882126,0.8448395729064941
TEST_23139,0.04928964003920555,0.8383851051330566
TEST_23140,0.9044334888458252,0.8057172894477844
TEST_23141,0.13468007743358612,0.6856774687767029
TEST_23142,0.2159471958875656,0.9979156851768494
TEST_23143,0.24880975484848022,0.6919772624969482
TEST_23144,0.00815747119486332,0.9160585999488831
TEST_23145,0.01622321642935276,0.9832103252410889
TEST_23146,0.24706465005874634,0.6372209787368774
TEST_23147,0.00584784522652626,0.9696975350379944
TEST_23148,0.021927710622549057,0.9988654851913452
TEST_23149,0.008072007447481155,0.9546723961830139
TEST_23150,0.0026578670367598534,0.9993846416473389
TEST_23151,0.039858315140008926,0.9438068270683289
TEST_23152,0.028201023116707802,0.9572290778160095
TEST_23153,0.000451265019364655,0.9993491768836975
TEST_23154,0.00329353054985404,0.9817988276481628
TEST_23155,0.0015590435359627008,0.9997605681419373
TEST_23156,0.00549796037375927,0.9873974919319153
TEST_23157,0.4128474295139313,0.9057559370994568
TEST_23158,0.008483300916850567,0.3531702160835266
TEST_23159,0.09210877865552902,0.6627081036567688
TEST_23160,0.002273238729685545,0.9994657635688782
TEST_23161,0.7162066102027893,0.6651060581207275
TEST_23162,0.013927759602665901,0.9905875325202942
TEST_23163,0.05192198604345322,0.9876289367675781
TEST_23164,0.9971460700035095,0.5852729082107544
TEST_23165,0.000891361094545573,0.9934705495834351
TEST_23166,0.0023116120137274265,0.9965227842330933
TEST_23167,0.032241180539131165,0.9642611145973206
TEST_23168,0.735089898109436,0.9035743474960327
TEST_23169,0.01003511156886816,0.9976093769073486
TEST_23170,0.006024620961397886,0.9893302321434021
TEST_23171,0.005193670745939016,0.995501697063446
TEST_23172,0.3138447403907776,0.9021313190460205
TEST_23173,0.0030155214481055737,0.822876513004303
TEST_23174,0.8988515734672546,0.8922927975654602
TEST_23175,0.030313871800899506,0.9287075996398926
TEST_23176,0.001728232717141509,0.995481014251709
TEST_23177,0.03048022650182247,0.9981393814086914
TEST_23178,0.02019285224378109,0.9999686479568481
TEST_23179,0.0007661690469831228,0.9978064894676208
TEST_23180,0.08233601599931717,0.9560919404029846
TEST_23181,0.022152118384838104,0.2606543302536011
TEST_23182,0.4063636064529419,0.8719739317893982
TEST_23183,0.18456560373306274,0.901799738407135
TEST_23184,0.06039022281765938,0.9076650738716125
TEST_23185,0.8969752192497253,0.8981053233146667
TEST_23186,0.01208368968218565,0.9882716536521912
TEST_23187,0.0013788437936455011,0.9935500621795654
TEST_23188,0.006182489916682243,0.955597996711731
TEST_23189,0.0062364935874938965,0.8773147463798523
TEST_23190,0.015431367792189121,0.949587881565094
TEST_23191,0.002571365563198924,0.951033353805542
TEST_23192,0.0021377147641032934,0.998239278793335
TEST_23193,0.00876416265964508,0.9247787594795227
TEST_23194,0.003625643439590931,0.9997504353523254
TEST_23195,0.0221653264015913,0.9102143049240112
TEST_23196,0.04370247572660446,0.9732821583747864
TEST_23197,0.01140305120497942,0.9947581887245178
TEST_23198,0.004210161045193672,0.9986864924430847
TEST_23199,0.007333895657211542,0.99366694688797
TEST_23200,0.1433592140674591,0.977627158164978
TEST_23201,0.01644202135503292,0.9843026399612427
TEST_23202,0.037493035197257996,0.8225350975990295
TEST_23203,0.0005517182871699333,0.9963622689247131
TEST_23204,0.02166895568370819,0.9994421601295471
TEST_23205,0.148866668343544,0.9636203646659851
TEST_23206,0.049356404691934586,0.8983266949653625
TEST_23207,0.004205881152302027,0.9570931196212769
TEST_23208,0.059629347175359726,0.9936826229095459
TEST_23209,0.03796787187457085,0.8219876885414124
TEST_23210,0.08707734197378159,0.8930699825286865
TEST_23211,0.002307253424078226,0.9961985945701599
TEST_23212,0.008909770287573338,0.9909043908119202
TEST_23213,0.007276587188243866,0.9936017394065857
TEST_23214,0.02976122312247753,0.9557814598083496
TEST_23215,0.031438905745744705,0.9240230917930603
TEST_23216,0.008048804476857185,0.9403079748153687
TEST_23217,0.021696384996175766,0.961416482925415
TEST_23218,0.0007852707058191299,0.9571008682250977
TEST_23219,0.004920695908367634,0.6229494214057922
TEST_23220,0.6657353043556213,0.431456595659256
TEST_23221,0.038187507539987564,0.995315432548523
TEST_23222,0.31099775433540344,0.6276374459266663
TEST_23223,0.0366828516125679,0.9940463304519653
TEST_23224,0.008647892624139786,0.9999203681945801
TEST_23225,0.022899001836776733,0.9967412352561951
TEST_23226,0.031480371952056885,0.9989680051803589
TEST_23227,0.0007576097850687802,0.9994175434112549
TEST_23228,0.0011457239743322134,0.9983769655227661
TEST_23229,0.27782267332077026,0.9831462502479553
TEST_23230,0.004347466863691807,0.9980581402778625
TEST_23231,0.26475203037261963,0.8085067868232727
TEST_23232,0.9997547268867493,7.778390863677487e-05
TEST_23233,0.013481211848556995,0.9994507431983948
TEST_23234,0.2832951843738556,0.909791111946106
TEST_23235,0.0010771305533125997,0.9958190321922302
TEST_23236,0.20717592537403107,0.718769907951355
TEST_23237,0.026929529383778572,0.9076298475265503
TEST_23238,0.014536788687109947,0.9057027697563171
TEST_23239,0.01782582327723503,0.9947263598442078
TEST_23240,0.8160996437072754,0.21861916780471802
TEST_23241,0.010302712209522724,0.9685809016227722
TEST_23242,0.01786937192082405,0.9772193431854248
TEST_23243,0.005807969719171524,0.5928175449371338
TEST_23244,0.008375497534871101,0.956916093826294
TEST_23245,0.002360038924962282,0.9985353946685791
TEST_23246,0.00918364804238081,0.9991047978401184
TEST_23247,0.005717689637094736,0.9960642457008362
TEST_23248,0.11514599621295929,0.6702022552490234
TEST_23249,0.27031782269477844,0.9610956311225891
TEST_23250,0.9999516010284424,0.00026135772350244224
TEST_23251,0.000534587656147778,0.9987608194351196
TEST_23252,0.08271589875221252,0.9737288951873779
TEST_23253,0.022593459114432335,0.9974483251571655
TEST_23254,0.7609152793884277,0.912552535533905
TEST_23255,0.00490313908085227,0.9971715807914734
TEST_23256,0.010290521197021008,0.9606072902679443
TEST_23257,0.004357431083917618,0.9931186437606812
TEST_23258,0.028987975791096687,0.9568783640861511
TEST_23259,0.0025299498811364174,0.9217190146446228
TEST_23260,0.004386339336633682,0.9966371059417725
TEST_23261,0.38134434819221497,0.8467763066291809
TEST_23262,0.011698069050908089,0.9707581996917725
TEST_23263,0.0018760800594463944,0.9965205192565918
TEST_23264,0.04008713737130165,0.9690320491790771
TEST_23265,0.4458107054233551,0.8948517441749573
TEST_23266,0.009721468202769756,0.9753777980804443
TEST_23267,0.010517184622585773,0.9083592891693115
TEST_23268,0.27124181389808655,0.9669681191444397
TEST_23269,0.010008887387812138,0.9730657339096069
TEST_23270,0.004163671284914017,0.9975742697715759
TEST_23271,0.3622508645057678,0.998791515827179
TEST_23272,0.012472809292376041,0.9488232731819153
TEST_23273,0.0046666087582707405,0.9940798878669739
TEST_23274,0.018174944445490837,0.9922856092453003
TEST_23275,0.015653088688850403,0.9840297698974609
TEST_23276,0.00483165867626667,0.7315225601196289
TEST_23277,0.05091390758752823,0.9997753500938416
TEST_23278,0.022644584998488426,0.9969744682312012
TEST_23279,0.4056450426578522,0.13068805634975433
TEST_23280,0.07190535962581635,0.9574511647224426
TEST_23281,0.002438205061480403,0.9974161386489868
TEST_23282,0.9997381567955017,0.0003997714084107429
TEST_23283,0.02360188215970993,0.9094143509864807
TEST_23284,0.00907091610133648,0.9999984502792358
TEST_23285,0.07354913651943207,0.9037063121795654
TEST_23286,0.007825679145753384,0.9964978098869324
TEST_23287,0.0014569131890311837,0.9907003045082092
TEST_23288,0.6587312817573547,0.2806794345378876
TEST_23289,5.720602712244727e-05,0.9999312162399292
TEST_23290,0.110466867685318,0.4670337438583374
TEST_23291,0.0023601693101227283,0.9993276596069336
TEST_23292,0.07851744443178177,0.9956203103065491
TEST_23293,0.00026158682885579765,0.9997907280921936
TEST_23294,0.5120217800140381,0.8887887597084045
TEST_23295,0.7785190939903259,0.015165052376687527
TEST_23296,0.8167011141777039,0.060525305569171906
TEST_23297,0.011601461097598076,0.47332486510276794
TEST_23298,0.3127608001232147,0.8859248757362366
TEST_23299,0.011825306341052055,0.996151864528656
TEST_23300,0.003884891513735056,0.9991466999053955
TEST_23301,0.0004756903799716383,0.9990487694740295
TEST_23302,0.002054044511169195,0.9777141213417053
TEST_23303,0.052842237055301666,0.7897647619247437
TEST_23304,0.14524778723716736,0.8471909761428833
TEST_23305,0.004731484688818455,0.9876745343208313
TEST_23306,0.02532484382390976,0.8542559146881104
TEST_23307,0.8523949384689331,0.8714154958724976
TEST_23308,0.02518586628139019,0.9155148267745972
TEST_23309,0.00526043027639389,0.986179530620575
TEST_23310,0.003896152600646019,0.9845563173294067
TEST_23311,0.017624497413635254,0.9598667025566101
TEST_23312,0.010960854589939117,0.9941881895065308
TEST_23313,0.21461564302444458,0.9685941934585571
TEST_23314,0.03051765076816082,0.9174497127532959
TEST_23315,0.02552170306444168,0.9644583463668823
TEST_23316,0.00210076617076993,0.9507423639297485
TEST_23317,0.003075716085731983,0.996060311794281
TEST_23318,0.007573924958705902,0.9680560231208801
TEST_23319,0.0959276631474495,0.12839560210704803
TEST_23320,0.031113212928175926,0.9840555191040039
TEST_23321,0.018011609092354774,0.9311791062355042
TEST_23322,0.21901501715183258,0.8854478597640991
TEST_23323,0.5400723814964294,0.9323817491531372
TEST_23324,0.015440882183611393,0.9712821245193481
TEST_23325,0.017722778022289276,0.9945942759513855
TEST_23326,0.028453361243009567,0.9996411800384521
TEST_23327,0.002571157878264785,0.9974460601806641
TEST_23328,0.01921794004738331,0.9999521970748901
TEST_23329,0.006757162045687437,0.9954923391342163
TEST_23330,0.9998869895935059,2.6182100555161014e-05
TEST_23331,0.010643343441188335,0.9326412081718445
TEST_23332,0.19442236423492432,0.07679004967212677
TEST_23333,0.28558823466300964,0.8000872135162354
TEST_23334,0.040937941521406174,0.8684619665145874
TEST_23335,0.0047327871434390545,0.9134870171546936
TEST_23336,0.011985315009951591,0.9947652816772461
TEST_23337,0.10236325114965439,0.80379718542099
TEST_23338,0.035405177623033524,0.6597509384155273
TEST_23339,0.01936819776892662,0.9998881816864014
TEST_23340,0.014045278541743755,0.9844248294830322
TEST_23341,0.0036482408177107573,0.9845321774482727
TEST_23342,0.00509765837341547,0.9947541952133179
TEST_23343,0.0051701972261071205,0.988731861114502
TEST_23344,0.0019965998362749815,0.9913166761398315
TEST_23345,0.13180458545684814,0.955352246761322
TEST_23346,0.023645034059882164,0.9737024307250977
TEST_23347,0.004174434579908848,0.9959523677825928
TEST_23348,0.00769089674577117,0.9758561849594116
TEST_23349,0.018529385328292847,0.9731235504150391
TEST_23350,0.7046500444412231,0.3495320975780487
TEST_23351,0.00563910324126482,0.9694594740867615
TEST_23352,0.02358708344399929,0.9516534209251404
TEST_23353,0.09802352637052536,0.8835375905036926
TEST_23354,0.3271094560623169,0.40914860367774963
TEST_23355,0.05864761024713516,0.9987989664077759
TEST_23356,0.029109936207532883,0.9931387305259705
TEST_23357,0.011309572495520115,0.9874134063720703
TEST_23358,0.0023833138402551413,0.9822953939437866
TEST_23359,0.005827709101140499,0.9909542202949524
TEST_23360,0.09303835034370422,0.8869903087615967
TEST_23361,0.017574872821569443,0.9674212336540222
TEST_23362,0.008884633891284466,0.9979748129844666
TEST_23363,0.04942161962389946,0.8214024901390076
TEST_23364,0.02663242444396019,0.953967809677124
TEST_23365,0.49008920788764954,0.8146959543228149
TEST_23366,0.003501910949125886,0.9917914867401123
TEST_23367,0.0015116105787456036,0.9896822571754456
TEST_23368,0.008736575953662395,0.992965579032898
TEST_23369,0.0651358813047409,0.8816684484481812
TEST_23370,0.003758735256269574,0.999763548374176
TEST_23371,0.010472459718585014,0.998244047164917
TEST_23372,0.03308385610580444,0.7756759524345398
TEST_23373,0.004957808647304773,0.9966802597045898
TEST_23374,0.08290041983127594,0.8376348614692688
TEST_23375,0.2106674760580063,0.7952677011489868
TEST_23376,0.026488633826375008,0.9937667846679688
TEST_23377,0.004530536476522684,0.7593674659729004
TEST_23378,0.03198786452412605,0.9190142750740051
TEST_23379,0.0037973097059875727,0.9165998101234436
TEST_23380,0.0027245536912232637,0.9846833348274231
TEST_23381,9.735231287777424e-05,0.9998705387115479
TEST_23382,0.0017315627774223685,0.9995430707931519
TEST_23383,0.00035569557803682983,0.9992814660072327
TEST_23384,0.0005004367558285594,0.998126208782196
TEST_23385,0.0626038983464241,0.6287838816642761
TEST_23386,0.30517566204071045,0.8063520193099976
TEST_23387,0.025013867765665054,0.9008658528327942
TEST_23388,0.0032138298265635967,0.9987345337867737
TEST_23389,0.17307978868484497,0.8959200382232666
TEST_23390,0.0025207216385751963,0.9924867153167725
TEST_23391,0.08226283639669418,0.7971411943435669
TEST_23392,0.024290207773447037,0.8250885605812073
TEST_23393,0.0603671669960022,0.9389126300811768
TEST_23394,0.008421785198152065,0.9985766410827637
TEST_23395,0.029507704079151154,0.9117785692214966
TEST_23396,0.0015801115659996867,0.988666296005249
TEST_23397,0.07805731892585754,0.9640013575553894
TEST_23398,0.0016557933995500207,0.9764386415481567
TEST_23399,0.895293116569519,0.9439011216163635
TEST_23400,0.8566909432411194,0.9527373909950256
TEST_23401,0.007369093131273985,0.9959604144096375
TEST_23402,0.21178822219371796,0.7903594374656677
TEST_23403,0.0011590496869757771,0.9927271604537964
TEST_23404,0.012668324634432793,0.9956849813461304
TEST_23405,0.3181789219379425,0.011613809503614902
TEST_23406,0.0026715444400906563,0.999346911907196
TEST_23407,0.002808797173202038,0.9937927722930908
TEST_23408,0.003014711430296302,0.9964334964752197
TEST_23409,0.3748520016670227,0.3056502938270569
TEST_23410,0.23050028085708618,0.2435368448495865
TEST_23411,0.045182354748249054,0.9452891945838928
TEST_23412,0.0028861539904028177,0.9858561754226685
TEST_23413,0.014204706996679306,0.6543633341789246
TEST_23414,0.2162538319826126,0.9725491404533386
TEST_23415,0.018183507025241852,0.88942950963974
TEST_23416,0.02711951918900013,0.8043758273124695
TEST_23417,0.015685006976127625,0.844769299030304
TEST_23418,0.006520664319396019,0.9934419393539429
TEST_23419,0.9511573910713196,0.03578336164355278
TEST_23420,0.00017681070312391967,0.999832272529602
TEST_23421,5.845626219525002e-05,0.9999885559082031
TEST_23422,0.023538511246442795,0.9470614194869995
TEST_23423,0.8098161220550537,0.9941101670265198
TEST_23424,0.03744783625006676,0.9970755577087402
TEST_23425,0.02940804697573185,0.8959586024284363
TEST_23426,0.0542379729449749,0.8747153878211975
TEST_23427,0.008552570827305317,0.9628691077232361
TEST_23428,0.03614726662635803,0.8496522903442383
TEST_23429,0.015542428009212017,0.8955992460250854
TEST_23430,0.1279432326555252,0.9269366264343262
TEST_23431,0.007518600206822157,0.9974431991577148
TEST_23432,0.023745974525809288,0.9362468719482422
TEST_23433,0.02292722836136818,0.8568043112754822
TEST_23434,0.06661094725131989,0.9716386198997498
TEST_23435,0.0003072526305913925,0.9981127977371216
TEST_23436,0.00467205373570323,0.9883105754852295
TEST_23437,0.002562446054071188,0.9945037364959717
TEST_23438,0.6206433176994324,0.943981945514679
TEST_23439,0.05504736304283142,0.19640009105205536
TEST_23440,0.07348322868347168,0.7804529666900635
TEST_23441,0.0005198558210395277,0.9985992312431335
TEST_23442,0.9777180552482605,0.8110421895980835
TEST_23443,0.009815209545195103,0.9639739394187927
TEST_23444,0.33094608783721924,0.873801589012146
TEST_23445,0.010522555559873581,0.9824295043945312
TEST_23446,0.0043167960830032825,0.9998695850372314
TEST_23447,0.03177998587489128,0.9874539375305176
TEST_23448,0.001391526311635971,0.9461526274681091
TEST_23449,0.03464632108807564,0.9822583198547363
TEST_23450,0.0675695613026619,0.9963091015815735
TEST_23451,0.010096556507050991,0.9921248555183411
TEST_23452,0.15431177616119385,0.9407112002372742
TEST_23453,0.013323241844773293,0.995509147644043
TEST_23454,0.04358691722154617,0.8443459272384644
TEST_23455,0.000637022138107568,0.996920108795166
TEST_23456,0.005884495563805103,0.9958229064941406
TEST_23457,0.012722186744213104,0.9960280656814575
TEST_23458,0.018985433503985405,0.9948214292526245
TEST_23459,0.03269687667489052,0.8946537375450134
TEST_23460,0.005928902421146631,0.8999621272087097
TEST_23461,0.004899922292679548,0.6964027285575867
TEST_23462,0.2740267515182495,0.9790457487106323
TEST_23463,0.28055059909820557,0.881257951259613
TEST_23464,0.03959890455007553,0.9842055439949036
TEST_23465,0.02591118775308132,0.8834699392318726
TEST_23466,0.03381442278623581,0.9954391121864319
TEST_23467,0.6734383702278137,0.9583772420883179
TEST_23468,0.02240915596485138,0.9462720155715942
TEST_23469,0.9337846040725708,0.8064548373222351
TEST_23470,0.02032848447561264,0.9942185878753662
TEST_23471,0.0010518649360165,0.8998674750328064
TEST_23472,0.011624382808804512,0.9654806852340698
TEST_23473,0.9733138680458069,0.004331393167376518
TEST_23474,0.004061367828398943,0.9976242184638977
TEST_23475,0.012248617596924305,0.9778944253921509
TEST_23476,0.5757726430892944,0.9983755350112915
TEST_23477,0.9998125433921814,0.00016022816998884082
TEST_23478,0.031030122190713882,0.9651905298233032
TEST_23479,0.01252271793782711,0.9927345514297485
TEST_23480,0.020911144092679024,0.8391307592391968
TEST_23481,0.014299633912742138,0.9912400841712952
TEST_23482,0.0047989049926400185,0.996271014213562
TEST_23483,0.31444045901298523,0.7679797410964966
TEST_23484,0.011608889326453209,0.044597990810871124
TEST_23485,0.00022989633725956082,0.9946972131729126
TEST_23486,0.0015419062692672014,0.9982920289039612
TEST_23487,0.01581493392586708,0.8061901330947876
TEST_23488,0.0018711424199864268,0.9999878406524658
TEST_23489,0.9999996423721313,0.00017004790424834937
TEST_23490,0.003047203179448843,0.9835229516029358
TEST_23491,0.030102292075753212,0.9869117736816406
TEST_23492,0.055331964045763016,0.8832135796546936
TEST_23493,0.022562092170119286,0.9260327219963074
TEST_23494,0.009194775484502316,0.9995410442352295
TEST_23495,0.08497960865497589,0.8771129250526428
TEST_23496,0.01456981897354126,0.9952175617218018
TEST_23497,0.05776984617114067,0.9699277281761169
TEST_23498,0.015563633292913437,0.9944180250167847
TEST_23499,0.005427694879472256,0.9997944235801697
TEST_23500,0.006601052824407816,0.8804047107696533
TEST_23501,0.013843564316630363,0.9987537860870361
TEST_23502,0.0063604325987398624,0.9333998560905457
TEST_23503,0.002911623101681471,0.7759906053543091
TEST_23504,0.000371151661965996,0.9966490864753723
TEST_23505,0.019090915098786354,0.9955317974090576
TEST_23506,0.03976456820964813,0.9391767978668213
TEST_23507,0.7295498251914978,0.023088445886969566
TEST_23508,0.008676252327859402,0.970397412776947
TEST_23509,0.00022506758978124708,0.9989684820175171
TEST_23510,0.03377155214548111,0.9625913500785828
TEST_23511,0.9912954568862915,0.8240916132926941
TEST_23512,0.005991301499307156,0.9002969861030579
TEST_23513,0.059965044260025024,0.9974742531776428
TEST_23514,0.004392397124320269,0.9954565763473511
TEST_23515,0.6148168444633484,0.8741347789764404
TEST_23516,0.00724349170923233,0.9967345595359802
TEST_23517,0.015406639315187931,0.8835357427597046
TEST_23518,0.0008167073829099536,0.9305606484413147
TEST_23519,0.018087094649672508,0.922586977481842
TEST_23520,0.009150804951786995,0.9923702478408813
TEST_23521,0.019816722720861435,0.9866847395896912
TEST_23522,0.004685461055487394,0.9951781034469604
TEST_23523,0.056434515863657,0.9030804634094238
TEST_23524,0.21690718829631805,0.9638906121253967
TEST_23525,0.0060223969630897045,0.9546356797218323
TEST_23526,0.0001383051130687818,0.9996188879013062
TEST_23527,0.0032059617806226015,0.9980877041816711
TEST_23528,0.000746886886190623,0.9989663362503052
TEST_23529,0.0023005008697509766,0.9649668335914612
TEST_23530,0.01104692928493023,0.9985544085502625
TEST_23531,0.004471611697226763,0.9971897006034851
TEST_23532,0.0013105926336720586,0.9877915382385254
TEST_23533,0.04369674623012543,0.8408399820327759
TEST_23534,0.0455021858215332,0.993750274181366
TEST_23535,0.0010474594309926033,0.9999576807022095
TEST_23536,0.01780216209590435,0.9541099071502686
TEST_23537,0.06358654052019119,0.9866124391555786
TEST_23538,0.9230915307998657,0.8642957210540771
TEST_23539,0.00590020976960659,0.9878820180892944
TEST_23540,0.319753497838974,0.983954668045044
TEST_23541,0.05300857499241829,0.9662512540817261
TEST_23542,0.12464456260204315,0.9717734456062317
TEST_23543,0.004551347345113754,0.9974091649055481
TEST_23544,0.0037668291479349136,0.9481012225151062
TEST_23545,0.024361224845051765,0.9988995790481567
TEST_23546,0.002062431536614895,0.9962471127510071
TEST_23547,0.0635070875287056,0.9443122148513794
TEST_23548,0.0004973193863406777,0.9989644289016724
TEST_23549,0.18585582077503204,0.9723154902458191
TEST_23550,0.009787697345018387,0.9942301511764526
TEST_23551,0.02205035649240017,0.9955440163612366
TEST_23552,0.7611505389213562,0.5622690320014954
TEST_23553,0.03449749946594238,0.9797178506851196
TEST_23554,0.009223834611475468,0.9837414026260376
TEST_23555,0.02241205796599388,0.9992517828941345
TEST_23556,0.08442237228155136,0.7220587134361267
TEST_23557,1.0,1.6200103480912276e-09
TEST_23558,0.005883137695491314,0.8450552225112915
TEST_23559,0.022394906729459763,0.6477811336517334
TEST_23560,0.0128485644236207,0.998522937297821
TEST_23561,0.01386639941483736,0.9985587000846863
TEST_23562,0.029439272359013557,0.6891773343086243
TEST_23563,0.08599099516868591,0.995118260383606
TEST_23564,0.7777162790298462,0.9621893167495728
TEST_23565,0.0018160820472985506,0.9353026747703552
TEST_23566,0.08766485005617142,0.9453626871109009
TEST_23567,0.33941516280174255,0.9908037185668945
TEST_23568,0.023230116814374924,0.9982203841209412
TEST_23569,0.006183368153870106,0.9959198236465454
TEST_23570,0.09554954618215561,0.9042408466339111
TEST_23571,0.0293432604521513,0.8011063933372498
TEST_23572,0.020686309784650803,0.9711021780967712
TEST_23573,0.15852880477905273,0.22708888351917267
TEST_23574,0.004418311174958944,0.237204447388649
TEST_23575,0.003778398735448718,0.9980818033218384
TEST_23576,0.013106181286275387,0.9961727261543274
TEST_23577,0.41228118538856506,0.9999693632125854
TEST_23578,0.007393535226583481,0.9951035976409912
TEST_23579,0.046757083386182785,0.9924519658088684
TEST_23580,0.04420764744281769,0.9654067158699036
TEST_23581,0.018993260338902473,0.9040834307670593
TEST_23582,0.125992089509964,0.8737147450447083
TEST_23583,0.9996567964553833,2.9054444894427434e-05
TEST_23584,0.20305271446704865,0.8575374484062195
TEST_23585,0.0008728972170501947,0.9827628135681152
TEST_23586,0.010687251575291157,0.9455115795135498
TEST_23587,0.006931784097105265,0.9988065958023071
TEST_23588,0.011445325799286366,0.9974086880683899
TEST_23589,0.30296194553375244,0.23741158843040466
TEST_23590,0.02800431288778782,0.9886084794998169
TEST_23591,0.9224263429641724,0.9360865950584412
TEST_23592,0.0854734554886818,0.8830360770225525
TEST_23593,0.002550591016188264,0.9965168237686157
TEST_23594,0.003039737930521369,0.9991969466209412
TEST_23595,0.17233511805534363,0.7853266000747681
TEST_23596,0.09859983623027802,0.9962866306304932
TEST_23597,0.0014218965079635382,0.9845481514930725
TEST_23598,0.014143083244562149,0.9243955612182617
TEST_23599,0.023812105879187584,0.9355349540710449
TEST_23600,0.001646357704885304,0.9976085424423218
TEST_23601,0.0010335914557799697,0.9983713030815125
TEST_23602,0.0004164762212894857,0.9916479587554932
TEST_23603,0.036091845482587814,0.8962482810020447
TEST_23604,0.021001309156417847,0.994019627571106
TEST_23605,0.5738657712936401,0.9458739757537842
TEST_23606,0.992948055267334,0.14334647357463837
TEST_23607,0.012662571854889393,0.9789304733276367
TEST_23608,0.04321576654911041,0.9458218812942505
TEST_23609,0.9991990923881531,0.00022421873291023076
TEST_23610,0.006811394821852446,0.8053436279296875
TEST_23611,0.06243892014026642,0.9857036471366882
TEST_23612,0.003732546465471387,0.9983009696006775
TEST_23613,0.0009478899883106351,0.9959920048713684
TEST_23614,0.01221397053450346,0.9960512518882751
TEST_23615,0.43927958607673645,0.7974768280982971
TEST_23616,0.008163627237081528,0.974871814250946
TEST_23617,0.016523147001862526,0.972588837146759
TEST_23618,0.0030694869346916676,0.9997420907020569
TEST_23619,0.021688170731067657,0.9952688813209534
TEST_23620,0.00019947695545852184,0.9991703033447266
TEST_23621,0.036338064819574356,0.9976400136947632
TEST_23622,0.0031732243951410055,0.9898203611373901
TEST_23623,0.007549055386334658,0.9362796545028687
TEST_23624,0.057986319065093994,0.9928810596466064
TEST_23625,0.004363332875072956,0.9816834926605225
TEST_23626,0.3500736653804779,0.6273617744445801
TEST_23627,0.03481736779212952,0.560715913772583
TEST_23628,0.005513395182788372,0.9864875674247742
TEST_23629,0.042841412127017975,0.9693738222122192
TEST_23630,0.030388254672288895,0.8815917372703552
TEST_23631,0.3151775598526001,0.9605207443237305
TEST_23632,0.010531614534556866,0.9930154085159302
TEST_23633,0.035559602081775665,0.9621466398239136
TEST_23634,0.04136458411812782,0.9107018709182739
TEST_23635,0.8267370462417603,0.47954127192497253
TEST_23636,0.00132469623349607,0.9990041851997375
TEST_23637,0.011737766675651073,0.9971563816070557
TEST_23638,0.0002735095622483641,0.9999659061431885
TEST_23639,0.03928021341562271,0.8007763028144836
TEST_23640,0.035614509135484695,0.8462353944778442
TEST_23641,0.003932656720280647,0.9897342920303345
TEST_23642,0.0009659716743044555,0.9985925555229187
TEST_23643,0.007403999101370573,0.9969203472137451
TEST_23644,0.11768360435962677,0.36591634154319763
TEST_23645,0.0657346248626709,0.9984439015388489
TEST_23646,0.01016830001026392,0.8846251368522644
TEST_23647,0.008269039914011955,0.9952988028526306
TEST_23648,0.0031516714952886105,0.9999899864196777
TEST_23649,0.13120132684707642,0.7891995310783386
TEST_23650,0.030599668622016907,0.9808760285377502
TEST_23651,0.015471002086997032,0.855452299118042
TEST_23652,0.017516497522592545,0.9973913431167603
TEST_23653,0.0008639810839667916,0.9985451698303223
TEST_23654,0.0017825281247496605,0.9996033310890198
TEST_23655,0.00123829476069659,0.9862805604934692
TEST_23656,0.10746132582426071,0.5821738243103027
TEST_23657,0.0008080347324721515,0.9897936582565308
TEST_23658,0.023209223523736,0.9896059036254883
TEST_23659,0.027771756052970886,0.947506844997406
TEST_23660,0.001224605948664248,0.9557613134384155
TEST_23661,0.0058905379846692085,0.9996181726455688
TEST_23662,0.0006711799651384354,0.9991349577903748
TEST_23663,0.004333768505603075,0.9965409636497498
TEST_23664,0.0033849505707621574,0.996516227722168
TEST_23665,0.024408811703324318,0.9093173742294312
TEST_23666,0.09891680628061295,0.9001278281211853
TEST_23667,0.01870141550898552,0.5888956785202026
TEST_23668,0.057121098041534424,0.9819583296775818
TEST_23669,0.0033463926520198584,0.9810576438903809
TEST_23670,0.05414419621229172,0.9928465485572815
TEST_23671,0.021002179011702538,0.9886088371276855
TEST_23672,2.2852676920592785e-05,1.0
TEST_23673,7.42460397304967e-05,0.9999004602432251
TEST_23674,0.00895467959344387,0.9238459467887878
TEST_23675,0.049079034477472305,0.9643383622169495
TEST_23676,0.003959559369832277,0.9975569248199463
TEST_23677,0.10592380911111832,0.9073086380958557
TEST_23678,0.0069071706384420395,0.9985491633415222
TEST_23679,0.011256001889705658,0.9913661479949951
TEST_23680,0.00046266044955700636,0.9961190223693848
TEST_23681,0.9896803498268127,0.9405741095542908
TEST_23682,0.0550733283162117,0.7672756910324097
TEST_23683,0.0833047404885292,0.9795333743095398
TEST_23684,0.00021217828907538205,0.999543309211731
TEST_23685,0.8141842484474182,0.9592053890228271
TEST_23686,0.00657601049169898,0.9977637529373169
TEST_23687,0.9807372689247131,0.8070804476737976
TEST_23688,0.000843224988784641,0.9978061318397522
TEST_23689,0.7079635858535767,0.45730194449424744
TEST_23690,0.0005109361372888088,0.999930739402771
TEST_23691,0.001876675058156252,0.999600350856781
TEST_23692,0.06616968661546707,0.9835137128829956
TEST_23693,0.006033236160874367,0.9976894855499268
TEST_23694,0.0029078589286655188,0.9997473359107971
TEST_23695,0.010638545267283916,0.6429753303527832
TEST_23696,0.00286092865280807,0.9922135472297668
TEST_23697,0.014550797641277313,0.9266719818115234
TEST_23698,0.0013850233517587185,0.9946698546409607
TEST_23699,0.026212530210614204,0.984418511390686
TEST_23700,0.04438792169094086,0.9797012805938721
TEST_23701,0.0164649561047554,0.998216450214386
TEST_23702,0.001934340107254684,0.9152999520301819
TEST_23703,0.4264664947986603,0.005107602570205927
TEST_23704,0.004335717763751745,0.9895882606506348
TEST_23705,0.0441143624484539,0.4137941598892212
TEST_23706,0.05015880614519119,0.9561713337898254
TEST_23707,0.002454248955473304,0.9954195022583008
TEST_23708,0.006227052770555019,0.9961516261100769
TEST_23709,0.5408511161804199,0.9712290167808533
TEST_23710,0.35213252902030945,0.8466501235961914
TEST_23711,0.0020578084513545036,0.9930921792984009
TEST_23712,0.026623833924531937,0.3643822968006134
TEST_23713,0.03568148612976074,0.974597692489624
TEST_23714,0.004159031435847282,0.9640311598777771
TEST_23715,0.010619114153087139,0.9997969269752502
TEST_23716,0.013592797331511974,0.9776910543441772
TEST_23717,0.02672354318201542,0.9818664193153381
TEST_23718,0.043860889971256256,0.9945587515830994
TEST_23719,0.9395904541015625,0.020000912249088287
TEST_23720,0.00445797061547637,0.9806346893310547
TEST_23721,0.0010210775071755052,0.9992870688438416
TEST_23722,0.0027789357118308544,0.9885897636413574
TEST_23723,0.15478795766830444,0.890686571598053
TEST_23724,0.5281141400337219,0.8787134289741516
TEST_23725,0.011738885194063187,0.8160600066184998
TEST_23726,0.0022585454862564802,0.9898968935012817
TEST_23727,0.011738232336938381,0.9766824245452881
TEST_23728,0.005285069812089205,0.9932678937911987
TEST_23729,0.16836555302143097,0.7823039889335632
TEST_23730,0.1270560324192047,0.9052029252052307
TEST_23731,0.5923170447349548,0.01908387802541256
TEST_23732,0.8457040786743164,0.4177657663822174
TEST_23733,0.9879683256149292,0.45612064003944397
TEST_23734,0.9937449097633362,0.8739346861839294
TEST_23735,0.04736507683992386,0.9693320393562317
TEST_23736,0.019160950556397438,0.9975433945655823
TEST_23737,0.029307374730706215,0.960686981678009
TEST_23738,0.06663622707128525,0.9886927604675293
TEST_23739,0.0012229058193042874,0.9969854950904846
TEST_23740,0.3098698556423187,0.8505212664604187
TEST_23741,0.025241781026124954,0.866381049156189
TEST_23742,0.03267599642276764,0.998862624168396
TEST_23743,0.00587319815531373,0.9889182448387146
TEST_23744,0.007799631915986538,0.9757425785064697
TEST_23745,0.012247729115188122,0.8417903780937195
TEST_23746,0.0037607622798532248,0.995394766330719
TEST_23747,0.02741626836359501,0.9474189281463623
TEST_23748,0.006978848483413458,0.9356085062026978
TEST_23749,0.0067916009575128555,0.9982838034629822
TEST_23750,0.5876096487045288,0.9829137921333313
TEST_23751,0.030768010765314102,0.9782658219337463
TEST_23752,0.9892443418502808,0.9245325922966003
TEST_23753,0.007555639371275902,0.996436595916748
TEST_23754,0.004545807372778654,0.9979337453842163
TEST_23755,0.011960100382566452,0.9663000106811523
TEST_23756,0.003192877396941185,0.9978526830673218
TEST_23757,0.032709065824747086,0.9973087310791016
TEST_23758,0.002160147065296769,0.9207815527915955
TEST_23759,0.005227090325206518,0.9996111989021301
TEST_23760,0.0010765334591269493,0.9994655251502991
TEST_23761,0.010770155116915703,0.979332447052002
TEST_23762,0.03461085632443428,0.942352831363678
TEST_23763,0.06383237987756729,0.9512439966201782
TEST_23764,0.011684168130159378,0.9547021389007568
TEST_23765,0.0014181991573423147,0.9978419542312622
TEST_23766,0.00884159840643406,0.9978852868080139
TEST_23767,0.0072929286397993565,0.9852114915847778
TEST_23768,0.009784139692783356,0.9989663362503052
TEST_23769,0.206314355134964,0.8828434348106384
TEST_23770,0.015062883496284485,0.9907925128936768
TEST_23771,0.0028317985124886036,0.9970710277557373
TEST_23772,0.008211319334805012,0.9932103753089905
TEST_23773,0.031564805656671524,0.9846053123474121
TEST_23774,0.026507161557674408,0.907629132270813
TEST_23775,0.13824410736560822,0.9975044131278992
TEST_23776,0.002505626529455185,0.999614953994751
TEST_23777,0.3476478159427643,0.880254328250885
TEST_23778,0.0010527565609663725,0.9890516400337219
TEST_23779,0.004386437125504017,0.9983779191970825
TEST_23780,0.05973747745156288,0.9097131490707397
TEST_23781,0.03445878624916077,0.9961513876914978
TEST_23782,0.00724345026537776,0.9993128776550293
TEST_23783,0.10272948443889618,0.8472263813018799
TEST_23784,0.21472011506557465,0.9582298994064331
TEST_23785,0.0186612568795681,0.2831984758377075
TEST_23786,0.0013967002741992474,0.9999929666519165
TEST_23787,0.8054654598236084,0.796580970287323
TEST_23788,3.1455715543415863e-06,0.9998977184295654
TEST_23789,0.05607691779732704,0.9945117235183716
TEST_23790,0.01879810355603695,0.9881591796875
TEST_23791,0.4419400095939636,0.9774160981178284
TEST_23792,0.0009716159547679126,0.9826364517211914
TEST_23793,0.030752915889024734,0.8399015069007874
TEST_23794,0.009720618836581707,0.9548752903938293
TEST_23795,0.09687923640012741,0.7549260854721069
TEST_23796,0.029618311673402786,0.8847693800926208
TEST_23797,0.00032613371149636805,0.9984306693077087
TEST_23798,0.010182439349591732,0.9981332421302795
TEST_23799,0.018436001613736153,0.5041237473487854
TEST_23800,0.020850958302617073,0.9966002106666565
TEST_23801,0.03923571854829788,0.9345320463180542
TEST_23802,0.015371251851320267,0.9954527616500854
TEST_23803,0.0013802200555801392,0.999288022518158
TEST_23804,0.005301522556692362,0.9346778988838196
TEST_23805,0.000682591344229877,0.999345600605011
TEST_23806,0.000104754333733581,0.9994723200798035
TEST_23807,0.008014362305402756,0.989122211933136
TEST_23808,0.025871703401207924,0.9872281551361084
TEST_23809,0.026157435029745102,0.9509688019752502
TEST_23810,0.999451220035553,0.01236063614487648
TEST_23811,0.012553884647786617,0.9866911172866821
TEST_23812,0.012578142806887627,0.9897751808166504
TEST_23813,0.07548262178897858,0.8822427988052368
TEST_23814,0.009727791883051395,0.9705888032913208
TEST_23815,0.8519293069839478,0.7153213024139404
TEST_23816,0.0050109997391700745,0.9579864144325256
TEST_23817,0.0006690851878374815,0.9982597231864929
TEST_23818,0.0831008329987526,0.9880930781364441
TEST_23819,0.09925782680511475,0.9567169547080994
TEST_23820,0.010001806542277336,0.9978880286216736
TEST_23821,0.0444364920258522,0.9819247722625732
TEST_23822,0.005551467649638653,0.9488036036491394
TEST_23823,0.008709650486707687,0.8894925117492676
TEST_23824,0.01944667100906372,0.9761273264884949
TEST_23825,0.20216380059719086,0.8723376393318176
TEST_23826,0.33476585149765015,0.7286006212234497
TEST_23827,0.005631209816783667,0.9903464913368225
TEST_23828,0.0003522877814248204,0.9870463609695435
TEST_23829,0.005820607766509056,0.9982683658599854
TEST_23830,0.028879934921860695,0.9672974944114685
TEST_23831,0.010503566823899746,0.9022170901298523
TEST_23832,0.0038201387505978346,0.9244588613510132
TEST_23833,0.7666215300559998,0.539418637752533
TEST_23834,0.015116062946617603,0.9918034076690674
TEST_23835,0.18660297989845276,0.5583837628364563
TEST_23836,0.004913076292723417,0.9859849214553833
TEST_23837,0.00984791200608015,0.9978657364845276
TEST_23838,0.004509152844548225,0.9967684745788574
TEST_23839,0.01739766076207161,0.988358199596405
TEST_23840,0.1470443457365036,0.8539477586746216
TEST_23841,0.023971350863575935,0.9471737146377563
TEST_23842,0.006990542635321617,0.9923398494720459
TEST_23843,0.40051135420799255,0.9730777144432068
TEST_23844,0.3044215142726898,0.9898579716682434
TEST_23845,0.0011659724405035377,0.9936929941177368
TEST_23846,0.017108354717493057,0.9058703184127808
TEST_23847,0.005140183959156275,0.9975090026855469
TEST_23848,0.6933712959289551,0.8751819133758545
TEST_23849,0.018815848976373672,0.9589518904685974
TEST_23850,0.3980608880519867,0.6159800291061401
TEST_23851,0.14072982966899872,0.8479834794998169
TEST_23852,0.004432298243045807,0.9991925358772278
TEST_23853,0.03545370325446129,0.9718921184539795
TEST_23854,0.005580494645982981,0.8030380010604858
TEST_23855,0.05107812583446503,0.939100980758667
TEST_23856,0.02004317380487919,0.9839677214622498
TEST_23857,0.0016993184108287096,0.9592477083206177
TEST_23858,0.003919616341590881,0.972131609916687
TEST_23859,0.15013793110847473,0.9224397540092468
TEST_23860,0.0007993512554094195,0.9813755750656128
TEST_23861,0.0027757608331739902,0.999870777130127
TEST_23862,0.942992627620697,0.9461511373519897
TEST_23863,0.1525382250547409,0.11258609592914581
TEST_23864,0.012980041094124317,0.9989939332008362
TEST_23865,0.0022358798887580633,0.998630166053772
TEST_23866,0.014451764523983002,0.9982335567474365
TEST_23867,0.04236103221774101,0.9957133531570435
TEST_23868,0.5227508544921875,0.9137557148933411
TEST_23869,0.0008279532194137573,0.9997629523277283
TEST_23870,0.011201715096831322,0.987550675868988
TEST_23871,0.1636270135641098,0.9196934103965759
TEST_23872,0.00026778492610901594,0.9998399019241333
TEST_23873,0.001607501064427197,0.9817954897880554
TEST_23874,0.004511623177677393,0.9779396653175354
TEST_23875,0.0003871842345688492,0.9998700618743896
TEST_23876,0.0024451622739434242,0.896912693977356
TEST_23877,0.04109310731291771,0.8017985224723816
TEST_23878,0.0017999582923948765,0.9774543642997742
TEST_23879,0.06867621839046478,0.9566609859466553
TEST_23880,0.016973331570625305,0.9801985621452332
TEST_23881,0.0014574044616892934,0.9966285824775696
TEST_23882,0.9371650218963623,0.9630456566810608
TEST_23883,0.01647203043103218,0.5610650777816772
TEST_23884,0.011409655213356018,0.8275061845779419
TEST_23885,0.27922865748405457,0.9777582883834839
TEST_23886,0.003564799902960658,0.9871201515197754
TEST_23887,0.357090026140213,0.9941417574882507
TEST_23888,0.019699648022651672,0.7894704341888428
TEST_23889,0.1800134778022766,0.850383996963501
TEST_23890,0.10147404670715332,0.4777059257030487
TEST_23891,0.00016648219025228173,0.9973766803741455
TEST_23892,0.0050299507565796375,0.895584225654602
TEST_23893,0.004478305112570524,0.992665708065033
TEST_23894,0.7046544551849365,0.472110778093338
TEST_23895,0.026117319241166115,0.9877869486808777
TEST_23896,0.07568807154893875,0.9848435521125793
TEST_23897,0.8074443340301514,0.584911048412323
TEST_23898,0.9999107122421265,0.00036484963493421674
TEST_23899,0.017678340896964073,0.9927043914794922
TEST_23900,0.010802722536027431,0.998501181602478
TEST_23901,0.006152641959488392,0.9982258677482605
TEST_23902,0.057686854153871536,0.9943403005599976
TEST_23903,0.2760775685310364,0.9002498388290405
TEST_23904,0.004451816435903311,0.9969460368156433
TEST_23905,0.00036335494951345026,0.9859825968742371
TEST_23906,0.007851798087358475,0.98568195104599
TEST_23907,0.010516475886106491,0.9957417249679565
TEST_23908,0.10676709562540054,0.865146815776825
TEST_23909,0.0019313553348183632,0.9972139000892639
TEST_23910,0.02131222002208233,0.995681643486023
TEST_23911,0.0022970722056925297,0.9920197129249573
TEST_23912,0.0016042833449319005,0.9966492056846619
TEST_23913,0.021282125264406204,0.9771564602851868
TEST_23914,0.011817118152976036,0.955930233001709
TEST_23915,0.0946303978562355,0.6902528405189514
TEST_23916,0.000389754306524992,0.9981504082679749
TEST_23917,0.9416866898536682,0.17474961280822754
TEST_23918,0.44024601578712463,0.8441194295883179
TEST_23919,0.0013216766528785229,0.9964529275894165
TEST_23920,0.998931348323822,0.9469690322875977
TEST_23921,0.0006293707410804927,0.9987743496894836
TEST_23922,0.9998072981834412,0.0005963665898889303
TEST_23923,0.04646740108728409,0.9549015760421753
TEST_23924,0.9913629293441772,0.863534152507782
TEST_23925,0.016300879418849945,0.9040582180023193
TEST_23926,0.023346252739429474,0.9445591568946838
TEST_23927,0.027005881071090698,0.9620721340179443
TEST_23928,0.03174731135368347,0.9036577343940735
TEST_23929,0.0021977026481181383,0.9884182810783386
TEST_23930,0.038518406450748444,0.9561165571212769
TEST_23931,0.0015059522120282054,0.9991951584815979
TEST_23932,0.024512868374586105,0.9120054841041565
TEST_23933,0.0038391160778701305,0.9969484210014343
TEST_23934,0.3522588610649109,0.9993398785591125
TEST_23935,0.03669210150837898,0.8977431654930115
TEST_23936,0.003769030561670661,0.9992616772651672
TEST_23937,0.0013310112990438938,0.9987874627113342
TEST_23938,0.018611103296279907,0.9808803200721741
TEST_23939,0.024804411455988884,0.9181161522865295
TEST_23940,0.021884998306632042,0.9299271702766418
TEST_23941,0.014173324219882488,0.9875105619430542
TEST_23942,0.015365968458354473,0.9919973015785217
TEST_23943,0.0031308522447943687,0.9999551773071289
TEST_23944,0.05519414320588112,0.8573695421218872
TEST_23945,0.42546579241752625,0.9268411993980408
TEST_23946,0.061587732285261154,0.9769335389137268
TEST_23947,0.004777608904987574,0.8784195184707642
TEST_23948,0.0024893770460039377,0.8975110054016113
TEST_23949,0.0019860316533595324,0.9975026249885559
TEST_23950,0.04289477691054344,0.8684383630752563
TEST_23951,0.03060722164809704,0.8907169103622437
TEST_23952,0.021956667304039,0.9820782542228699
TEST_23953,0.0021620059851557016,0.987713098526001
TEST_23954,0.9811834096908569,0.35954558849334717
TEST_23955,0.015283947810530663,0.9181596636772156
TEST_23956,0.0347505658864975,0.9515968561172485
TEST_23957,0.02429068833589554,0.9825671315193176
TEST_23958,0.07971136271953583,0.9867510199546814
TEST_23959,0.002783709904178977,0.9951327443122864
TEST_23960,0.0028613517060875893,0.9957883954048157
TEST_23961,0.17829664051532745,0.7136189341545105
TEST_23962,0.33584919571876526,0.7086275815963745
TEST_23963,0.0005835095071233809,0.9252456426620483
TEST_23964,0.5455816388130188,0.7297474145889282
TEST_23965,0.013208848424255848,0.9993317723274231
TEST_23966,0.05432981252670288,0.977306067943573
TEST_23967,0.6822652220726013,0.966982364654541
TEST_23968,0.11911586672067642,0.9011510610580444
TEST_23969,0.046197447925806046,0.9932679533958435
TEST_23970,0.0067471168003976345,0.9994258880615234
TEST_23971,0.16472159326076508,0.9929994344711304
TEST_23972,7.738302883808501e-06,0.9997766613960266
TEST_23973,0.7421731352806091,0.6051638126373291
TEST_23974,0.006045997608453035,0.9978297352790833
TEST_23975,0.048975687474012375,0.7866023778915405
TEST_23976,0.24586866796016693,0.8561617732048035
TEST_23977,0.020718254148960114,0.991515040397644
TEST_23978,0.002469134982675314,0.9928556084632874
TEST_23979,0.006367672234773636,0.9998898506164551
TEST_23980,0.019905274733901024,0.9718837738037109
TEST_23981,0.00013049936387687922,0.9986971020698547
TEST_23982,0.002186209661886096,0.9909636974334717
TEST_23983,0.001431620097719133,0.9950394034385681
TEST_23984,0.0009284666739404202,0.9978899359703064
TEST_23985,0.04820821434259415,0.8770669102668762
TEST_23986,0.0015163045609369874,0.9891575574874878
TEST_23987,0.0010806868085637689,0.9994282126426697
TEST_23988,0.00018023891607299447,0.997811496257782
TEST_23989,0.3128683269023895,0.8944812417030334
TEST_23990,0.010753692127764225,0.9950673580169678
TEST_23991,0.000665678468067199,0.9986720085144043
TEST_23992,5.6748802307993174e-05,0.9997400641441345
TEST_23993,0.0016316738910973072,0.9895297884941101
TEST_23994,0.001023694290779531,0.9932488203048706
TEST_23995,0.05224888026714325,0.9631105065345764
TEST_23996,0.0020706169307231903,0.993333637714386
TEST_23997,0.0014232613611966372,0.9996250867843628
TEST_23998,0.7218135595321655,0.9175369143486023
TEST_23999,0.37983936071395874,0.9808623790740967
TEST_24000,4.731859462481225e-06,0.9998273849487305
TEST_24001,0.10060147196054459,0.9920666217803955
TEST_24002,0.22172704339027405,0.7451205253601074
TEST_24003,0.24258284270763397,0.8219691514968872
TEST_24004,0.010718191042542458,0.9921191930770874
TEST_24005,0.01844276860356331,0.9947143197059631
TEST_24006,0.0005570440553128719,0.9981328845024109
TEST_24007,0.012593074701726437,0.9902396202087402
TEST_24008,0.098842091858387,0.8814814686775208
TEST_24009,0.019083019345998764,0.9978774785995483
TEST_24010,0.19801102578639984,0.9892450571060181
TEST_24011,0.0006235847249627113,0.9978916049003601
TEST_24012,0.001461810665205121,0.9982295632362366
TEST_24013,0.7669008374214172,0.9207305908203125
TEST_24014,0.008834230713546276,0.9817985892295837
TEST_24015,0.21808086335659027,0.848882257938385
TEST_24016,0.21980500221252441,0.9452834725379944
TEST_24017,0.03740837797522545,0.9162063002586365
TEST_24018,0.05176594853401184,0.8824605941772461
TEST_24019,0.016228629276156425,0.9999998807907104
TEST_24020,0.012671397998929024,0.656458854675293
TEST_24021,0.03185994550585747,0.6494535803794861
TEST_24022,0.005935538560152054,0.9534096121788025
TEST_24023,0.14236631989479065,0.8371078968048096
TEST_24024,0.9956128597259521,0.17414772510528564
TEST_24025,2.434288035146892e-06,0.9999788999557495
TEST_24026,0.001558696269057691,0.9939080476760864
TEST_24027,0.029114404693245888,0.8861095905303955
TEST_24028,0.00713003147393465,0.7912456393241882
TEST_24029,0.03890613466501236,0.8336508870124817
TEST_24030,0.06494396924972534,0.989345371723175
TEST_24031,0.497745543718338,0.8020076751708984
TEST_24032,0.012105995789170265,0.9643866419792175
TEST_24033,0.22330304980278015,0.02095966972410679
TEST_24034,0.5688999891281128,0.9251354932785034
TEST_24035,0.16537706553936005,0.9670872688293457
TEST_24036,0.023151427507400513,0.9926954507827759
TEST_24037,0.11831428855657578,0.9108274579048157
TEST_24038,0.1995067447423935,0.9446839094161987
TEST_24039,0.06034402176737785,0.9009515047073364
TEST_24040,0.003464175621047616,0.906791627407074
TEST_24041,0.002155083930119872,0.980186402797699
TEST_24042,0.0004882388166151941,0.9998853206634521
TEST_24043,0.013869907706975937,0.9223845601081848
TEST_24044,0.0006720052915625274,0.9997701048851013
TEST_24045,0.0054807947017252445,0.9902880191802979
TEST_24046,0.0039216200821101665,0.9974614381790161
TEST_24047,0.08009378612041473,0.7415726780891418
TEST_24048,0.0006453917594626546,0.9977557063102722
TEST_24049,0.0003017732815351337,0.999997615814209
TEST_24050,0.14176353812217712,0.7184688448905945
TEST_24051,0.008901054970920086,0.9859288334846497
TEST_24052,0.0021703627426177263,0.999524712562561
TEST_24053,0.05056921765208244,0.9135295748710632
TEST_24054,0.0030293785966932774,0.999530553817749
TEST_24055,0.017897579818964005,0.9906959533691406
TEST_24056,0.7956099510192871,0.9603269696235657
TEST_24057,0.8915590643882751,0.2281666249036789
TEST_24058,0.020839732140302658,0.9858188033103943
TEST_24059,0.016505101695656776,0.9626575112342834
TEST_24060,0.00898672454059124,0.9986086487770081
TEST_24061,0.005120504647493362,0.916498601436615
TEST_24062,0.9954032897949219,0.13963277637958527
TEST_24063,0.03280404210090637,0.8913333415985107
TEST_24064,0.029468441382050514,0.9214553833007812
TEST_24065,0.009847717359662056,0.9103162288665771
TEST_24066,0.32821154594421387,0.9436317682266235
TEST_24067,0.5421876311302185,0.7469152212142944
TEST_24068,0.012258324772119522,0.9770064949989319
TEST_24069,0.04710475355386734,0.8847106695175171
TEST_24070,0.09113191068172455,0.965905487537384
TEST_24071,0.349870890378952,0.8464951515197754
TEST_24072,0.035306841135025024,0.8824869990348816
TEST_24073,0.0823000818490982,0.9887497425079346
TEST_24074,0.029256751760840416,0.9980013966560364
TEST_24075,0.07476720213890076,0.8926050066947937
TEST_24076,0.021649902686476707,0.9765253067016602
TEST_24077,0.00460199685767293,0.9958265423774719
TEST_24078,0.8794485926628113,0.92990642786026
TEST_24079,0.16284677386283875,0.9335088133811951
TEST_24080,0.052024051547050476,0.4987190365791321
TEST_24081,0.0005601664306595922,0.9981069564819336
TEST_24082,0.03022710233926773,0.9800083637237549
TEST_24083,0.005798899568617344,0.9955533146858215
TEST_24084,0.4210444390773773,0.7486708164215088
TEST_24085,0.01676787994801998,0.8623257279396057
TEST_24086,0.005522694904357195,0.9851426482200623
TEST_24087,0.006249925121665001,0.7307822704315186
TEST_24088,0.2868254780769348,0.9759293794631958
TEST_24089,0.16388700902462006,0.9271903038024902
TEST_24090,0.7288902401924133,0.621987521648407
TEST_24091,0.003485257038846612,0.9967719912528992
TEST_24092,0.0019392817048355937,0.977747917175293
TEST_24093,0.0014580207644030452,0.998268723487854
TEST_24094,0.01890905573964119,0.9987757802009583
TEST_24095,0.047353945672512054,0.9847307205200195
TEST_24096,0.0006530308746732771,0.9890908598899841
TEST_24097,0.27469465136528015,0.33894240856170654
TEST_24098,0.003038882277905941,0.9989626407623291
TEST_24099,0.09100702404975891,0.9903685450553894
TEST_24100,0.012274454347789288,0.9780668020248413
TEST_24101,0.01944800466299057,0.9942188262939453
TEST_24102,0.9991377592086792,6.598457730433438e-06
TEST_24103,0.007967119105160236,0.9878124594688416
TEST_24104,0.08046460151672363,0.7292449474334717
TEST_24105,0.007627452258020639,0.9954802989959717
TEST_24106,0.060936640948057175,0.9335814118385315
TEST_24107,0.0038416986353695393,0.9997116923332214
TEST_24108,0.003425400471314788,0.9999456405639648
TEST_24109,0.0015161653282120824,0.9922139048576355
TEST_24110,0.02708655782043934,0.9309728145599365
TEST_24111,0.0042221564799547195,0.9371590614318848
TEST_24112,0.0030925353057682514,0.9955857992172241
TEST_24113,0.0008972393698059022,0.9950860142707825
TEST_24114,0.125967338681221,0.9646244049072266
TEST_24115,0.020108496770262718,0.9465731382369995
TEST_24116,0.010791941545903683,0.9996607303619385
TEST_24117,6.831392965978011e-05,0.999932050704956
TEST_24118,0.06078735366463661,0.9476560950279236
TEST_24119,0.02238871157169342,0.9329031109809875
TEST_24120,0.002456813585013151,0.5942890644073486
TEST_24121,0.0005603316822089255,0.6758436560630798
TEST_24122,0.045548222959041595,0.9941461086273193
TEST_24123,0.043962202966213226,0.9827624559402466
TEST_24124,0.0049787419848144054,0.9989118576049805
TEST_24125,0.00781826302409172,0.9977686405181885
TEST_24126,0.0006552680861204863,0.9983481168746948
TEST_24127,0.0007751542725600302,0.9926897883415222
TEST_24128,0.0665251761674881,0.9353625178337097
TEST_24129,0.00048057682579383254,0.9998334646224976
TEST_24130,0.009507488459348679,0.9436922669410706
TEST_24131,0.016956575214862823,0.9885122776031494
TEST_24132,0.027652449905872345,0.9035636186599731
TEST_24133,0.004233339801430702,0.9240310788154602
TEST_24134,0.007150276098400354,0.9416030645370483
TEST_24135,0.3194831311702728,0.9867227673530579
TEST_24136,0.02021384797990322,0.980791449546814
TEST_24137,0.042015139013528824,0.9753699898719788
TEST_24138,0.0194801464676857,0.9968219995498657
TEST_24139,0.1819484829902649,0.2472103387117386
TEST_24140,0.01861231029033661,0.9988307356834412
TEST_24141,0.0031336855608969927,0.9920188784599304
TEST_24142,0.003023754106834531,0.9928467869758606
TEST_24143,0.007936717011034489,0.8732420206069946
TEST_24144,0.172346293926239,0.8624076247215271
TEST_24145,0.07839836925268173,0.8418433666229248
TEST_24146,0.977816641330719,0.09025773406028748
TEST_24147,0.0005239832098595798,0.9963175058364868
TEST_24148,0.0006727284053340554,0.9592559337615967
TEST_24149,0.003808758221566677,0.9940781593322754
TEST_24150,0.006465113256126642,0.996532678604126
TEST_24151,0.03440554440021515,0.9228277802467346
TEST_24152,0.0009245260735042393,0.9990589022636414
TEST_24153,0.07347135990858078,0.938025712966919
TEST_24154,0.002285910304635763,0.9985774755477905
TEST_24155,0.062336843460798264,0.9836367964744568
TEST_24156,0.03642179071903229,0.990088164806366
TEST_24157,0.07283993065357208,0.9485808610916138
TEST_24158,0.051008038222789764,0.9975680708885193
TEST_24159,0.044270679354667664,0.89565110206604
TEST_24160,0.5934656262397766,0.9614142775535583
TEST_24161,0.10461176931858063,0.9988980293273926
TEST_24162,0.0025002704933285713,0.9985656142234802
TEST_24163,0.009489176794886589,0.9875182509422302
TEST_24164,2.2327458282234147e-05,0.9992997646331787
TEST_24165,0.1845230907201767,0.9474768042564392
TEST_24166,0.03898676484823227,0.9164205193519592
TEST_24167,0.03140503913164139,0.8800888061523438
TEST_24168,0.12225157767534256,0.9094088077545166
TEST_24169,0.3041715621948242,0.2019840031862259
TEST_24170,0.010689354501664639,0.9194697737693787
TEST_24171,0.007898364216089249,0.9983342289924622
TEST_24172,0.1242908164858818,0.984961986541748
TEST_24173,0.2372003048658371,0.867615282535553
TEST_24174,0.0010146627901121974,0.9985553622245789
TEST_24175,0.004194492939859629,0.6768467426300049
TEST_24176,0.015027285553514957,0.9995100498199463
TEST_24177,0.12198182195425034,0.9032439589500427
TEST_24178,0.010344063863158226,0.9786399602890015
TEST_24179,0.002847384661436081,0.9989355206489563
TEST_24180,0.009796214289963245,0.863409698009491
TEST_24181,0.9076341390609741,0.2521776258945465
TEST_24182,0.008283426985144615,0.9668965935707092
TEST_24183,0.0023313588462769985,0.9489641785621643
TEST_24184,0.03977047652006149,0.9297143220901489
TEST_24185,0.028756165876984596,0.9436340928077698
TEST_24186,0.0005162942106835544,0.9980300068855286
TEST_24187,0.01615184172987938,0.9786240458488464
TEST_24188,0.017298327758908272,0.9905614256858826
TEST_24189,0.004578210413455963,0.9998540878295898
TEST_24190,0.008941380307078362,0.9796072244644165
TEST_24191,0.0076202950440347195,0.9097282886505127
TEST_24192,0.5847355723381042,0.984063982963562
TEST_24193,0.07260420173406601,0.9462089538574219
TEST_24194,0.005140823312103748,0.9906741976737976
TEST_24195,0.0009220677311532199,0.9983994364738464
TEST_24196,0.06021426245570183,0.9030525088310242
TEST_24197,0.006085541099309921,0.9857675433158875
TEST_24198,0.03653121367096901,0.9396810531616211
TEST_24199,0.008905896916985512,0.9970592260360718
TEST_24200,0.0053118751384317875,0.9118064045906067
TEST_24201,0.12059837579727173,0.8817316293716431
TEST_24202,0.0070870439521968365,0.9986642599105835
TEST_24203,0.027198510244488716,0.9971745014190674
TEST_24204,0.016825633123517036,0.9950019717216492
TEST_24205,0.005249288864433765,0.9965360164642334
TEST_24206,0.014009620063006878,0.9951823353767395
TEST_24207,0.026159798726439476,0.9794458746910095
TEST_24208,0.011737950146198273,0.997010350227356
TEST_24209,0.07562363147735596,0.991370439529419
TEST_24210,0.027267560362815857,0.7564598321914673
TEST_24211,0.02307167276740074,0.9627824425697327
TEST_24212,0.1879740059375763,0.12183614820241928
TEST_24213,0.010120389983057976,0.9631354212760925
TEST_24214,0.031074199825525284,0.9224563837051392
TEST_24215,5.2085583774896804e-06,0.9995742440223694
TEST_24216,0.0005813484312966466,0.9999176263809204
TEST_24217,0.009869319386780262,0.9945117235183716
TEST_24218,0.6279132962226868,0.993587851524353
TEST_24219,0.15668828785419464,0.9102708101272583
TEST_24220,0.03848123922944069,0.9041565656661987
TEST_24221,0.00479090865701437,0.9996024966239929
TEST_24222,0.7963758707046509,0.12446657568216324
TEST_24223,0.03031115233898163,0.8933033347129822
TEST_24224,0.006281083449721336,0.9878996014595032
TEST_24225,0.9509126543998718,0.5421101450920105
TEST_24226,0.0008374198223464191,0.9988598823547363
TEST_24227,0.004490939900279045,0.995013415813446
TEST_24228,0.4924425482749939,0.07029175758361816
TEST_24229,0.00023533115745522082,0.9999291896820068
TEST_24230,0.10665556788444519,0.977830708026886
TEST_24231,0.0006663357489742339,0.9980377554893494
TEST_24232,0.012485137209296227,0.9942888021469116
TEST_24233,0.009823253378272057,0.9946953654289246
TEST_24234,0.050916027277708054,0.9871305823326111
TEST_24235,0.1058332771062851,0.9887037873268127
TEST_24236,0.0033827347215265036,0.9876106977462769
TEST_24237,0.013099214993417263,0.9774532914161682
TEST_24238,0.21927790343761444,0.15806131064891815
TEST_24239,0.0009330506436526775,0.9984887838363647
TEST_24240,0.002249576151371002,0.9861627221107483
TEST_24241,0.0019846938084810972,0.9998902082443237
TEST_24242,0.1108444556593895,0.7157108783721924
TEST_24243,0.14550599455833435,0.9954747557640076
TEST_24244,0.0015951540553942323,0.9990548491477966
TEST_24245,0.5549978613853455,0.05518399178981781
TEST_24246,0.0001572643086547032,0.9992489218711853
TEST_24247,0.07234745472669601,0.9989564418792725
TEST_24248,0.03024199977517128,0.9806791543960571
TEST_24249,0.0019932256545871496,0.9788532853126526
TEST_24250,0.7314120531082153,0.9207278490066528
TEST_24251,0.0008581802831031382,0.9991281628608704
TEST_24252,0.01053066086024046,0.911354124546051
TEST_24253,0.012312865816056728,0.9377637505531311
TEST_24254,0.0018913416424766183,0.9989155530929565
TEST_24255,0.6066611409187317,0.004220244474709034
TEST_24256,0.009275753982365131,0.68644779920578
TEST_24257,0.12647372484207153,0.9873270392417908
TEST_24258,0.0015448094345629215,0.9975666999816895
TEST_24259,0.0013088282430544496,0.9974207878112793
TEST_24260,0.00019246664305683225,0.993516206741333
TEST_24261,0.9674331545829773,0.9810463190078735
TEST_24262,0.04536699131131172,0.9870797991752625
TEST_24263,0.12115881592035294,0.9989132881164551
TEST_24264,0.0025810133665800095,0.9983672499656677
TEST_24265,0.0033559449948370457,0.9984626770019531
TEST_24266,0.0017265165224671364,0.948701024055481
TEST_24267,0.005018289666622877,0.9969679713249207
TEST_24268,0.00824789609760046,0.949094831943512
TEST_24269,0.01474800892174244,0.7539286017417908
TEST_24270,0.033596936613321304,0.258748859167099
TEST_24271,0.9863990545272827,0.017760513350367546
TEST_24272,3.211504839839563e-09,0.9999988079071045
TEST_24273,0.03427771106362343,0.9048753380775452
TEST_24274,0.7101305723190308,0.2670944929122925
TEST_24275,0.0047376458533108234,0.9110003709793091
TEST_24276,0.00131696043536067,0.9974441528320312
TEST_24277,0.0004349523223936558,0.9950966238975525
TEST_24278,0.9993581175804138,0.00017678827862255275
TEST_24279,0.0030832847114652395,0.9998747110366821
TEST_24280,0.04441657289862633,0.8676772117614746
TEST_24281,0.03359939903020859,0.9961044788360596
TEST_24282,0.007771037053316832,0.9843708872795105
TEST_24283,0.016524069011211395,0.9853449463844299
TEST_24284,0.01339906919747591,0.9262371063232422
TEST_24285,0.0022863473277539015,0.9991216063499451
TEST_24286,0.056915074586868286,0.9938828945159912
TEST_24287,0.025785090401768684,0.9816774129867554
TEST_24288,0.01562604308128357,0.9997109770774841
TEST_24289,0.9994940757751465,0.0021806671284139156
TEST_24290,0.02087525650858879,0.8904507756233215
TEST_24291,0.062358297407627106,0.9787874817848206
TEST_24292,0.009824547916650772,0.9955317974090576
TEST_24293,0.008055156096816063,0.9646329283714294
TEST_24294,0.2148631066083908,0.9360893368721008
TEST_24295,0.039903149008750916,0.9631872773170471
TEST_24296,0.009131071157753468,0.9995519518852234
TEST_24297,0.015197103843092918,0.9827752709388733
TEST_24298,0.00671903183683753,0.9989091157913208
TEST_24299,0.004144830163568258,0.9936947226524353
TEST_24300,0.0004983394173905253,0.9995158910751343
TEST_24301,0.01689080148935318,0.9484801888465881
TEST_24302,0.003620979841798544,0.9990009665489197
TEST_24303,0.02914184331893921,0.9973791837692261
TEST_24304,0.02976185455918312,0.9920361638069153
TEST_24305,0.21379350125789642,0.926760196685791
TEST_24306,0.002090625697746873,0.9995560050010681
TEST_24307,0.04134365916252136,0.8736565113067627
TEST_24308,0.014492175541818142,0.9682988524436951
TEST_24309,0.004117817617952824,0.9882645606994629
TEST_24310,0.009520263411104679,0.9829665422439575
TEST_24311,0.0004731964727398008,0.999504566192627
TEST_24312,0.02736848033964634,0.9736852645874023
TEST_24313,0.006187410559505224,0.9956201910972595
TEST_24314,0.004700234159827232,0.9978852868080139
TEST_24315,0.0035548412706702948,0.9966967105865479
TEST_24316,0.014872303232550621,0.9898853302001953
TEST_24317,0.002088533714413643,0.9944801330566406
TEST_24318,0.12890267372131348,0.8941851854324341
TEST_24319,0.0025073038414120674,0.9972729086875916
TEST_24320,0.008571363985538483,0.964127242565155
TEST_24321,0.015443225391209126,0.945343017578125
TEST_24322,0.06857692450284958,0.9369974136352539
TEST_24323,0.0032781322952359915,0.9960975646972656
TEST_24324,0.03270113095641136,0.9322842359542847
TEST_24325,0.05740910395979881,0.9952495098114014
TEST_24326,0.03481654077768326,0.6422907114028931
TEST_24327,0.004414541646838188,0.9923255443572998
TEST_24328,0.06985247135162354,0.9293699264526367
TEST_24329,0.999907374382019,0.0001603394339326769
TEST_24330,0.006734470836818218,0.995754599571228
TEST_24331,0.03352780640125275,0.9437034130096436
TEST_24332,0.05026700347661972,0.9938801527023315
TEST_24333,0.002340214792639017,0.9943033456802368
TEST_24334,0.044223591685295105,0.8111705780029297
TEST_24335,0.6647489070892334,0.8175323605537415
TEST_24336,0.04642944037914276,0.9635576009750366
TEST_24337,0.4281631410121918,0.979642391204834
TEST_24338,0.017766661942005157,0.9820004105567932
TEST_24339,0.0015335462521761656,0.9930160045623779
TEST_24340,0.00036180176539346576,0.9997709393501282
TEST_24341,0.021372338756918907,0.9690808653831482
TEST_24342,0.05836464837193489,0.9616067409515381
TEST_24343,0.027008773759007454,0.9765301942825317
TEST_24344,0.0296064093708992,0.905838668346405
TEST_24345,0.9992687106132507,0.15415175259113312
TEST_24346,0.008447355590760708,0.9989816546440125
TEST_24347,0.8981897234916687,0.9242062568664551
TEST_24348,0.001985748065635562,0.989689826965332
TEST_24349,0.12877555191516876,0.8400428891181946
TEST_24350,0.028441864997148514,0.9979732632637024
TEST_24351,0.0009825368179008365,0.9998629093170166
TEST_24352,0.010400748811662197,0.9984207153320312
TEST_24353,0.0033947646152228117,0.9946501851081848
TEST_24354,0.9863925576210022,0.018671022728085518
TEST_24355,0.10119609534740448,0.9904937148094177
TEST_24356,0.0005046629812568426,0.9981697797775269
TEST_24357,0.005102640017867088,0.966412365436554
TEST_24358,0.007034088019281626,0.9937938451766968
TEST_24359,0.0017608368070796132,0.9899246692657471
TEST_24360,0.5929266810417175,0.006110290996730328
TEST_24361,2.7557704015634954e-05,0.9996943473815918
TEST_24362,0.017017025500535965,0.9777020215988159
TEST_24363,0.002877243794500828,0.9314779043197632
TEST_24364,0.0034458779264241457,0.9303882122039795
TEST_24365,0.026106437668204308,0.995746910572052
TEST_24366,0.03188694640994072,0.9768056869506836
TEST_24367,0.0032510154414922,0.9911969900131226
TEST_24368,0.002915693214163184,0.8752231001853943
TEST_24369,0.020124975591897964,0.9443016052246094
TEST_24370,0.9980158805847168,0.22715462744235992
TEST_24371,0.0020928054582327604,0.998236894607544
TEST_24372,0.0011879297671839595,0.9981743097305298
TEST_24373,0.061618685722351074,0.9985081553459167
TEST_24374,0.007970063015818596,0.9989204406738281
TEST_24375,0.9901890158653259,0.005748763680458069
TEST_24376,0.19686350226402283,0.8677939772605896
TEST_24377,0.030585577711462975,0.9962629675865173
TEST_24378,0.0053303539752960205,0.6717288494110107
TEST_24379,0.011338337324559689,0.9886847138404846
TEST_24380,0.14099301397800446,0.9671845436096191
TEST_24381,0.017873605713248253,0.9790619611740112
TEST_24382,0.012156746350228786,0.9882619976997375
TEST_24383,0.0015527589712291956,0.9684230089187622
TEST_24384,0.03897387161850929,0.9875554442405701
TEST_24385,0.026305977255105972,0.9925952553749084
TEST_24386,0.32184451818466187,0.9085781574249268
TEST_24387,0.009537662379443645,0.9756714105606079
TEST_24388,0.04622744023799896,0.9430834054946899
TEST_24389,0.004982602782547474,0.95359206199646
TEST_24390,0.0013298462145030499,0.9995224475860596
TEST_24391,0.9291766881942749,0.6711598634719849
TEST_24392,0.0020381903741508722,0.9978448152542114
TEST_24393,0.01733476109802723,0.8118690848350525
TEST_24394,0.011791558936238289,0.9622851014137268
TEST_24395,0.010105887427926064,0.9977163076400757
TEST_24396,0.00540445139631629,0.9901291728019714
TEST_24397,0.002861601999029517,0.9922560453414917
TEST_24398,0.01426009926944971,0.9926284551620483
TEST_24399,0.0005201874300837517,0.9917703866958618
TEST_24400,0.015584386885166168,0.9820371866226196
TEST_24401,0.01131825614720583,0.9866133332252502
TEST_24402,0.014500696212053299,0.9998056292533875
TEST_24403,0.01617603935301304,0.9930603504180908
TEST_24404,0.9997555613517761,0.0014061862602829933
TEST_24405,0.0010365359485149384,0.9999942779541016
TEST_24406,0.8537999987602234,0.7923473119735718
TEST_24407,0.05762537568807602,0.9599157571792603
TEST_24408,0.020893925800919533,0.9507543444633484
TEST_24409,0.10373399406671524,0.9582183957099915
TEST_24410,0.5193604826927185,0.917045533657074
TEST_24411,0.073112353682518,0.9404380917549133
TEST_24412,0.005302047822624445,0.997882068157196
TEST_24413,0.01008811965584755,0.9338297843933105
TEST_24414,0.36221617460250854,0.9026309251785278
TEST_24415,0.09800228476524353,0.8535345792770386
TEST_24416,0.1559702754020691,0.7723801136016846
TEST_24417,0.01193651370704174,0.9948352575302124
TEST_24418,0.0014991408679634333,0.9991850256919861
TEST_24419,0.0036576734855771065,0.9806855916976929
TEST_24420,0.016948383301496506,0.9747564792633057
TEST_24421,0.02373787946999073,0.9823947548866272
TEST_24422,0.004226830322295427,0.9928694367408752
TEST_24423,0.022186368703842163,0.9730414748191833
TEST_24424,0.09769647568464279,0.9930452704429626
TEST_24425,0.0036455157678574324,0.9973340034484863
TEST_24426,0.05115729570388794,0.8439537882804871
TEST_24427,0.015553800389170647,0.9895052313804626
TEST_24428,0.4840657711029053,0.867119550704956
TEST_24429,0.019310642033815384,0.9339330196380615
TEST_24430,0.0018843667348846793,0.9995504021644592
TEST_24431,0.005924583878368139,0.9838467836380005
TEST_24432,0.9794802665710449,0.26765796542167664
TEST_24433,0.9961336851119995,0.46275725960731506
TEST_24434,0.006639517843723297,0.995434582233429
TEST_24435,0.6123720407485962,0.9011076092720032
TEST_24436,0.005070821847766638,0.9864055514335632
TEST_24437,0.01720079407095909,0.9949827194213867
TEST_24438,0.022678526118397713,0.9814945459365845
TEST_24439,0.0073385839350521564,0.9970351457595825
TEST_24440,0.1312365084886551,0.920482337474823
TEST_24441,0.055753450840711594,0.882728636264801
TEST_24442,0.0012647537514567375,0.9937843084335327
TEST_24443,0.044595301151275635,0.06429916620254517
TEST_24444,0.022210877388715744,0.9765998721122742
TEST_24445,0.07756707817316055,0.8233110904693604
TEST_24446,0.38861149549484253,0.6391024589538574
TEST_24447,0.09689744561910629,0.9466255903244019
TEST_24448,0.018648184835910797,0.9883478283882141
TEST_24449,0.00027112074894830585,0.9990633130073547
TEST_24450,0.019582724198698997,0.9635273814201355
TEST_24451,0.03206720948219299,0.9964470267295837
TEST_24452,0.018367977812886238,0.9938257932662964
TEST_24453,0.09444597363471985,0.997461199760437
TEST_24454,0.0008712079143151641,0.9954019784927368
TEST_24455,0.17364560067653656,0.9786062836647034
TEST_24456,0.6813946962356567,0.6979393362998962
TEST_24457,0.08152946829795837,0.9553984999656677
TEST_24458,0.166211798787117,0.8644840121269226
TEST_24459,0.0023925877176225185,0.9748920798301697
TEST_24460,0.614639937877655,0.3704783022403717
TEST_24461,0.012646729126572609,0.8313568234443665
TEST_24462,0.09567293524742126,0.985923171043396
TEST_24463,0.12900350987911224,0.9975595474243164
TEST_24464,0.018711045384407043,0.9924823641777039
TEST_24465,0.02991686947643757,0.9784044623374939
TEST_24466,0.01263505220413208,0.9759775400161743
TEST_24467,0.05091114714741707,0.22609691321849823
TEST_24468,0.2080969363451004,0.9003729224205017
TEST_24469,0.040294211357831955,0.9928977489471436
TEST_24470,0.03198979049921036,0.8827559947967529
TEST_24471,0.005094633903354406,0.998331606388092
TEST_24472,0.005340640898793936,0.9729630351066589
TEST_24473,0.012943023815751076,0.996246874332428
TEST_24474,7.270921196322888e-05,0.9995341300964355
TEST_24475,0.045798733830451965,0.9456263780593872
TEST_24476,0.012098966166377068,0.9921056032180786
TEST_24477,0.949655294418335,0.3124951720237732
TEST_24478,0.7177116870880127,0.9939534068107605
TEST_24479,0.01121386419981718,0.9845201373100281
TEST_24480,0.006232101004570723,0.9939693212509155
TEST_24481,0.8675093650817871,0.028278177604079247
TEST_24482,0.002346009947359562,0.9801674485206604
TEST_24483,0.06771088391542435,0.9983693957328796
TEST_24484,0.023316511884331703,0.9024748206138611
TEST_24485,0.0018153735436499119,0.8998503088951111
TEST_24486,0.3474547863006592,0.8915669322013855
TEST_24487,0.05743483826518059,0.9193277359008789
TEST_24488,0.5596338510513306,0.7892450094223022
TEST_24489,0.005039811134338379,0.9955388903617859
TEST_24490,0.012577716261148453,0.9889867305755615
TEST_24491,0.004764255601912737,0.998431384563446
TEST_24492,0.7371569275856018,0.9004341959953308
TEST_24493,0.013096441514790058,0.870943546295166
TEST_24494,0.0008863232797011733,0.9979945421218872
TEST_24495,0.005716545972973108,0.9618186354637146
TEST_24496,0.004056328907608986,0.9977205395698547
TEST_24497,0.25356072187423706,0.8617817163467407
TEST_24498,0.0176044050604105,0.9971911311149597
TEST_24499,0.0006197477341629565,0.9780494570732117
TEST_24500,0.9386399984359741,0.841103196144104
TEST_24501,0.10901623964309692,0.9569787979125977
TEST_24502,0.0002750256971921772,0.9998887777328491
TEST_24503,0.07259451597929001,0.9355840086936951
TEST_24504,0.012358284555375576,0.9805325269699097
TEST_24505,0.5358981490135193,0.7181898355484009
TEST_24506,0.007644735276699066,0.9810708165168762
TEST_24507,0.0023585304152220488,0.9733991622924805
TEST_24508,0.0075612482614815235,0.9900229573249817
TEST_24509,0.013977275229990482,0.9692550897598267
TEST_24510,0.0036904748994857073,0.9776860475540161
TEST_24511,0.050258636474609375,0.8960579633712769
TEST_24512,0.05612839013338089,0.9235650897026062
TEST_24513,0.010370951145887375,0.905088484287262
TEST_24514,0.032405294477939606,0.9037099480628967
TEST_24515,0.002571934601292014,0.9983952641487122
TEST_24516,3.880260919686407e-05,0.9998934268951416
TEST_24517,0.0024179283063858747,0.9670923948287964
TEST_24518,0.05056879296898842,0.995149552822113
TEST_24519,0.16382688283920288,0.8406462669372559
TEST_24520,0.0032398707699030638,0.9559354782104492
TEST_24521,0.017481615766882896,0.9867302179336548
TEST_24522,0.040167178958654404,0.8593476414680481
TEST_24523,0.09160909801721573,0.9940946698188782
TEST_24524,0.0015687333652749658,0.999998927116394
TEST_24525,0.00413075927644968,0.941927969455719
TEST_24526,0.0052449582144618034,0.9995158910751343
TEST_24527,0.016935868188738823,0.9425365328788757
TEST_24528,0.028193458914756775,0.9985175728797913
TEST_24529,0.0021038383711129427,0.9989622831344604
TEST_24530,0.009172655642032623,0.9930514097213745
TEST_24531,0.08442036062479019,0.06582502275705338
TEST_24532,0.04584689065814018,0.8497762680053711
TEST_24533,0.05179399251937866,0.9705066084861755
TEST_24534,0.004042427055537701,0.9988885521888733
TEST_24535,0.010829787701368332,0.998626708984375
TEST_24536,0.0009613572619855404,0.9996090531349182
TEST_24537,0.003110332880169153,0.9849646687507629
TEST_24538,0.019992563873529434,0.9929834604263306
TEST_24539,0.9977611303329468,0.2578939199447632
TEST_24540,0.001288259751163423,0.988324761390686
TEST_24541,0.0008118218393065035,0.9802916049957275
TEST_24542,0.006151061970740557,0.9908230304718018
TEST_24543,0.01713554933667183,0.9873178601264954
TEST_24544,0.047632478177547455,0.9964717626571655
TEST_24545,0.25664132833480835,0.8361755013465881
TEST_24546,0.009059800766408443,0.9787115454673767
TEST_24547,0.0007576963980682194,0.9999992847442627
TEST_24548,0.007770003285259008,0.9950256943702698
TEST_24549,0.04150170087814331,0.6111651062965393
TEST_24550,0.5035316944122314,0.9754119515419006
TEST_24551,0.055472251027822495,0.921930193901062
TEST_24552,0.014501623809337616,0.8826586008071899
TEST_24553,0.00032797022140584886,0.9985315799713135
TEST_24554,0.032187625765800476,0.9750696420669556
TEST_24555,0.03812400996685028,0.9478837251663208
TEST_24556,0.03534260019659996,0.9250679016113281
TEST_24557,0.0023876738268882036,0.9951183795928955
TEST_24558,0.012287908233702183,0.9949691891670227
TEST_24559,0.009255862794816494,0.9863473176956177
TEST_24560,0.006673918105661869,0.9973280429840088
TEST_24561,0.06596220284700394,0.872290849685669
TEST_24562,0.02566826157271862,0.9918447136878967
TEST_24563,0.008026828989386559,0.9874338507652283
TEST_24564,8.251659164670855e-05,0.9998517036437988
TEST_24565,0.00023003709793556482,0.9991863369941711
TEST_24566,0.0007860721671022475,0.9989511966705322
TEST_24567,0.02513423189520836,0.9613478779792786
TEST_24568,0.07698651403188705,0.9053536653518677
TEST_24569,0.001849759486503899,0.9987909197807312
TEST_24570,0.05233645811676979,0.9725918769836426
TEST_24571,0.8759560585021973,0.4294719398021698
TEST_24572,0.018515832722187042,0.9989694356918335
TEST_24573,0.4219798445701599,0.6329243183135986
TEST_24574,0.0501326359808445,0.9570690989494324
TEST_24575,0.04988563060760498,0.9978262782096863
TEST_24576,0.0010584333213046193,0.9995861649513245
TEST_24577,0.5361050367355347,0.9797389507293701
TEST_24578,0.019384684041142464,0.985714316368103
TEST_24579,0.9998418092727661,5.578413401963189e-05
TEST_24580,0.005395157728344202,0.9998332262039185
TEST_24581,0.19830283522605896,0.8477718830108643
TEST_24582,0.006093082018196583,0.9879361391067505
TEST_24583,0.07419336587190628,0.9822017550468445
TEST_24584,0.00047801603795960546,0.9994421601295471
TEST_24585,0.0006369304610416293,0.9996267557144165
TEST_24586,0.01236702874302864,0.9992148876190186
TEST_24587,0.004434508271515369,0.9997889399528503
TEST_24588,0.0009505352936685085,0.9971835017204285
TEST_24589,0.016339777037501335,0.9727911949157715
TEST_24590,0.01691679283976555,0.9946687817573547
TEST_24591,0.10869750380516052,0.824242115020752
TEST_24592,0.09070628136396408,0.7207189202308655
TEST_24593,0.0009864564053714275,0.9999207258224487
TEST_24594,0.00030391738982871175,0.9969390630722046
TEST_24595,0.050709038972854614,0.9984970092773438
TEST_24596,0.002922275336459279,0.996589183807373
TEST_24597,0.0006213910528458655,0.9841375350952148
TEST_24598,0.20219534635543823,0.9634958505630493
TEST_24599,0.008450975641608238,0.9887565970420837
TEST_24600,0.0016112339217215776,0.9967955946922302
TEST_24601,0.031956274062395096,0.981240451335907
TEST_24602,0.038186948746442795,0.8929017186164856
TEST_24603,0.05327582731842995,0.873779296875
TEST_24604,0.06755901873111725,0.946225643157959
TEST_24605,0.10596733540296555,0.884559154510498
TEST_24606,0.002150945132598281,0.9970869421958923
TEST_24607,0.04353461414575577,0.9977565407752991
TEST_24608,0.030036520212888718,0.8618403673171997
TEST_24609,0.005660866387188435,0.9437189102172852
TEST_24610,0.028516782447695732,0.9696013927459717
TEST_24611,0.007197517901659012,0.994192898273468
TEST_24612,0.0595836266875267,0.8727378845214844
TEST_24613,0.005851988214999437,0.9952355027198792
TEST_24614,0.11609113216400146,0.8740016222000122
TEST_24615,0.006841940805315971,0.998252809047699
TEST_24616,0.0017663469770923257,0.9869964122772217
TEST_24617,0.3180050253868103,0.4813784062862396
TEST_24618,0.9314092397689819,0.016602013260126114
TEST_24619,0.039752744138240814,0.9212021827697754
TEST_24620,0.02510131523013115,0.9723284244537354
TEST_24621,0.03027709200978279,0.9169146418571472
TEST_24622,0.08815101534128189,0.8923589587211609
TEST_24623,0.03961817920207977,0.9729071855545044
TEST_24624,0.023329785093665123,0.9387284517288208
TEST_24625,0.08666331321001053,0.8473343849182129
TEST_24626,0.4223777651786804,0.7930408716201782
TEST_24627,0.9736588001251221,0.8891096115112305
TEST_24628,0.0019835946150124073,0.9986845850944519
TEST_24629,0.8946796655654907,0.9921143054962158
TEST_24630,0.09525272250175476,0.9687083959579468
TEST_24631,0.08745128661394119,0.9944007992744446
TEST_24632,0.12600146234035492,0.8825437426567078
TEST_24633,0.010167282074689865,0.9972079396247864
TEST_24634,0.008782196789979935,0.7702791690826416
TEST_24635,0.19699610769748688,0.918498158454895
TEST_24636,0.9988778233528137,0.017376568168401718
TEST_24637,0.018673747777938843,0.9540745615959167
TEST_24638,0.1331276148557663,0.9992066025733948
TEST_24639,0.020477652549743652,0.9263089895248413
TEST_24640,0.014751930721104145,0.9984573125839233
TEST_24641,0.0002868882438633591,0.9997947812080383
TEST_24642,0.005233503878116608,0.9914603233337402
TEST_24643,0.0013661360135301948,0.9985254406929016
TEST_24644,0.02965494617819786,0.9046855568885803
TEST_24645,0.0012810254702344537,0.994404673576355
TEST_24646,0.006182137411087751,0.982133686542511
TEST_24647,0.011549931019544601,0.9937379360198975
TEST_24648,0.046156324446201324,0.9968956708908081
TEST_24649,0.0231140349060297,0.965654194355011
TEST_24650,0.047228652983903885,0.992244303226471
TEST_24651,0.30479300022125244,0.9003899097442627
TEST_24652,0.011191346682608128,0.982271671295166
TEST_24653,0.055434223264455795,0.9676703810691833
TEST_24654,0.005598878022283316,0.9857097864151001
TEST_24655,0.001303706201724708,0.983989953994751
TEST_24656,0.010263195261359215,0.9699882864952087
TEST_24657,0.023451266810297966,0.9878595471382141
TEST_24658,0.0005886374274268746,0.9984341263771057
TEST_24659,0.015477831475436687,0.9388160705566406
TEST_24660,0.01896163821220398,0.9931623935699463
TEST_24661,0.039975762367248535,0.9701252579689026
TEST_24662,0.31260475516319275,0.9747940897941589
TEST_24663,0.015486844815313816,0.9744886755943298
TEST_24664,0.01020570658147335,0.9975265860557556
TEST_24665,0.004292435012757778,0.9916759729385376
TEST_24666,0.008667713031172752,0.92640221118927
TEST_24667,0.2007383108139038,0.14897803962230682
TEST_24668,0.1662343591451645,0.9324173331260681
TEST_24669,0.031006013974547386,0.9747132062911987
TEST_24670,0.07613157480955124,0.98418128490448
TEST_24671,0.3544667065143585,0.9238564372062683
TEST_24672,0.15350332856178284,0.7052560448646545
TEST_24673,0.23987101018428802,0.8432316184043884
TEST_24674,0.0008353776065632701,0.9973976612091064
TEST_24675,0.05115040764212608,0.93064284324646
TEST_24676,0.005874278489500284,0.9990559220314026
TEST_24677,0.029489172622561455,0.997658371925354
TEST_24678,0.022452572360634804,0.9937976002693176
TEST_24679,0.05220499262213707,0.8629827499389648
TEST_24680,0.9998929500579834,3.447746348683722e-05
TEST_24681,0.006989986170083284,0.9775651693344116
TEST_24682,0.01099402830004692,0.9981462955474854
TEST_24683,0.4467841386795044,0.2321910858154297
TEST_24684,2.17283122765366e-05,0.9999386072158813
TEST_24685,0.021237432956695557,0.996826171875
TEST_24686,0.010191131383180618,0.9916213750839233
TEST_24687,0.03048534132540226,0.9770563244819641
TEST_24688,0.0299073439091444,0.8163061141967773
TEST_24689,0.0006664707325398922,0.995287299156189
TEST_24690,0.03726893290877342,0.959703803062439
TEST_24691,0.0012157658347859979,0.975428581237793
TEST_24692,0.01482574176043272,0.8864626288414001
TEST_24693,0.000951155845541507,0.998017430305481
TEST_24694,0.02124182879924774,0.50528883934021
TEST_24695,0.7284713387489319,0.9302525520324707
TEST_24696,0.012121476233005524,0.9209526777267456
TEST_24697,0.0002946212771348655,0.9995599389076233
TEST_24698,0.023572193458676338,0.9149084687232971
TEST_24699,0.006867715623229742,0.9886457920074463
TEST_24700,0.028263675048947334,0.9991905093193054
TEST_24701,0.011599607765674591,0.9537153840065002
TEST_24702,0.0004517608613241464,0.9878692030906677
TEST_24703,0.003367678029462695,0.9140928387641907
TEST_24704,0.1791391223669052,0.7042844295501709
TEST_24705,0.23812852799892426,0.9762643575668335
TEST_24706,0.0017648173961788416,0.9737122654914856
TEST_24707,0.00430771429091692,0.9928624033927917
TEST_24708,0.9918547868728638,0.020830674096941948
TEST_24709,0.0006829755147919059,0.9509539008140564
TEST_24710,0.0441003292798996,0.9833611845970154
TEST_24711,0.015445777215063572,0.9826914668083191
TEST_24712,0.044449031352996826,0.8101776242256165
TEST_24713,0.0027897870168089867,0.9996896982192993
TEST_24714,0.004549297504127026,0.9957844614982605
TEST_24715,0.060901205986738205,0.9599223732948303
TEST_24716,0.9761160016059875,0.8749251365661621
TEST_24717,0.0167843010276556,0.9976229071617126
TEST_24718,0.00028633850160986185,0.9937847852706909
TEST_24719,0.02674676850438118,0.8707720041275024
TEST_24720,0.000578185950871557,0.9961826205253601
TEST_24721,0.49858519434928894,0.9998100399971008
TEST_24722,0.0018007075414061546,0.9947357773780823
TEST_24723,0.05565648153424263,0.823316752910614
TEST_24724,0.0803174078464508,0.8545647263526917
TEST_24725,0.002292148070409894,0.9969847798347473
TEST_24726,0.023099614307284355,0.9977228045463562
TEST_24727,0.23800526559352875,0.9899511933326721
TEST_24728,0.91267991065979,0.020988261327147484
TEST_24729,0.016053223982453346,0.9769942164421082
TEST_24730,0.1297387331724167,0.9679684042930603
TEST_24731,0.004727157764136791,0.9994093179702759
TEST_24732,0.00599725591018796,0.9798335433006287
TEST_24733,0.00047874863957986236,0.9917902946472168
TEST_24734,0.012649969197809696,0.9932152032852173
TEST_24735,0.011292358860373497,0.9784901738166809
TEST_24736,0.0003179586201440543,0.9986779093742371
TEST_24737,0.012484965845942497,0.9881994724273682
TEST_24738,0.014054274186491966,0.9970026612281799
TEST_24739,0.0501546636223793,0.9482796788215637
TEST_24740,0.07510929554700851,0.453521192073822
TEST_24741,0.18417222797870636,0.9639511108398438
TEST_24742,0.8438340425491333,0.9913679957389832
TEST_24743,0.08163335919380188,0.9541898965835571
TEST_24744,0.9857688546180725,0.4587879776954651
TEST_24745,0.6915102005004883,0.09430379420518875
TEST_24746,0.2562839686870575,0.9026820659637451
TEST_24747,0.00374744925647974,0.9933167695999146
TEST_24748,0.9822585582733154,0.9954564571380615
TEST_24749,0.0293735358864069,0.9696176052093506
TEST_24750,0.0017138036200776696,0.9932804703712463
TEST_24751,0.000973291986156255,0.9976291060447693
TEST_24752,0.3176482617855072,0.7539390921592712
TEST_24753,0.013806247152388096,0.9896344542503357
TEST_24754,0.049676381051540375,0.951036274433136
TEST_24755,0.9952517747879028,0.0014359115157276392
TEST_24756,0.03198620304465294,0.8804740905761719
TEST_24757,0.09972894936800003,0.5429608821868896
TEST_24758,0.007652487140148878,0.9106087684631348
TEST_24759,0.15732289850711823,0.9862160682678223
TEST_24760,0.20615145564079285,0.7947315573692322
TEST_24761,0.016737937927246094,0.9967043995857239
TEST_24762,0.028049375861883163,0.9607810378074646
TEST_24763,0.024580243974924088,0.921892523765564
TEST_24764,0.5048854351043701,0.9901829361915588
TEST_24765,0.011743172071874142,0.9273225665092468
TEST_24766,2.0333669453975745e-05,0.999980092048645
TEST_24767,0.0022042570635676384,0.9853147268295288
TEST_24768,0.0034459647722542286,0.9581248164176941
TEST_24769,0.89585280418396,0.9881525635719299
TEST_24770,0.0037801330909132957,0.9989449381828308
TEST_24771,0.05028899013996124,0.21498867869377136
TEST_24772,0.2270442098379135,0.9391300082206726
TEST_24773,0.03566588833928108,0.8341856002807617
TEST_24774,0.013150602579116821,0.978939950466156
TEST_24775,0.07740108668804169,0.8825541138648987
TEST_24776,0.007087573409080505,0.9582716226577759
TEST_24777,0.15742026269435883,0.9849672913551331
TEST_24778,0.022602036595344543,0.9996781349182129
TEST_24779,0.005241749808192253,0.9951371550559998
TEST_24780,0.07278485596179962,0.9868965744972229
TEST_24781,0.0005837420467287302,0.9994445443153381
TEST_24782,0.009598929435014725,0.9011086821556091
TEST_24783,0.032726675271987915,0.9244369268417358
TEST_24784,0.04450134187936783,0.8372960686683655
TEST_24785,0.015369382686913013,0.976597785949707
TEST_24786,0.027119895443320274,0.9512807726860046
TEST_24787,0.0023005162365734577,0.9920843839645386
TEST_24788,0.003778723767027259,0.9829205870628357
TEST_24789,0.002738773822784424,0.9929376244544983
TEST_24790,0.017910029739141464,0.9069560766220093
TEST_24791,0.1218956783413887,0.9816164970397949
TEST_24792,0.09092047065496445,0.734234631061554
TEST_24793,0.05982004478573799,0.997641921043396
TEST_24794,0.06069038808345795,0.8960757851600647
TEST_24795,0.02457193098962307,0.969990611076355
TEST_24796,1.452130436518928e-05,0.9993072748184204
TEST_24797,0.0158468559384346,0.9059063792228699
TEST_24798,0.0020015055779367685,0.9972610473632812
TEST_24799,0.0035222331061959267,0.9987247586250305
TEST_24800,0.07544655352830887,0.92537921667099
TEST_24801,0.006751339882612228,0.9995929598808289
TEST_24802,0.001857383525930345,0.992388904094696
TEST_24803,0.029830917716026306,0.9851592183113098
TEST_24804,0.007488927338272333,0.9974468946456909
TEST_24805,0.06714920699596405,0.6570600271224976
TEST_24806,0.06422862410545349,0.9222187995910645
TEST_24807,0.0009703735122457147,0.9947386384010315
TEST_24808,0.000865186273586005,0.9987419247627258
TEST_24809,0.34620559215545654,0.6260666251182556
TEST_24810,0.027249250560998917,0.9984002709388733
TEST_24811,0.056970275938510895,0.9565356373786926
TEST_24812,0.0125369718298316,0.9985291957855225
TEST_24813,0.24765412509441376,0.7924554944038391
TEST_24814,0.10187950730323792,0.890472948551178
TEST_24815,0.010838259942829609,0.9937403202056885
TEST_24816,0.016841107979416847,0.9994320273399353
TEST_24817,0.003311135107651353,0.9977729916572571
TEST_24818,0.0003312814515084028,0.9999963045120239
TEST_24819,0.001215646043419838,0.9868768453598022
TEST_24820,0.0015467486809939146,0.9884390234947205
TEST_24821,2.000530184886884e-05,0.9999308586120605
TEST_24822,0.9886478781700134,0.6108806133270264
TEST_24823,0.00605553574860096,0.9994503855705261
TEST_24824,0.007538927253335714,0.980893611907959
TEST_24825,0.011322712525725365,0.9588853120803833
TEST_24826,0.006380148231983185,0.9851900935173035
TEST_24827,0.01710633561015129,0.9646897315979004
TEST_24828,0.29442548751831055,0.21023237705230713
TEST_24829,0.07416071742773056,0.9947258830070496
TEST_24830,0.042078498750925064,0.9805477857589722
TEST_24831,0.23810149729251862,0.20589761435985565
TEST_24832,0.0015278552891686559,0.9972358345985413
TEST_24833,0.002075854456052184,0.9255986213684082
TEST_24834,0.001398093649186194,0.9988424181938171
TEST_24835,0.00225428375415504,0.9829084873199463
TEST_24836,0.002352730371057987,0.9796059727668762
TEST_24837,0.00039649830432608724,0.9984502792358398
TEST_24838,0.03959087282419205,0.8809390068054199
TEST_24839,0.05619321018457413,0.0851052775979042
TEST_24840,0.035942066460847855,0.8770783543586731
TEST_24841,0.020199835300445557,0.9997445940971375
TEST_24842,0.033192697912454605,0.8971158266067505
TEST_24843,0.07816121727228165,0.9260024428367615
TEST_24844,0.023472044616937637,0.9658417701721191
TEST_24845,0.00933894794434309,0.9982383251190186
TEST_24846,0.0006260127993300557,0.999942421913147
TEST_24847,0.04844829812645912,0.9991081357002258
TEST_24848,0.02606509067118168,0.983364462852478
TEST_24849,0.029378430917859077,0.9065502882003784
TEST_24850,0.4843766391277313,0.9481423497200012
TEST_24851,0.011704879812896252,0.9998461008071899
TEST_24852,0.004604159854352474,0.9938004612922668
TEST_24853,0.0032338309101760387,0.9955525994300842
TEST_24854,0.0052490620873868465,0.9971575736999512
TEST_24855,0.00960914883762598,0.9914687871932983
TEST_24856,0.02080378495156765,0.9885208606719971
TEST_24857,0.01627480424940586,0.788212776184082
TEST_24858,0.1408395618200302,0.9239150285720825
TEST_24859,0.0064790332689881325,0.9957873225212097
TEST_24860,0.003981411457061768,0.9767025113105774
TEST_24861,0.20960943400859833,0.845115602016449
TEST_24862,0.0030915006063878536,0.9998677968978882
TEST_24863,0.817944347858429,0.2230796366930008
TEST_24864,0.02050391025841236,0.672062873840332
TEST_24865,0.03295764699578285,0.9355363249778748
TEST_24866,0.0005559163982979953,0.9986037611961365
TEST_24867,0.0010776432463899255,0.9980850219726562
TEST_24868,0.01071874238550663,0.9334062933921814
TEST_24869,0.9569725394248962,0.8023239374160767
TEST_24870,0.12699930369853973,0.9354808330535889
TEST_24871,0.03242107853293419,0.899268627166748
TEST_24872,0.5002037882804871,0.9428777694702148
TEST_24873,0.08516199141740799,0.8778447508811951
TEST_24874,0.16268722712993622,0.8945105075836182
TEST_24875,0.0037370442878454924,0.9997444748878479
TEST_24876,0.03593548387289047,0.9234607815742493
TEST_24877,0.9971617460250854,0.0008792488370090723
TEST_24878,0.0018935150001198053,0.9991214871406555
TEST_24879,0.001294912421144545,0.9998170733451843
TEST_24880,0.9950180053710938,0.25638219714164734
TEST_24881,0.0037424894981086254,0.9928930401802063
TEST_24882,0.05080479383468628,0.8222298622131348
TEST_24883,0.01545021589845419,0.9999954700469971
TEST_24884,0.004605655558407307,0.9369054436683655
TEST_24885,0.028346732258796692,0.9997110962867737
TEST_24886,0.016371212899684906,0.9108524918556213
TEST_24887,0.5549618005752563,0.46973365545272827
TEST_24888,2.891076974265161e-06,0.9995274543762207
TEST_24889,0.020687280222773552,0.993115246295929
TEST_24890,0.5827978253364563,0.9470988512039185
TEST_24891,0.0011842388194054365,0.9999803304672241
TEST_24892,0.7823756337165833,0.854374349117279
TEST_24893,0.6195542812347412,0.9569393396377563
TEST_24894,0.031030919402837753,0.9831222891807556
TEST_24895,0.0011179524008184671,0.9960224628448486
TEST_24896,0.010019061155617237,0.9893748760223389
TEST_24897,0.006784367375075817,0.9919711351394653
TEST_24898,0.07266600430011749,0.989446759223938
TEST_24899,0.2145499587059021,0.860974133014679
TEST_24900,0.04017257317900658,0.9848728179931641
TEST_24901,0.003009994048625231,0.9988381266593933
TEST_24902,0.005766522139310837,0.9859214425086975
TEST_24903,0.09781461209058762,0.9596561789512634
TEST_24904,0.01672389730811119,0.9744676351547241
TEST_24905,0.0065002343617379665,0.9979433417320251
TEST_24906,0.01705263741314411,0.19917580485343933
TEST_24907,0.002497213426977396,0.998195469379425
TEST_24908,0.4110596776008606,0.8880939483642578
TEST_24909,0.005695428233593702,0.9924138188362122
TEST_24910,0.0006002808804623783,0.9987665414810181
TEST_24911,0.9996700286865234,0.004624034743756056
TEST_24912,0.003842914244160056,0.9972808361053467
TEST_24913,0.01663980446755886,0.9302119016647339
TEST_24914,0.0008299544570036232,0.9925128221511841
TEST_24915,0.003964557312428951,0.9767165184020996
TEST_24916,0.007352752145379782,0.977597177028656
TEST_24917,0.367430716753006,0.9328178763389587
TEST_24918,0.0016432490665465593,0.9842039942741394
TEST_24919,0.00011044602433685213,0.999248206615448
TEST_24920,0.20943114161491394,0.9944077730178833
TEST_24921,0.009797296486794949,0.9997267127037048
TEST_24922,0.4270099103450775,0.8219835162162781
TEST_24923,0.02284345217049122,0.9805154800415039
TEST_24924,0.0025693243369460106,0.9998476505279541
TEST_24925,0.0018662366783246398,0.9947338104248047
TEST_24926,0.005253513343632221,0.9576831459999084
TEST_24927,0.2330915778875351,0.2452409565448761
TEST_24928,0.06245840713381767,0.9618617296218872
TEST_24929,0.014531133696436882,0.9922857284545898
TEST_24930,0.1607457995414734,0.8660963177680969
TEST_24931,0.01167130097746849,0.9998262524604797
TEST_24932,0.003619308117777109,0.9991531372070312
TEST_24933,0.006616078782826662,0.8439885973930359
TEST_24934,0.029954560101032257,0.9707042574882507
TEST_24935,0.009883676655590534,0.9249134659767151
TEST_24936,0.006656799931079149,0.9999986886978149
TEST_24937,0.03685875982046127,0.8426073789596558
TEST_24938,0.014665396884083748,0.7582903504371643
TEST_24939,0.0010637439554557204,0.9997468590736389
TEST_24940,0.034337542951107025,0.8944141864776611
TEST_24941,0.13830947875976562,0.8818441033363342
TEST_24942,0.04801212623715401,0.5184171795845032
TEST_24943,0.12697738409042358,0.9668014049530029
TEST_24944,0.010529215447604656,0.9988038539886475
TEST_24945,0.005115466192364693,0.9998266100883484
TEST_24946,0.061209555715322495,0.8561667799949646
TEST_24947,0.7575816512107849,0.8645395040512085
TEST_24948,0.006698270794004202,0.9561009407043457
TEST_24949,0.000588770373724401,0.9997588992118835
TEST_24950,0.02617567777633667,0.9943980574607849
TEST_24951,0.0009681543451733887,0.9940469264984131
TEST_24952,0.0037631087470799685,0.9994527697563171
TEST_24953,0.00791845005005598,0.9983068704605103
TEST_24954,0.0061676595360040665,0.9843094348907471
TEST_24955,0.009106138721108437,0.9876809120178223
TEST_24956,0.003118217224255204,0.9999336004257202
TEST_24957,0.0010192482732236385,0.9767400622367859
TEST_24958,0.02148890681564808,0.698502779006958
TEST_24959,0.07901852577924728,0.973709762096405
TEST_24960,0.021391773596405983,0.9999297857284546
TEST_24961,0.033802419900894165,0.9873232245445251
TEST_24962,0.004207395017147064,0.9859138131141663
TEST_24963,0.0891285315155983,0.9820262789726257
TEST_24964,0.27102604508399963,0.36665838956832886
TEST_24965,0.19691544771194458,0.8912450671195984
TEST_24966,0.2723469138145447,0.9627310633659363
TEST_24967,0.04406554624438286,0.6922189593315125
TEST_24968,0.07512274384498596,0.997505247592926
TEST_24969,0.007773159071803093,0.9877069592475891
TEST_24970,0.03425785154104233,0.9962564706802368
TEST_24971,0.8065862059593201,0.9885778427124023
TEST_24972,0.5423172116279602,0.7956477403640747
TEST_24973,0.01406916230916977,0.9971119165420532
TEST_24974,0.10656701773405075,0.863621175289154
TEST_24975,0.010651410557329655,0.9924547672271729
TEST_24976,0.02082372084259987,0.923008143901825
TEST_24977,0.018521340563893318,0.9863374829292297
TEST_24978,0.07054704427719116,0.8993212580680847
TEST_24979,0.029879575595259666,0.9884705543518066
TEST_24980,0.03302991762757301,0.9361563920974731
TEST_24981,0.5940260291099548,0.9590581059455872
TEST_24982,0.0023310037795454264,0.9875764846801758
TEST_24983,0.14859431982040405,0.6567467451095581
TEST_24984,0.03108387626707554,0.9800471663475037
TEST_24985,0.0009471984230913222,0.9887434244155884
TEST_24986,0.022052671760320663,0.980026125907898
TEST_24987,0.13206051290035248,0.9935153722763062
TEST_24988,0.010702624917030334,0.9539282917976379
TEST_24989,0.006577500142157078,0.9392716884613037
TEST_24990,0.046019792556762695,0.8939803242683411
TEST_24991,0.004223046824336052,0.9947532415390015
TEST_24992,0.003262234153226018,0.9961417317390442
TEST_24993,0.0014571866486221552,0.9998176693916321
TEST_24994,0.0009969610255211592,0.9964414238929749
TEST_24995,0.6605589389801025,0.9541220664978027
TEST_24996,0.9987253546714783,0.8985548615455627
TEST_24997,0.015402820892632008,0.9522147178649902
TEST_24998,0.9544485211372375,0.5363214015960693
TEST_24999,0.0015048712957650423,0.9965540170669556
TEST_25000,0.03589921444654465,0.4897195100784302
TEST_25001,0.0656866580247879,0.7620076537132263
TEST_25002,0.43355464935302734,0.6618314981460571
TEST_25003,0.026729514822363853,0.9893333315849304
TEST_25004,0.010347926057875156,0.9803200960159302
TEST_25005,0.01620621606707573,0.6508724093437195
TEST_25006,0.00201828102581203,0.9923408031463623
TEST_25007,0.024061713367700577,0.994451105594635
TEST_25008,0.004780126269906759,0.9904351234436035
TEST_25009,0.012536446563899517,0.9749068021774292
TEST_25010,0.035895634442567825,0.9925145506858826
TEST_25011,0.003622227581217885,0.9819583296775818
TEST_25012,0.014723195694386959,0.8749375343322754
TEST_25013,0.00886364746838808,0.26102736592292786
TEST_25014,0.02765927091240883,0.9248334169387817
TEST_25015,0.004960778169333935,0.994726836681366
TEST_25016,0.00018364372954238206,0.999982476234436
TEST_25017,0.03973039239645004,0.9103952646255493
TEST_25018,0.042843662202358246,0.9754670858383179
TEST_25019,0.0066863009706139565,0.9863982796669006
TEST_25020,0.039135754108428955,0.9397885203361511
TEST_25021,0.012630051001906395,0.9445534944534302
TEST_25022,0.9368901252746582,0.48012492060661316
TEST_25023,0.006358911283314228,0.9976857900619507
TEST_25024,0.04853421077132225,0.8638275861740112
TEST_25025,0.014122173190116882,0.9034377336502075
TEST_25026,0.11901765316724777,0.25669771432876587
TEST_25027,0.0789191946387291,0.8915977478027344
TEST_25028,0.023235036060214043,0.9857417345046997
TEST_25029,0.04436216130852699,0.9857591390609741
TEST_25030,0.3778700530529022,0.9587125182151794
TEST_25031,0.0027699193451553583,0.9710665345191956
TEST_25032,0.022992843762040138,0.9853877425193787
TEST_25033,0.056223414838314056,0.9863518476486206
TEST_25034,0.005998856853693724,0.857382595539093
TEST_25035,0.06862460821866989,0.9652467370033264
TEST_25036,0.02858593873679638,0.9898924827575684
TEST_25037,0.26126164197921753,0.9639237523078918
TEST_25038,0.026543235406279564,0.952347457408905
TEST_25039,0.9746492505073547,0.9220766425132751
TEST_25040,0.011584348976612091,0.7692392468452454
TEST_25041,0.020762629806995392,0.8801984190940857
TEST_25042,0.02418668009340763,0.9761369824409485
TEST_25043,0.07527554035186768,0.9969862103462219
TEST_25044,0.020755453035235405,0.9947230815887451
TEST_25045,0.44859907031059265,0.9939875602722168
TEST_25046,0.011818760074675083,0.9209796786308289
TEST_25047,0.009464933536946774,0.9829482436180115
TEST_25048,0.014857666566967964,0.9915152788162231
TEST_25049,0.05352567508816719,0.9249852299690247
TEST_25050,0.16922450065612793,0.9824460744857788
TEST_25051,0.12034646421670914,0.7666211128234863
TEST_25052,0.0020313921850174665,0.9607890844345093
TEST_25053,0.014826367609202862,0.9906613230705261
TEST_25054,0.0021600842010229826,0.9956493973731995
TEST_25055,0.03356357291340828,0.9138477444648743
TEST_25056,0.025830479338765144,0.9880123138427734
TEST_25057,0.28366345167160034,0.9823729991912842
TEST_25058,0.01680314913392067,0.9950147271156311
TEST_25059,0.004766318015754223,0.9908779263496399
TEST_25060,0.007013877388089895,0.9943140745162964
TEST_25061,0.01491665281355381,0.9468477368354797
TEST_25062,0.012011158280074596,0.994300365447998
TEST_25063,0.6892164945602417,0.15065191686153412
TEST_25064,0.012920971028506756,0.9877883791923523
TEST_25065,0.001588584971614182,0.9868975877761841
TEST_25066,0.0175494197756052,0.9613229632377625
TEST_25067,0.002223842777311802,0.9819807410240173
TEST_25068,0.013642063364386559,0.755364179611206
TEST_25069,0.74882972240448,0.9616756439208984
TEST_25070,0.002609600080177188,0.9999525547027588
TEST_25071,0.0025379029102623463,0.9970296621322632
TEST_25072,0.04329286143183708,0.923512876033783
TEST_25073,0.9226669073104858,0.954529345035553
TEST_25074,0.9520847201347351,0.010945010930299759
TEST_25075,0.0008515221416018903,0.9965537786483765
TEST_25076,0.02073323167860508,0.9881503582000732
TEST_25077,0.0004961896338500082,0.9988129138946533
TEST_25078,0.0010540104703977704,0.9978199005126953
TEST_25079,0.0022031969856470823,0.9942687749862671
TEST_25080,0.0043471986427903175,0.9759775400161743
TEST_25081,0.041677460074424744,0.9308675527572632
TEST_25082,0.060947172343730927,0.9120184779167175
TEST_25083,0.00571077037602663,0.996601939201355
TEST_25084,0.0009987506782636046,0.9900409579277039
TEST_25085,0.00013386679347604513,0.9999845027923584
TEST_25086,0.05341220274567604,0.9658419489860535
TEST_25087,0.015450933948159218,0.5097274780273438
TEST_25088,0.36031290888786316,0.11908039450645447
TEST_25089,0.0023612575605511665,0.972800076007843
TEST_25090,0.013065139763057232,0.9900733232498169
TEST_25091,0.37073004245758057,0.889288067817688
TEST_25092,0.033733170479536057,0.9412235617637634
TEST_25093,0.7559214234352112,0.8923037052154541
TEST_25094,0.035809628665447235,0.933485209941864
TEST_25095,0.6184597015380859,0.45690712332725525
TEST_25096,0.009550062008202076,0.9860158562660217
TEST_25097,0.08818616718053818,0.9682133197784424
TEST_25098,0.008411040529608727,0.9986030459403992
TEST_25099,0.03617335483431816,0.9908169507980347
TEST_25100,0.06918013840913773,0.9452561736106873
TEST_25101,0.16358058154582977,0.978576123714447
TEST_25102,0.06223270297050476,0.9874353408813477
TEST_25103,0.040618907660245895,0.9946734309196472
TEST_25104,0.019338935613632202,0.9979937076568604
TEST_25105,0.004289716947823763,0.9910297393798828
TEST_25106,0.9929819107055664,0.0006241162773221731
TEST_25107,0.005019851494580507,0.9984326958656311
TEST_25108,0.0065735443495213985,0.9953795671463013
TEST_25109,0.02473714016377926,0.13349807262420654
TEST_25110,0.09253837168216705,0.6446458101272583
TEST_25111,0.01106318924576044,0.9487082362174988
TEST_25112,0.9682397246360779,0.3809720277786255
TEST_25113,0.013886423781514168,0.9595493674278259
TEST_25114,0.4040471017360687,0.9702562093734741
TEST_25115,0.05310910567641258,0.9706874489784241
TEST_25116,0.04495978727936745,0.9800791144371033
TEST_25117,0.15520884096622467,0.8805545568466187
TEST_25118,0.033108945935964584,0.9870615601539612
TEST_25119,0.9977684020996094,0.0006289617158472538
TEST_25120,0.4352359175682068,0.9643553495407104
TEST_25121,0.07892990857362747,0.9229488968849182
TEST_25122,0.031205788254737854,0.874060869216919
TEST_25123,0.0018525505438446999,0.9878258109092712
TEST_25124,0.0017070367466658354,0.9963323473930359
TEST_25125,0.06902750581502914,0.973031222820282
TEST_25126,0.011202655732631683,0.9928616881370544
TEST_25127,0.34029605984687805,0.9831405282020569
TEST_25128,0.13368837535381317,0.8930069208145142
TEST_25129,0.012370675802230835,0.9935415983200073
TEST_25130,0.000323124579153955,0.9999619722366333
TEST_25131,0.10762987285852432,0.8746285438537598
TEST_25132,0.0701281949877739,0.9961257576942444
TEST_25133,0.028473641723394394,0.9722312092781067
TEST_25134,0.05133841186761856,0.8303375244140625
TEST_25135,0.002043596003204584,0.9998984336853027
TEST_25136,0.00034643354592844844,0.9993394017219543
TEST_25137,0.17177994549274445,0.7019567489624023
TEST_25138,0.028543131425976753,0.9425996541976929
TEST_25139,0.01784917339682579,0.8981349468231201
TEST_25140,0.0371108204126358,0.9875712394714355
TEST_25141,0.0003147276584059,0.995755672454834
TEST_25142,0.03609238192439079,0.9342237710952759
TEST_25143,0.025928981602191925,0.9889765381813049
TEST_25144,0.05102246627211571,0.9810763597488403
TEST_25145,0.14928002655506134,0.8710258603096008
TEST_25146,0.031294457614421844,0.9915964007377625
TEST_25147,0.017861975356936455,0.9666334986686707
TEST_25148,0.027420859783887863,0.8925807476043701
TEST_25149,0.0017070058966055512,0.9999123811721802
TEST_25150,0.008462338708341122,0.99850994348526
TEST_25151,0.9886772632598877,0.881610095500946
TEST_25152,0.029984308406710625,0.9612298607826233
TEST_25153,0.0023985295556485653,0.999397873878479
TEST_25154,0.15949998795986176,0.908887505531311
TEST_25155,0.6270853877067566,0.41822925209999084
TEST_25156,4.946763510815799e-06,0.9999122619628906
TEST_25157,0.035509251058101654,0.79265296459198
TEST_25158,0.07484845817089081,0.9978437423706055
TEST_25159,0.008591742254793644,0.9833233952522278
TEST_25160,0.0022139784414321184,0.9202733039855957
TEST_25161,0.0174220260232687,0.9532660841941833
TEST_25162,0.021770866587758064,0.9997636675834656
TEST_25163,0.029476303607225418,0.995694637298584
TEST_25164,0.002758400049060583,0.9994088411331177
TEST_25165,0.002727505285292864,0.968220055103302
TEST_25166,0.012041060253977776,0.9861124157905579
TEST_25167,0.0029345473740249872,0.9938642978668213
TEST_25168,0.003963657654821873,0.9979512095451355
TEST_25169,0.9168847799301147,0.7230687141418457
TEST_25170,0.0301484577357769,0.9895554780960083
TEST_25171,0.0029975990764796734,0.9972538352012634
TEST_25172,0.03327229619026184,0.9023898839950562
TEST_25173,0.142045795917511,0.8703527450561523
TEST_25174,0.022363847121596336,0.9995840191841125
TEST_25175,0.005740772467106581,0.9912925362586975
TEST_25176,0.6008092761039734,0.9821183681488037
TEST_25177,3.513951014610939e-05,0.9993565678596497
TEST_25178,0.468235045671463,0.2345586121082306
TEST_25179,0.4852719008922577,0.841193437576294
TEST_25180,0.8233104348182678,0.018855368718504906
TEST_25181,0.01102525182068348,0.9889216423034668
TEST_25182,0.005003328435122967,0.9897013902664185
TEST_25183,0.09099218994379044,0.847542941570282
TEST_25184,0.04773953557014465,0.9300949573516846
TEST_25185,0.05281747877597809,0.9001905918121338
TEST_25186,0.35238349437713623,0.9867308139801025
TEST_25187,0.005837596952915192,0.9951689839363098
TEST_25188,0.014540518634021282,0.9271734952926636
TEST_25189,0.9999992847442627,5.472741577250417e-06
TEST_25190,0.002290874719619751,0.997238278388977
TEST_25191,0.0004995710332877934,0.9988647699356079
TEST_25192,0.00981008168309927,0.9272419810295105
TEST_25193,0.021573487669229507,0.857326865196228
TEST_25194,0.0057810521684587,0.9959924817085266
TEST_25195,0.6673442721366882,0.1654565930366516
TEST_25196,0.07096365839242935,0.8943249583244324
TEST_25197,0.013744492083787918,0.9873987436294556
TEST_25198,0.025582514703273773,0.9930974841117859
TEST_25199,0.00417223060503602,0.9996964931488037
TEST_25200,0.03396689519286156,0.9999908208847046
TEST_25201,0.0030747835990041494,0.9587331414222717
TEST_25202,0.031016116961836815,0.9986526966094971
TEST_25203,2.4988827007632608e-08,0.9996603727340698
TEST_25204,0.02187884785234928,0.9565597176551819
TEST_25205,0.009668568149209023,0.9766786694526672
TEST_25206,0.020420493558049202,0.9880247712135315
TEST_25207,0.042329076677560806,0.9694641828536987
TEST_25208,0.021877873688936234,0.9509161710739136
TEST_25209,4.7989793529268354e-05,0.9998594522476196
TEST_25210,0.0599282868206501,0.9384484887123108
TEST_25211,0.014641590416431427,0.9817610383033752
TEST_25212,0.05277003347873688,0.9959661960601807
TEST_25213,0.12499430775642395,0.9325674176216125
TEST_25214,0.03136863932013512,0.9216988682746887
TEST_25215,0.0007234052172861993,0.9973393082618713
TEST_25216,0.0005838624783791602,0.9999758005142212
TEST_25217,0.0004967114073224366,0.9993926286697388
TEST_25218,0.06566181033849716,0.8726757764816284
TEST_25219,0.027610691264271736,0.9638229608535767
TEST_25220,0.996364414691925,0.005591998342424631
TEST_25221,0.03673325851559639,0.8864977955818176
TEST_25222,0.0017541141714900732,0.9928609728813171
TEST_25223,0.014432163909077644,0.9958101511001587
TEST_25224,0.0021451807115226984,0.993880033493042
TEST_25225,0.001900074421428144,0.9999868869781494
TEST_25226,0.3482796549797058,0.9854359030723572
TEST_25227,0.02578948810696602,0.882572591304779
TEST_25228,0.019301937893033028,0.9910932183265686
TEST_25229,0.0016826605424284935,0.999535083770752
TEST_25230,0.11804794520139694,0.9933611154556274
TEST_25231,0.02780267223715782,0.9956411123275757
TEST_25232,0.005922963842749596,0.9473636746406555
TEST_25233,0.002839180175215006,0.955114483833313
TEST_25234,0.5054668188095093,0.8982163667678833
TEST_25235,0.013032388873398304,0.9617028832435608
TEST_25236,0.07446199655532837,0.9699613451957703
TEST_25237,0.0035967370495200157,0.9980542659759521
TEST_25238,0.14155203104019165,0.8889803290367126
TEST_25239,0.03188633918762207,0.9796343445777893
TEST_25240,0.0005557256517931819,0.9998173117637634
TEST_25241,0.001303800498135388,0.9992250204086304
TEST_25242,0.0010313685052096844,0.9730492830276489
TEST_25243,0.009356990456581116,0.991134762763977
TEST_25244,0.01042908988893032,0.999096155166626
TEST_25245,0.005832258611917496,0.9990956783294678
TEST_25246,0.04184845834970474,0.9063321352005005
TEST_25247,0.04212535545229912,0.9714820981025696
TEST_25248,0.05997662991285324,0.9757735133171082
TEST_25249,0.015371113084256649,0.9765482544898987
TEST_25250,0.002449092920869589,0.9998108744621277
TEST_25251,0.14285528659820557,0.547993004322052
TEST_25252,0.01655886135995388,0.997655987739563
TEST_25253,0.0895501971244812,0.8977490067481995
TEST_25254,0.0010485127568244934,0.9882424473762512
TEST_25255,0.0011245941277593374,0.9923387765884399
TEST_25256,0.0018224784871563315,0.9994717240333557
TEST_25257,0.027250511571764946,0.9976000189781189
TEST_25258,0.034818802028894424,0.8540366888046265
TEST_25259,0.01910075731575489,0.8363697528839111
TEST_25260,0.10621321201324463,0.7613996267318726
TEST_25261,0.014009916223585606,0.9660903811454773
TEST_25262,0.0032897538039833307,0.9987800717353821
TEST_25263,0.03889080137014389,0.9755512475967407
TEST_25264,0.001455801073461771,0.996995210647583
TEST_25265,0.05150747671723366,0.8675857186317444
TEST_25266,0.017885196954011917,0.9672033786773682
TEST_25267,0.0989857092499733,0.9766904711723328
TEST_25268,0.011573865078389645,0.9971523284912109
TEST_25269,0.8144896626472473,0.7741745114326477
TEST_25270,0.03946132957935333,0.9248108863830566
TEST_25271,0.22431132197380066,0.9889364838600159
TEST_25272,0.0014159050770103931,0.9966928958892822
TEST_25273,0.9702117443084717,0.6407310962677002
TEST_25274,0.011295361444354057,0.9943766593933105
TEST_25275,0.007368520833551884,0.8097270131111145
TEST_25276,0.0012899159919470549,0.9999450445175171
TEST_25277,0.05424313619732857,0.8259479403495789
TEST_25278,0.00983755849301815,0.9970501661300659
TEST_25279,0.02995537780225277,0.9704674482345581
TEST_25280,0.058859337121248245,0.9030928015708923
TEST_25281,0.009082663804292679,0.9970582723617554
TEST_25282,0.0010737444972619414,0.9997978806495667
TEST_25283,0.0036785160191357136,0.9938787817955017
TEST_25284,0.9572920799255371,0.9035155773162842
TEST_25285,0.9998959302902222,0.002849982585757971
TEST_25286,0.024948058649897575,0.9546335935592651
TEST_25287,0.9982821941375732,0.9795358777046204
TEST_25288,0.03449861332774162,0.9450624585151672
TEST_25289,0.00031810658401809633,0.9995074272155762
TEST_25290,0.026216477155685425,0.9733128547668457
TEST_25291,0.0008703491766937077,0.9987298846244812
TEST_25292,0.06791665405035019,0.8933150768280029
TEST_25293,0.024261560291051865,0.9708508849143982
TEST_25294,0.005353734828531742,0.9189154505729675
TEST_25295,0.20352929830551147,0.9790562987327576
TEST_25296,0.006252451334148645,0.9993577599525452
TEST_25297,0.003935541957616806,0.9670397043228149
TEST_25298,0.027042433619499207,0.9572973251342773
TEST_25299,0.017788086086511612,0.9851428866386414
TEST_25300,0.02881545014679432,0.974279522895813
TEST_25301,0.10577496141195297,0.8574352264404297
TEST_25302,0.007368193473666906,0.9903258085250854
TEST_25303,0.0008984999149106443,0.9994416832923889
TEST_25304,0.018685098737478256,0.9836395382881165
TEST_25305,0.0020022972021251917,0.9996801614761353
TEST_25306,0.006877098232507706,0.9866260886192322
TEST_25307,0.006525462958961725,0.9447017908096313
TEST_25308,0.013943064026534557,0.9952889680862427
TEST_25309,0.014779788441956043,0.8963432908058167
TEST_25310,0.010337968356907368,0.9979808926582336
TEST_25311,0.09059667587280273,0.85877925157547
TEST_25312,0.0027668944094330072,0.771470308303833
TEST_25313,0.0004212637431919575,0.9983263611793518
TEST_25314,0.557930588722229,0.9524688124656677
TEST_25315,0.03552725911140442,0.9965588450431824
TEST_25316,0.09107998758554459,0.9283040165901184
TEST_25317,0.005783206317573786,0.9906201362609863
TEST_25318,0.001176196150481701,0.9992519021034241
TEST_25319,0.5564517378807068,0.9855597019195557
TEST_25320,0.9915488958358765,0.8195698261260986
TEST_25321,0.0023131687194108963,0.9992867112159729
TEST_25322,0.0008328885887749493,0.9998397827148438
TEST_25323,0.01267331838607788,0.9811406135559082
TEST_25324,0.00301371980458498,0.8515172600746155
TEST_25325,0.07131464034318924,0.9930981993675232
TEST_25326,0.042279407382011414,0.9477654099464417
TEST_25327,0.04183729365468025,0.5945927500724792
TEST_25328,0.011663922108709812,0.998245120048523
TEST_25329,0.0031080611515790224,0.999277651309967
TEST_25330,0.09812545776367188,0.925538182258606
TEST_25331,0.13697980344295502,0.9914036393165588
TEST_25332,0.013259698636829853,0.9972311854362488
TEST_25333,0.0008614952093921602,0.9880712032318115
TEST_25334,0.7413114309310913,0.8550341129302979
TEST_25335,0.02563798427581787,0.9924675822257996
TEST_25336,0.04244985803961754,0.5949301719665527
TEST_25337,0.4435851275920868,0.9928973913192749
TEST_25338,0.017144404351711273,0.9715805649757385
TEST_25339,0.012941817753016949,0.9996410608291626
TEST_25340,0.005002968013286591,0.9117504954338074
TEST_25341,0.04281889274716377,0.02795693837106228
TEST_25342,0.023523863404989243,0.9931946992874146
TEST_25343,0.00243658060207963,0.982411801815033
TEST_25344,0.002695264760404825,0.9973435997962952
TEST_25345,0.9965302348136902,0.9543671011924744
TEST_25346,0.07142789661884308,0.961694598197937
TEST_25347,0.004667465575039387,0.9953699707984924
TEST_25348,0.018891358748078346,0.9878397583961487
TEST_25349,0.008951560594141483,0.9868937730789185
TEST_25350,0.0006506648496724665,0.9965720176696777
TEST_25351,0.042372435331344604,0.9820359349250793
TEST_25352,0.0013432871783152223,0.9945882558822632
TEST_25353,0.017775194719433784,0.9841672778129578
TEST_25354,0.051651887595653534,0.8693575263023376
TEST_25355,0.00620197132229805,0.9635506272315979
TEST_25356,0.015380136668682098,0.9810565114021301
TEST_25357,0.04279550164937973,0.9320045709609985
TEST_25358,0.046473387628793716,0.8263387680053711
TEST_25359,0.02113032527267933,0.9054015874862671
TEST_25360,0.007797883357852697,0.9983170032501221
TEST_25361,0.02304612658917904,0.9320189952850342
TEST_25362,0.08221502602100372,0.9156557321548462
TEST_25363,0.004804241470992565,0.9770094752311707
TEST_25364,0.0009598840842954814,0.9976707100868225
TEST_25365,0.0014626308111473918,0.9996052384376526
TEST_25366,0.2959354817867279,0.27885380387306213
TEST_25367,0.003944160882383585,0.9938848614692688
TEST_25368,0.079200878739357,0.807124674320221
TEST_25369,0.001521389582194388,0.987054705619812
TEST_25370,0.6579830646514893,0.9938827753067017
TEST_25371,0.023036321625113487,0.9586991667747498
TEST_25372,0.024496648460626602,0.8666325807571411
TEST_25373,5.794349272036925e-05,0.999832034111023
TEST_25374,0.0014667497016489506,0.9991218447685242
TEST_25375,0.005158024840056896,0.9825026988983154
TEST_25376,0.000996706890873611,0.9999215602874756
TEST_25377,0.7659137845039368,0.9618653059005737
TEST_25378,0.9995906949043274,0.020520402118563652
TEST_25379,0.012856259942054749,0.9989575147628784
TEST_25380,0.6609998941421509,0.9690097570419312
TEST_25381,0.2143290638923645,0.8726957440376282
TEST_25382,0.007851054891943932,0.9884564876556396
TEST_25383,0.08858272433280945,0.914742648601532
TEST_25384,0.03753964602947235,0.6729300022125244
TEST_25385,0.0021920674480497837,0.9097989201545715
TEST_25386,0.0003061400493606925,0.9988069534301758
TEST_25387,0.0031344664748758078,0.9868914484977722
TEST_25388,0.2148829698562622,0.9929706454277039
TEST_25389,0.031111890450119972,0.9687615633010864
TEST_25390,0.03393811732530594,0.9522084593772888
TEST_25391,0.0014228725340217352,0.9988492727279663
TEST_25392,0.005746945738792419,0.991597592830658
TEST_25393,0.09192290902137756,0.994907796382904
TEST_25394,0.0011999232228845358,0.9959291815757751
TEST_25395,0.0007268631597980857,0.9600511193275452
TEST_25396,0.0005262412596493959,0.997232973575592
TEST_25397,0.0011264574714004993,0.994360625743866
TEST_25398,0.002866895403712988,0.9384835362434387
TEST_25399,0.005475780926644802,0.9994747042655945
TEST_25400,0.007550992537289858,0.9506039023399353
TEST_25401,0.007315052207559347,0.974351167678833
TEST_25402,0.02145048789680004,0.9990971088409424
TEST_25403,0.9892783164978027,0.0005658522131852806
TEST_25404,0.04138202220201492,0.917797327041626
TEST_25405,0.011623166501522064,0.9967285394668579
TEST_25406,0.05150942876935005,0.8859614133834839
TEST_25407,0.012692049145698547,0.9795736074447632
TEST_25408,0.0006136020529083908,0.9873719215393066
TEST_25409,0.009457283653318882,0.9983264803886414
TEST_25410,0.003385616699233651,0.9696342945098877
TEST_25411,0.002452957909554243,0.9967970252037048
TEST_25412,0.024925820529460907,0.958720862865448
TEST_25413,0.002514455234631896,0.9898202419281006
TEST_25414,0.07336724549531937,0.8915473222732544
TEST_25415,0.234818235039711,0.6668272018432617
TEST_25416,0.01632486842572689,0.9819560647010803
TEST_25417,0.026863597333431244,0.9913482069969177
TEST_25418,0.2764897346496582,0.9949770569801331
TEST_25419,0.2523123025894165,0.6126565933227539
TEST_25420,0.009842985309660435,0.9922048449516296
TEST_25421,0.04981531947851181,0.892106831073761
TEST_25422,0.002209334634244442,0.9754864573478699
TEST_25423,0.39204826951026917,0.9951905012130737
TEST_25424,0.008670135401189327,0.999503493309021
TEST_25425,0.000846521754283458,0.9999141693115234
TEST_25426,0.0008715541916899383,0.9999094009399414
TEST_25427,0.07888535410165787,0.9943853616714478
TEST_25428,0.00994874443858862,0.9537616968154907
TEST_25429,0.021997667849063873,0.6649867296218872
TEST_25430,0.03235500305891037,0.9698793888092041
TEST_25431,0.0003748956951312721,0.9980267882347107
TEST_25432,0.44251734018325806,0.047056980431079865
TEST_25433,0.0026830225251615047,0.9998986721038818
TEST_25434,0.007631203159689903,0.9763190150260925
TEST_25435,2.496632305337698e-07,0.9999693632125854
TEST_25436,0.8897796869277954,0.9706145524978638
TEST_25437,0.005682508461177349,0.9997410178184509
TEST_25438,0.016717389225959778,0.9946011304855347
TEST_25439,0.02995947189629078,0.946291446685791
TEST_25440,0.7249356508255005,0.8169304132461548
TEST_25441,0.0026758548337966204,0.9965940117835999
TEST_25442,0.007079457864165306,0.8859373927116394
TEST_25443,0.9999494552612305,2.950074485852383e-05
TEST_25444,0.02793879061937332,0.8873656988143921
TEST_25445,0.029269957914948463,0.8729654550552368
TEST_25446,0.0678037703037262,0.7188124060630798
TEST_25447,0.009941800497472286,0.9674457311630249
TEST_25448,0.2050994336605072,0.8781329989433289
TEST_25449,0.010065430775284767,0.913855254650116
TEST_25450,0.016423562541604042,0.9998763799667358
TEST_25451,0.015360862948000431,0.9990493655204773
TEST_25452,0.034763287752866745,0.971555233001709
TEST_25453,0.8229876756668091,0.7404876351356506
TEST_25454,0.572903037071228,0.03860572725534439
TEST_25455,0.2001001536846161,0.9805918335914612
TEST_25456,0.03425334393978119,0.9636362791061401
TEST_25457,0.0006175501621328294,0.9832231402397156
TEST_25458,0.16674482822418213,0.8286460041999817
TEST_25459,0.07943383604288101,0.9722902178764343
TEST_25460,0.028314992785453796,0.9949359893798828
TEST_25461,0.0006714460905641317,0.9863714575767517
TEST_25462,0.06950600445270538,0.9284387826919556
TEST_25463,0.013940528966486454,0.9991771578788757
TEST_25464,0.09608200937509537,0.5598721504211426
TEST_25465,0.042563583701848984,0.8808432817459106
TEST_25466,0.04422707110643387,0.996996283531189
TEST_25467,0.13479746878147125,0.5907324552536011
TEST_25468,0.015824828296899796,0.9661172032356262
TEST_25469,0.04386969283223152,0.9063953161239624
TEST_25470,2.6744553906610236e-05,0.9998582601547241
TEST_25471,0.08978568017482758,0.8772644400596619
TEST_25472,0.013714964501559734,0.9906286597251892
TEST_25473,0.001394738326780498,0.9958613514900208
TEST_25474,0.00019798344874288887,0.9850242137908936
TEST_25475,0.009155466221272945,0.9982629418373108
TEST_25476,0.05663188919425011,0.8167252540588379
TEST_25477,0.19717715680599213,0.9392598867416382
TEST_25478,0.002135042566806078,0.9799513816833496
TEST_25479,0.015056927688419819,0.9261525273323059
TEST_25480,0.15163971483707428,0.9300359487533569
TEST_25481,0.0415179468691349,0.9270114302635193
TEST_25482,0.024639585986733437,0.9071338772773743
TEST_25483,0.30078136920928955,0.8939787149429321
TEST_25484,0.13496528565883636,0.8864312171936035
TEST_25485,0.0006263048853725195,0.9993346333503723
TEST_25486,0.007973166182637215,0.9973556995391846
TEST_25487,0.0010190890170633793,0.998420000076294
TEST_25488,0.04813911020755768,0.985582709312439
TEST_25489,0.011167068034410477,0.9896427989006042
TEST_25490,0.9935187697410583,0.006313485559076071
TEST_25491,0.020988285541534424,0.9844703674316406
TEST_25492,0.0010550236329436302,0.9799863696098328
TEST_25493,0.8434131145477295,0.9452183842658997
TEST_25494,0.9994121789932251,0.0020589660853147507
TEST_25495,0.00042946074972860515,0.9999914169311523
TEST_25496,0.0020184472668915987,0.9994875192642212
TEST_25497,0.003964629024267197,0.9956375956535339
TEST_25498,0.007882697507739067,0.9998586177825928
TEST_25499,0.006296456325799227,0.9873976111412048
TEST_25500,0.5849813222885132,0.11898083984851837
TEST_25501,0.048734746873378754,0.9863730669021606
TEST_25502,0.0037560397759079933,0.906707763671875
TEST_25503,0.008140378631651402,0.9984421133995056
TEST_25504,0.002353228395804763,0.996038556098938
TEST_25505,0.010178806260228157,0.9600834250450134
TEST_25506,0.0010577267967164516,0.996346652507782
TEST_25507,0.0011547139147296548,0.9991618394851685
TEST_25508,0.009219957515597343,0.9763690829277039
TEST_25509,0.002199627459049225,0.9935583472251892
TEST_25510,0.0005649468512274325,0.9997575879096985
TEST_25511,0.0026335709262639284,0.9991808533668518
TEST_25512,0.014600439928472042,0.9911077618598938
TEST_25513,0.0005635104025714099,0.9948936700820923
TEST_25514,0.018920650705695152,0.9102178812026978
TEST_25515,0.0016908361576497555,0.9962207674980164
TEST_25516,0.9266135096549988,0.8782985210418701
TEST_25517,0.0048095472157001495,0.9739927649497986
TEST_25518,0.9987187385559082,0.0012319325469434261
TEST_25519,0.0012171093840152025,0.9998180270195007
TEST_25520,0.0002911509363912046,0.9961088299751282
TEST_25521,0.0014728590613231063,0.994771420955658
TEST_25522,0.8387873768806458,0.9674525856971741
TEST_25523,0.007125924341380596,0.996828019618988
TEST_25524,0.02773074246942997,0.5457771420478821
TEST_25525,0.27743062376976013,0.995897650718689
TEST_25526,0.008202183060348034,0.9832764863967896
TEST_25527,0.0020499727688729763,0.9655750393867493
TEST_25528,0.26856544613838196,0.9436293244361877
TEST_25529,0.03040776029229164,0.9854201674461365
TEST_25530,0.0012634029844775796,0.9976823329925537
TEST_25531,0.1086806058883667,0.8738773465156555
TEST_25532,0.0038376611191779375,0.9899464249610901
TEST_25533,0.20470991730690002,0.8792675137519836
TEST_25534,0.0010756042320281267,0.9989179372787476
TEST_25535,0.00827063899487257,0.9914703965187073
TEST_25536,0.021472645923495293,0.9973852038383484
TEST_25537,0.18661482632160187,0.9889054298400879
TEST_25538,0.00846964679658413,0.990003228187561
TEST_25539,0.001197385718114674,0.9985806941986084
TEST_25540,0.03815819323062897,0.9171603322029114
TEST_25541,0.08547024428844452,0.7609911561012268
TEST_25542,0.003542565740644932,0.9997716546058655
TEST_25543,0.03770005702972412,0.8781982064247131
TEST_25544,0.7792742252349854,0.9032225608825684
TEST_25545,0.08116930723190308,0.9544358253479004
TEST_25546,0.005249585025012493,0.9994350075721741
TEST_25547,0.003201761981472373,0.9991187453269958
TEST_25548,0.008981051854789257,0.8538458943367004
TEST_25549,0.00034716687514446676,0.9989984631538391
TEST_25550,0.6686801314353943,0.21182823181152344
TEST_25551,0.016724679619073868,0.9870513677597046
TEST_25552,0.028485475108027458,0.9916291236877441
TEST_25553,0.016520559787750244,0.9961804151535034
TEST_25554,0.016784703359007835,0.9205943942070007
TEST_25555,0.22314320504665375,0.8637916445732117
TEST_25556,0.016948120668530464,0.9273617267608643
TEST_25557,0.009914232417941093,0.9891370534896851
TEST_25558,0.002669887151569128,0.9950646758079529
TEST_25559,0.03625365346670151,0.9813453555107117
TEST_25560,0.00859792996197939,0.9972183704376221
TEST_25561,0.0011392435990273952,0.9998570680618286
TEST_25562,0.5283963084220886,0.9902101755142212
TEST_25563,0.03284726291894913,0.9698679447174072
TEST_25564,0.005804762709885836,0.9990130662918091
TEST_25565,0.07653332501649857,0.9494483470916748
TEST_25566,0.00039040265255607665,0.9999964237213135
TEST_25567,0.0009397088433615863,0.99946528673172
TEST_25568,0.010421382263302803,0.9944897890090942
TEST_25569,0.0011305242078378797,0.9997815489768982
TEST_25570,0.4391119182109833,0.4603450298309326
TEST_25571,0.013303417712450027,0.9962103366851807
TEST_25572,0.14718396961688995,0.9803546071052551
TEST_25573,0.005559053737670183,0.9359013438224792
TEST_25574,0.008108711801469326,0.9938085675239563
TEST_25575,0.004038735292851925,0.9933119416236877
TEST_25576,0.0007162095280364156,0.9982419013977051
TEST_25577,0.12224867194890976,0.8980581760406494
TEST_25578,0.023670118302106857,0.9749871492385864
TEST_25579,0.1266663670539856,0.7829047441482544
TEST_25580,0.0333218015730381,0.9374345541000366
TEST_25581,0.02731090784072876,0.9998829364776611
TEST_25582,0.5529274344444275,0.9518420696258545
TEST_25583,0.0376935712993145,0.3772108554840088
TEST_25584,0.5541545152664185,0.7261846661567688
TEST_25585,0.0005276058800518513,0.9992430210113525
TEST_25586,0.14004480838775635,0.9043177366256714
TEST_25587,0.8475244641304016,0.08661247044801712
TEST_25588,0.0357239656150341,0.9456517100334167
TEST_25589,0.022042306140065193,0.9808510541915894
TEST_25590,0.9747806191444397,0.07658828049898148
TEST_25591,0.8297467231750488,0.2322460412979126
TEST_25592,0.010729052126407623,0.9971509575843811
TEST_25593,0.39278483390808105,0.5111925601959229
TEST_25594,0.008172949776053429,0.9426414966583252
TEST_25595,0.01680671237409115,0.8427915573120117
TEST_25596,4.7437868488486856e-05,0.9985892176628113
TEST_25597,0.02739826589822769,0.9451496601104736
TEST_25598,0.007973328232765198,0.9921287298202515
TEST_25599,0.30608245730400085,0.29048213362693787
TEST_25600,0.009995081461966038,0.9662118554115295
TEST_25601,0.18729078769683838,0.9800370931625366
TEST_25602,0.0838288962841034,0.9175688624382019
TEST_25603,0.017008788883686066,0.966103732585907
TEST_25604,0.04440618306398392,0.9850003719329834
TEST_25605,0.02970871888101101,0.9833932518959045
TEST_25606,0.0069172740913927555,0.9783180952072144
TEST_25607,0.040946461260318756,0.9962025284767151
TEST_25608,0.1621006578207016,0.9441953301429749
TEST_25609,0.0230878759175539,0.986727774143219
TEST_25610,0.07146395742893219,0.8120642900466919
TEST_25611,0.01646854728460312,0.9949894547462463
TEST_25612,0.004077613353729248,0.972606897354126
TEST_25613,0.0030147817451506853,0.9980073571205139
TEST_25614,0.01013077050447464,0.8771677613258362
TEST_25615,0.15594482421875,0.9939098358154297
TEST_25616,0.0004503978125285357,0.9997914433479309
TEST_25617,0.2291015386581421,0.8117721080780029
TEST_25618,0.006078648846596479,0.9950388073921204
TEST_25619,0.015402162447571754,0.9471092224121094
TEST_25620,0.16901233792304993,0.8337691426277161
TEST_25621,0.01109511498361826,0.9967126846313477
TEST_25622,0.013081313110888004,0.9968366622924805
TEST_25623,0.0013400944881141186,0.9985091090202332
TEST_25624,0.03458832576870918,0.9467709064483643
TEST_25625,0.010425738990306854,0.9968557357788086
TEST_25626,0.013177113607525826,0.9577835202217102
TEST_25627,0.006748072803020477,0.9086456894874573
TEST_25628,0.37132349610328674,0.282358855009079
TEST_25629,0.02517632395029068,0.9567810893058777
TEST_25630,0.004131326451897621,0.9952098727226257
TEST_25631,0.18800027668476105,0.9629837274551392
TEST_25632,0.02163097634911537,0.9773033261299133
TEST_25633,0.030946459621191025,0.8750832080841064
TEST_25634,0.003208030480891466,0.9990758895874023
TEST_25635,0.04411788284778595,0.995197594165802
TEST_25636,0.3437945544719696,0.9660354256629944
TEST_25637,0.02983005717396736,0.9228127598762512
TEST_25638,0.038005635142326355,0.9951226115226746
TEST_25639,0.011336988769471645,0.9985503554344177
TEST_25640,0.007551621645689011,0.996335506439209
TEST_25641,0.028511041775345802,0.981895387172699
TEST_25642,0.12047629058361053,0.862371027469635
TEST_25643,0.008776267059147358,0.9998055100440979
TEST_25644,0.0038414655718952417,0.9921871423721313
TEST_25645,0.07900869846343994,0.9993265867233276
TEST_25646,0.990776777267456,0.7941111326217651
TEST_25647,0.13654182851314545,0.8831437230110168
TEST_25648,0.017161404713988304,0.9244436621665955
TEST_25649,0.02154422737658024,0.9741628766059875
TEST_25650,0.058286018669605255,0.9751426577568054
TEST_25651,0.003249666653573513,0.9988505840301514
TEST_25652,0.10050960630178452,0.9759268760681152
TEST_25653,0.0216814111918211,0.9815185070037842
TEST_25654,0.38096511363983154,0.6796377301216125
TEST_25655,0.007888531312346458,0.9801278114318848
TEST_25656,0.00029972605989314616,0.9961589574813843
TEST_25657,0.0274489838629961,0.9946370720863342
TEST_25658,0.01219398807734251,0.9984466433525085
TEST_25659,0.25361013412475586,0.9800291061401367
TEST_25660,0.32196399569511414,0.8318755626678467
TEST_25661,0.005030893255025148,0.9971862435340881
TEST_25662,0.013711455278098583,0.028148354962468147
TEST_25663,0.09322027862071991,0.9932622313499451
TEST_25664,0.1857529878616333,0.9594318270683289
TEST_25665,0.009317949414253235,0.9985193610191345
TEST_25666,0.010631540790200233,0.9790315628051758
TEST_25667,0.005966100376099348,0.9539544582366943
TEST_25668,0.0025106489192694426,0.9999852180480957
TEST_25669,0.00648106262087822,0.9971233010292053
TEST_25670,0.02195049077272415,0.9680651426315308
TEST_25671,0.001014486886560917,0.9884422421455383
TEST_25672,0.004383761901408434,0.9961884617805481
TEST_25673,0.004079412668943405,0.9969639182090759
TEST_25674,0.02483472414314747,0.9888405203819275
TEST_25675,0.5886722803115845,0.9193956255912781
TEST_25676,0.0647578090429306,0.980735719203949
TEST_25677,0.006507549434900284,0.9832973480224609
TEST_25678,0.00197084853425622,0.9987547397613525
TEST_25679,0.1643150895833969,0.760375440120697
TEST_25680,0.04849051311612129,0.8918837308883667
TEST_25681,0.04218776896595955,0.9983437061309814
TEST_25682,0.013298867270350456,0.975685715675354
TEST_25683,0.18138651549816132,0.9748827815055847
TEST_25684,0.958134651184082,0.9309771656990051
TEST_25685,0.04960928484797478,0.9958940744400024
TEST_25686,0.13536395132541656,0.9834560751914978
TEST_25687,0.06046580523252487,0.882815957069397
TEST_25688,0.005067657213658094,0.9939057230949402
TEST_25689,0.004333371762186289,0.9797202944755554
TEST_25690,8.833846368361264e-05,0.9999978542327881
TEST_25691,0.052052296698093414,0.9684222340583801
TEST_25692,0.03172646090388298,0.9285435080528259
TEST_25693,0.014008901081979275,0.9987704157829285
TEST_25694,0.0027100283186882734,0.9447845816612244
TEST_25695,0.09060303121805191,0.9699109792709351
TEST_25696,0.005019651725888252,0.9961058497428894
TEST_25697,0.0863206759095192,0.9599646329879761
TEST_25698,0.011974104680120945,0.9972208738327026
TEST_25699,0.38956841826438904,0.9936971068382263
TEST_25700,0.003297646762803197,0.9701317548751831
TEST_25701,0.025366997346282005,0.9994245767593384
TEST_25702,0.6543100476264954,0.8441091179847717
TEST_25703,0.9958427548408508,0.6244332194328308
TEST_25704,0.0014933883212506771,0.9999792575836182
TEST_25705,0.0032842266373336315,0.9988975524902344
TEST_25706,0.06646505743265152,0.9153394103050232
TEST_25707,0.0035679193679243326,0.9759593605995178
TEST_25708,0.004413921386003494,0.996853768825531
TEST_25709,0.0007205876754596829,0.9948776960372925
TEST_25710,0.006490148603916168,0.9865691661834717
TEST_25711,0.07378938794136047,0.8670042157173157
TEST_25712,0.02858692966401577,0.9778958559036255
TEST_25713,0.014623151160776615,0.9704949259757996
TEST_25714,0.029950661584734917,0.9234372973442078
TEST_25715,0.029910309240221977,0.9642587900161743
TEST_25716,0.0005982376169413328,0.9998422861099243
TEST_25717,0.9842873811721802,0.9340585470199585
TEST_25718,0.01683017797768116,0.9862657189369202
TEST_25719,0.012767845764756203,0.9914436936378479
TEST_25720,0.0029236888512969017,0.9993839263916016
TEST_25721,0.02682659402489662,0.9084269404411316
TEST_25722,0.026701781898736954,0.8688753247261047
TEST_25723,0.013783777132630348,0.9985026121139526
TEST_25724,0.000738859293051064,0.9998515844345093
TEST_25725,0.04549851641058922,0.9975122213363647
TEST_25726,0.0003874936664942652,0.9998980760574341
TEST_25727,0.00522528076544404,0.9992357492446899
TEST_25728,0.3982986509799957,0.17922773957252502
TEST_25729,0.023699134588241577,0.9176958203315735
TEST_25730,0.0008953516371548176,0.9978094696998596
TEST_25731,0.0003508656518533826,0.9968894124031067
TEST_25732,0.015594162978231907,0.992003858089447
TEST_25733,0.005369684658944607,0.9598304629325867
TEST_25734,0.06522170454263687,0.9133922457695007
TEST_25735,0.0369059294462204,0.9978227615356445
TEST_25736,0.00861929077655077,0.9406459331512451
TEST_25737,0.04410284012556076,0.8316873908042908
TEST_25738,0.0006478328141383827,0.9994421601295471
TEST_25739,0.007025247905403376,0.9999877214431763
TEST_25740,0.002782178809866309,0.996972918510437
TEST_25741,0.001633180072531104,0.9899407029151917
TEST_25742,0.00014899879170116037,0.9999369382858276
TEST_25743,0.05701637640595436,0.045918554067611694
TEST_25744,0.4767340123653412,0.9496132135391235
TEST_25745,0.00968459714204073,0.9928725957870483
TEST_25746,0.10819212347269058,0.9751909375190735
TEST_25747,0.3388245105743408,0.356833279132843
TEST_25748,0.8094462752342224,0.680375337600708
TEST_25749,0.0028136977925896645,0.9999107122421265
TEST_25750,0.011228756979107857,0.9872983694076538
TEST_25751,0.32388773560523987,0.6669342517852783
TEST_25752,0.06367242336273193,0.9966937303543091
TEST_25753,0.2274099737405777,0.9679020047187805
TEST_25754,0.004810291342437267,0.9902948141098022
TEST_25755,0.4526192545890808,0.9531460404396057
TEST_25756,0.11461374163627625,0.9467985033988953
TEST_25757,0.0018604323267936707,0.9997610449790955
TEST_25758,0.00795526709407568,0.9845052361488342
TEST_25759,0.03506854176521301,0.9856928586959839
TEST_25760,0.03685642033815384,0.9011045098304749
TEST_25761,0.07342338562011719,0.9917802214622498
TEST_25762,0.3250330686569214,0.7881617546081543
TEST_25763,0.004543947987258434,0.9996609687805176
TEST_25764,0.03577598184347153,0.844719409942627
TEST_25765,0.21205098927021027,0.9779176712036133
TEST_25766,0.0038648629561066628,0.9824580550193787
TEST_25767,0.005424714647233486,0.9984927177429199
TEST_25768,0.01856410503387451,0.9088296890258789
TEST_25769,0.0042475685477256775,0.9475354552268982
TEST_25770,0.012734254822134972,0.9887087941169739
TEST_25771,0.03769382834434509,0.9706294536590576
TEST_25772,0.3365228772163391,0.7280006408691406
TEST_25773,0.04085100442171097,0.9446906447410583
TEST_25774,0.10718227922916412,0.9350372552871704
TEST_25775,0.01118074543774128,0.9919690489768982
TEST_25776,0.32873618602752686,0.43961626291275024
TEST_25777,0.0303493682295084,0.9992724061012268
TEST_25778,0.3234776258468628,0.9435438513755798
TEST_25779,0.13352070748806,0.8820903897285461
TEST_25780,0.011963087134063244,0.9974321722984314
TEST_25781,0.0010987096466124058,0.999714195728302
TEST_25782,0.0894765555858612,0.6747149229049683
TEST_25783,0.013645592145621777,0.98603755235672
TEST_25784,0.7819930911064148,0.21850472688674927
TEST_25785,0.07097635418176651,0.7914198040962219
TEST_25786,0.04284839332103729,0.9369373321533203
TEST_25787,0.081244096159935,0.9817318320274353
TEST_25788,0.0026111346669495106,0.9767275452613831
TEST_25789,0.03560730442404747,0.998393714427948
TEST_25790,0.017712075263261795,0.9778246283531189
TEST_25791,0.41053512692451477,0.896261990070343
TEST_25792,0.05942326411604881,0.8800480961799622
TEST_25793,0.0364791564643383,0.9947896003723145
TEST_25794,0.027905432507395744,0.9926477670669556
TEST_25795,0.8784528374671936,0.9735099673271179
TEST_25796,0.2340661883354187,0.9849717020988464
TEST_25797,0.003987110685557127,0.9961720108985901
TEST_25798,0.001656781299971044,0.9999659061431885
TEST_25799,0.004346940666437149,0.9953456521034241
TEST_25800,0.01628614403307438,0.9949693083763123
TEST_25801,0.0006031253142282367,0.9987072944641113
TEST_25802,0.004864353686571121,0.9863278865814209
TEST_25803,0.06971415132284164,0.9876680970191956
TEST_25804,0.39609068632125854,0.9894988536834717
TEST_25805,0.003440957749262452,0.8819132447242737
TEST_25806,0.017034431919455528,0.9869483709335327
TEST_25807,0.042114052921533585,0.999189555644989
TEST_25808,0.00913425162434578,0.9999885559082031
TEST_25809,0.9907593727111816,0.023909935727715492
TEST_25810,0.0023065973073244095,0.9984826445579529
TEST_25811,0.00426469137892127,0.9844616055488586
TEST_25812,0.00012860022252425551,0.9999932050704956
TEST_25813,0.02671748958528042,0.9913305044174194
TEST_25814,0.09616588056087494,0.9056881070137024
TEST_25815,0.9986853003501892,0.9607439637184143
TEST_25816,0.0009256088524125516,0.9979227185249329
TEST_25817,0.021774163469672203,0.9975612163543701
TEST_25818,0.018502531573176384,0.9927767515182495
TEST_25819,0.13656847178936005,0.8214909434318542
TEST_25820,0.07339547574520111,0.898869514465332
TEST_25821,0.18337363004684448,0.8641040325164795
TEST_25822,0.0004208972677588463,0.9932692646980286
TEST_25823,0.007831260561943054,0.9978919625282288
TEST_25824,0.0007227685418911278,0.998849630355835
TEST_25825,0.0007832999690435827,0.9992226362228394
TEST_25826,0.00156284193508327,0.9535679817199707
TEST_25827,0.0060787927359342575,0.9982903599739075
TEST_25828,0.29291969537734985,0.9672297835350037
TEST_25829,0.9315400719642639,0.12529267370700836
TEST_25830,0.0034606745466589928,0.999581515789032
TEST_25831,0.0010461908532306552,0.9963200092315674
TEST_25832,0.0010895213345065713,0.9990654587745667
TEST_25833,0.01999863237142563,0.9922542572021484
TEST_25834,0.030652839690446854,0.9909447431564331
TEST_25835,0.00790946464985609,0.9920555949211121
TEST_25836,0.18722839653491974,0.7233782410621643
TEST_25837,0.03175906836986542,0.9781680703163147
TEST_25838,0.08790530264377594,0.6503871083259583
TEST_25839,0.649794340133667,0.9617359042167664
TEST_25840,0.012717672623693943,0.947579026222229
TEST_25841,0.35189688205718994,0.9190776944160461
TEST_25842,0.15246190130710602,0.4581153094768524
TEST_25843,0.9621192216873169,0.1580279916524887
TEST_25844,0.07745291292667389,0.8403651118278503
TEST_25845,0.03301851823925972,0.9759008884429932
TEST_25846,0.0032192848157137632,0.9967753291130066
TEST_25847,0.007103153970092535,0.9925529360771179
TEST_25848,0.00222151936031878,0.998879611492157
TEST_25849,0.020531781017780304,0.9958702921867371
TEST_25850,0.018164796754717827,0.9315198063850403
TEST_25851,0.004245707765221596,0.9996203184127808
TEST_25852,0.0013284466695040464,0.9854254126548767
TEST_25853,0.013420467264950275,0.3099023401737213
TEST_25854,0.36037150025367737,0.24177177250385284
TEST_25855,0.033764202147722244,0.9979737401008606
TEST_25856,0.8975223302841187,0.8879233598709106
TEST_25857,0.3014313876628876,0.950128972530365
TEST_25858,0.010845859535038471,0.9501011371612549
TEST_25859,0.03487411141395569,0.9328544735908508
TEST_25860,0.0012162714265286922,0.9968330264091492
TEST_25861,0.9604368209838867,0.99869304895401
TEST_25862,0.019985267892479897,0.9576178789138794
TEST_25863,0.06701724231243134,0.6050408482551575
TEST_25864,0.011412601917982101,0.9835283756256104
TEST_25865,0.0067652929574251175,0.9981866478919983
TEST_25866,0.004671832080930471,0.9981440305709839
TEST_25867,0.006941875908523798,0.9932482242584229
TEST_25868,0.0014966048765927553,0.9913574457168579
TEST_25869,0.012474083341658115,0.9805170893669128
TEST_25870,0.00414406880736351,0.9990334510803223
TEST_25871,0.9702881574630737,0.045914243906736374
TEST_25872,0.6231375932693481,0.9865647554397583
TEST_25873,0.052250903099775314,0.9848180413246155
TEST_25874,0.13153035938739777,0.7696884274482727
TEST_25875,0.016479656100273132,0.7199616432189941
TEST_25876,0.9569442868232727,0.7956023216247559
TEST_25877,0.036732614040374756,0.9521088004112244
TEST_25878,0.004495884291827679,0.9981619715690613
TEST_25879,0.028192877769470215,0.968693196773529
TEST_25880,0.02390582673251629,0.9904006123542786
TEST_25881,0.01197778433561325,0.9348960518836975
TEST_25882,0.00033495359821245074,0.9999942779541016
TEST_25883,0.018020521849393845,0.9934834837913513
TEST_25884,0.009661111049354076,0.9950757622718811
TEST_25885,0.010108444839715958,0.9814079403877258
TEST_25886,0.004471955820918083,0.9990873336791992
TEST_25887,0.003666710341349244,0.9923961758613586
TEST_25888,0.04141436889767647,0.9557926654815674
TEST_25889,0.055584345012903214,0.9654678106307983
TEST_25890,0.03706956282258034,0.8937613368034363
TEST_25891,0.004427188076078892,0.9769561886787415
TEST_25892,0.008265477605164051,0.9986442923545837
TEST_25893,0.003561359830200672,0.978215754032135
TEST_25894,0.0030244255904108286,0.998297393321991
TEST_25895,0.006779260467737913,0.9925054907798767
TEST_25896,0.0005966088501736522,0.9971850514411926
TEST_25897,0.20375151932239532,0.9380497932434082
TEST_25898,0.0058342465199530125,0.9503239989280701
TEST_25899,0.016370421275496483,0.9541050791740417
TEST_25900,0.004905221983790398,0.9363945126533508
TEST_25901,0.03741876780986786,0.8810813426971436
TEST_25902,0.004420316778123379,0.9669008851051331
TEST_25903,0.02905784361064434,0.941136360168457
TEST_25904,0.156376913189888,0.9099466800689697
TEST_25905,0.04308775067329407,0.5815150141716003
TEST_25906,0.023013312369585037,0.9961662292480469
TEST_25907,0.01392402034252882,0.9735148549079895
TEST_25908,0.043397560715675354,0.9453762769699097
TEST_25909,0.0012049352517351508,0.9990047812461853
TEST_25910,0.025607770308852196,0.9943544864654541
TEST_25911,0.0005239986348897219,0.993607759475708
TEST_25912,0.4893272817134857,0.8863192796707153
TEST_25913,0.0009576455922797322,0.9950760006904602
TEST_25914,0.00018147310765925795,0.9998962879180908
TEST_25915,0.012425675056874752,0.9900776147842407
TEST_25916,0.01068762969225645,0.999322772026062
TEST_25917,0.13528954982757568,0.902368426322937
TEST_25918,0.8941582441329956,0.9846402406692505
TEST_25919,0.010349204763770103,0.9769865870475769
TEST_25920,0.0058863814920187,0.9973342418670654
TEST_25921,0.024317391216754913,0.9305492043495178
TEST_25922,0.005263994447886944,0.9954032897949219
TEST_25923,0.24026064574718475,0.8084244132041931
TEST_25924,0.009881549514830112,0.8757522106170654
TEST_25925,0.9951028823852539,0.611411452293396
TEST_25926,0.09734311699867249,0.17904090881347656
TEST_25927,0.033870503306388855,0.9122812151908875
TEST_25928,0.006364044267684221,0.8403568863868713
TEST_25929,0.9038179516792297,0.9478653073310852
TEST_25930,0.07990404218435287,0.987500011920929
TEST_25931,0.9998792409896851,0.0016038685571402311
TEST_25932,0.9244474172592163,0.6540740132331848
TEST_25933,0.3981630504131317,0.9820467233657837
TEST_25934,0.08329766988754272,0.8502094745635986
TEST_25935,0.008010360412299633,0.9895409941673279
TEST_25936,0.03555722162127495,0.9997112154960632
TEST_25937,0.0036072207149118185,0.995165228843689
TEST_25938,0.010659568943083286,0.9988435506820679
TEST_25939,0.0012050236109644175,0.9958123564720154
TEST_25940,0.024441292509436607,0.9581357836723328
TEST_25941,0.01224674191325903,0.9982967972755432
TEST_25942,0.0021347019355744123,0.9377404451370239
TEST_25943,0.039888255298137665,0.9988765120506287
TEST_25944,0.02416006661951542,0.9497895836830139
TEST_25945,0.9000350832939148,0.9892764091491699
TEST_25946,0.0005513907526619732,0.9990911483764648
TEST_25947,0.5526394844055176,0.32187265157699585
TEST_25948,0.0032343347556889057,0.9997672438621521
TEST_25949,0.03455127030611038,0.9528642296791077
TEST_25950,0.0007058866904117167,0.999950647354126
TEST_25951,0.003588222898542881,0.7129903435707092
TEST_25952,0.007313848007470369,0.9762728810310364
TEST_25953,3.620587449404411e-06,0.9998390674591064
TEST_25954,0.016707180067896843,0.9480699300765991
TEST_25955,0.9817966222763062,0.23223832249641418
TEST_25956,0.018790125846862793,0.9454362392425537
TEST_25957,0.009013717994093895,0.9953480362892151
TEST_25958,0.00019589833391364664,0.9998155236244202
TEST_25959,0.20239172875881195,0.5914409160614014
TEST_25960,0.04008158668875694,0.992469847202301
TEST_25961,0.01967388577759266,0.9820833206176758
TEST_25962,0.005090577062219381,0.9813283681869507
TEST_25963,0.010910723358392715,0.891633927822113
TEST_25964,0.36752796173095703,0.8058152198791504
TEST_25965,0.2598437964916229,0.9596362113952637
TEST_25966,0.03193167224526405,0.9270905256271362
TEST_25967,0.004651843570172787,0.9955319166183472
TEST_25968,0.0013466597301885486,0.9984059929847717
TEST_25969,0.0008054276113398373,0.9976581335067749
TEST_25970,0.04760025814175606,0.9074422121047974
TEST_25971,0.011183581314980984,0.9241129159927368
TEST_25972,0.037444233894348145,0.9925733804702759
TEST_25973,0.15921415388584137,0.8851630687713623
TEST_25974,0.706013560295105,0.48164668679237366
TEST_25975,0.911629319190979,0.006300413981080055
TEST_25976,0.9957773685455322,0.4856703579425812
TEST_25977,0.021653898060321808,0.9956592917442322
TEST_25978,0.007242998573929071,0.9966738224029541
TEST_25979,0.018396912142634392,0.986470639705658
TEST_25980,0.06436223536729813,0.9658031463623047
TEST_25981,0.009439441375434399,0.9978804588317871
TEST_25982,0.03333257511258125,0.40474340319633484
TEST_25983,0.005761630833148956,0.9784902930259705
TEST_25984,0.017510943114757538,0.9383551478385925
TEST_25985,0.013500823639333248,0.9202480912208557
TEST_25986,0.006857780274003744,0.9901859760284424
TEST_25987,0.09024645388126373,0.9868124127388
TEST_25988,0.00234434986487031,0.9976925849914551
TEST_25989,0.00013234173820819706,0.9994020462036133
TEST_25990,0.050060421228408813,0.9994333386421204
TEST_25991,0.008007981814444065,0.9805538654327393
TEST_25992,0.0033998582512140274,0.9929695725440979
TEST_25993,0.1213773638010025,0.9878131151199341
TEST_25994,0.12217870354652405,0.916975736618042
TEST_25995,0.236514151096344,0.007876032032072544
TEST_25996,0.022301755845546722,0.992263674736023
TEST_25997,0.0007554218755103648,0.9998716115951538
TEST_25998,0.036025773733854294,0.8763689398765564
TEST_25999,0.03823580965399742,0.8828839659690857
TEST_26000,0.06640011072158813,0.7875477075576782
TEST_26001,0.0026516958605498075,0.9863722920417786
TEST_26002,0.02686993032693863,0.9078489542007446
TEST_26003,0.00478214118629694,0.9907503724098206
TEST_26004,0.012319319881498814,0.9770511984825134
TEST_26005,0.008716973476111889,0.8952183723449707
TEST_26006,0.022096235305070877,0.6286088824272156
TEST_26007,0.067213274538517,0.7925325036048889
TEST_26008,0.3741491436958313,0.9938103556632996
TEST_26009,0.23824337124824524,0.6764866709709167
TEST_26010,0.9967879056930542,0.2114480584859848
TEST_26011,0.00908071082085371,0.9978169202804565
TEST_26012,0.008334789425134659,0.9955543875694275
TEST_26013,0.04248550534248352,0.8042136430740356
TEST_26014,0.011059683747589588,0.972499668598175
TEST_26015,0.0015010071219876409,0.9980254173278809
TEST_26016,0.00879938155412674,0.7385454773902893
TEST_26017,0.5168229341506958,0.016420019790530205
TEST_26018,0.04397963732481003,0.884685754776001
TEST_26019,0.0017165280878543854,0.997783362865448
TEST_26020,0.017498094588518143,0.9369547963142395
TEST_26021,0.11308284103870392,0.3275901675224304
TEST_26022,0.2379991114139557,0.7922481894493103
TEST_26023,0.0022504013031721115,0.9997091889381409
TEST_26024,0.20613336563110352,0.905781090259552
TEST_26025,0.0227559432387352,0.9900898933410645
TEST_26026,0.002449224703013897,0.9442703723907471
TEST_26027,0.0009074364206753671,0.9985637068748474
TEST_26028,0.06767844408750534,0.9899711608886719
TEST_26029,0.641562819480896,0.5901597142219543
TEST_26030,0.0037546020466834307,0.9968301653862
TEST_26031,0.022523945197463036,0.9966142773628235
TEST_26032,0.0029624076560139656,0.9918054342269897
TEST_26033,0.7157666683197021,0.9019973874092102
TEST_26034,0.02502244897186756,0.9597513675689697
TEST_26035,0.005070080980658531,0.9910597205162048
TEST_26036,0.0019232891499996185,0.9790613055229187
TEST_26037,0.0001758374273777008,0.9999328851699829
TEST_26038,0.31598031520843506,0.9883545637130737
TEST_26039,0.08739031106233597,0.9424417614936829
TEST_26040,0.002351040719076991,0.9984751343727112
TEST_26041,0.20406191051006317,0.9261945486068726
TEST_26042,0.04411590099334717,0.9054199457168579
TEST_26043,0.03382598236203194,0.9757576584815979
TEST_26044,0.0042401752434670925,0.9988024234771729
TEST_26045,0.0057508437894284725,0.986348032951355
TEST_26046,0.17918367683887482,0.9204940795898438
TEST_26047,0.004646163899451494,0.9976184964179993
TEST_26048,0.013246322050690651,0.9448730945587158
TEST_26049,0.0031623318791389465,0.9987878203392029
TEST_26050,0.9307526350021362,0.9720170497894287
TEST_26051,0.0007465083035640419,0.953148365020752
TEST_26052,0.008178885094821453,0.9524601697921753
TEST_26053,0.0009110859245993197,0.9956240057945251
TEST_26054,0.04381580650806427,0.8718623518943787
TEST_26055,0.009377890266478062,0.9476509094238281
TEST_26056,0.006641694810241461,0.973031222820282
TEST_26057,0.012806732207536697,0.7813636064529419
TEST_26058,0.029804406687617302,0.940056562423706
TEST_26059,0.0051519847474992275,0.9927722811698914
TEST_26060,0.996738612651825,0.0029743127524852753
TEST_26061,0.001664241193793714,0.9988530874252319
TEST_26062,0.027188003063201904,0.9984561204910278
TEST_26063,0.0017993623623624444,0.9979903697967529
TEST_26064,0.22342534363269806,0.4437417685985565
TEST_26065,0.04613923653960228,0.39907512068748474
TEST_26066,0.0018109582597389817,0.9918711185455322
TEST_26067,0.9980953335762024,0.0006048987852409482
TEST_26068,0.14107829332351685,0.977161169052124
TEST_26069,0.007365641184151173,0.9930809140205383
TEST_26070,0.030430510640144348,0.9728677868843079
TEST_26071,0.007789401803165674,0.9963871240615845
TEST_26072,0.3237779438495636,0.9335066080093384
TEST_26073,4.010317934444174e-05,0.9999783039093018
TEST_26074,0.022970102727413177,0.9216820597648621
TEST_26075,0.012986474670469761,0.9951913356781006
TEST_26076,0.020134812220931053,0.993880033493042
TEST_26077,0.08207835257053375,0.9952172040939331
TEST_26078,0.11440195143222809,0.9126036167144775
TEST_26079,0.36799171566963196,0.7108216285705566
TEST_26080,0.9938884377479553,0.004120297729969025
TEST_26081,0.009705464355647564,0.9995971322059631
TEST_26082,0.06955504417419434,0.8090866804122925
TEST_26083,0.19670134782791138,0.7387528419494629
TEST_26084,0.0017969708424061537,0.9974489808082581
TEST_26085,0.004748414270579815,0.9563759565353394
TEST_26086,0.01202135905623436,0.9933630228042603
TEST_26087,0.0011417940258979797,0.995607316493988
TEST_26088,0.0018617743626236916,0.9997027516365051
TEST_26089,0.007933800108730793,0.9706352353096008
TEST_26090,0.01758088544011116,0.9987402558326721
TEST_26091,0.025917204096913338,0.9448314905166626
TEST_26092,0.9796609878540039,0.8004395961761475
TEST_26093,0.0014221688034012914,0.9757083654403687
TEST_26094,0.010727659799158573,0.9863779544830322
TEST_26095,0.9988155364990234,0.006826954893767834
TEST_26096,0.038362324237823486,0.9947932362556458
TEST_26097,0.03028278984129429,0.9857001304626465
TEST_26098,0.0034164234530180693,0.9988697171211243
TEST_26099,0.06191376596689224,0.9825778603553772
TEST_26100,0.08567050099372864,0.9417998194694519
TEST_26101,0.071519635617733,0.9941322207450867
TEST_26102,0.6419681310653687,0.9478024244308472
TEST_26103,0.3555239140987396,0.8737072348594666
TEST_26104,0.02309228666126728,0.9932510256767273
TEST_26105,0.0920480489730835,0.9256186485290527
TEST_26106,0.007620423566550016,0.9971489310264587
TEST_26107,0.8740487694740295,0.3328413963317871
TEST_26108,0.02619188092648983,0.9980556964874268
TEST_26109,0.7717947959899902,0.9762435555458069
TEST_26110,0.004834452178329229,0.9206162095069885
TEST_26111,0.199944868683815,0.910957932472229
TEST_26112,0.0012108467053622007,0.9990562796592712
TEST_26113,0.12184959650039673,0.22657939791679382
TEST_26114,0.2868085503578186,0.9892925024032593
TEST_26115,0.019374044612050056,0.9671101570129395
TEST_26116,0.04210254177451134,0.8951213359832764
TEST_26117,0.22549498081207275,0.9310270547866821
TEST_26118,0.01757444627583027,0.9439430832862854
TEST_26119,0.625153660774231,0.1895870566368103
TEST_26120,0.004502979107201099,0.989613950252533
TEST_26121,0.020611688494682312,0.9989171028137207
TEST_26122,0.04292601719498634,0.8117671012878418
TEST_26123,0.02590963989496231,0.9948263764381409
TEST_26124,0.043096352368593216,0.9945070147514343
TEST_26125,0.005816550459712744,0.9719915986061096
TEST_26126,0.020703405141830444,0.9120780229568481
TEST_26127,0.11156326532363892,0.9686585068702698
TEST_26128,0.17286519706249237,0.7893646359443665
TEST_26129,0.2638019919395447,0.9696327447891235
TEST_26130,0.0018061650916934013,0.9388840794563293
TEST_26131,0.15758903324604034,0.9010227918624878
TEST_26132,0.00774561008438468,0.9929520487785339
TEST_26133,0.09126812219619751,0.9725971817970276
TEST_26134,0.025306781753897667,0.927622377872467
TEST_26135,0.0328834243118763,0.9792070388793945
TEST_26136,0.28626567125320435,0.9985145926475525
TEST_26137,0.00018212434952147305,0.998431384563446
TEST_26138,0.07714768499135971,0.8473762273788452
TEST_26139,0.008715445175766945,0.9975075721740723
TEST_26140,0.0029386631213128567,0.9929949641227722
TEST_26141,0.23288089036941528,0.9158998131752014
TEST_26142,0.3609154522418976,0.9483336806297302
TEST_26143,0.3924107551574707,0.4365176260471344
TEST_26144,0.043028268963098526,0.9996504783630371
TEST_26145,0.026718035340309143,0.8792286515235901
TEST_26146,0.01877407915890217,0.9616341590881348
TEST_26147,0.004938132595270872,0.9738285541534424
TEST_26148,0.10251743346452713,0.8331555128097534
TEST_26149,0.022720688953995705,0.9357959628105164
TEST_26150,0.004406229592859745,0.887968122959137
TEST_26151,0.018541516736149788,0.9780759215354919
TEST_26152,0.055620115250349045,0.9100481271743774
TEST_26153,0.8382959365844727,0.8195870518684387
TEST_26154,0.04913362115621567,0.9071539044380188
TEST_26155,0.0008287544478662312,0.9997695088386536
TEST_26156,0.036831025034189224,0.933366060256958
TEST_26157,0.759628415107727,0.49958205223083496
TEST_26158,0.11629176884889603,0.20163123309612274
TEST_26159,0.01672603003680706,0.989947497844696
TEST_26160,0.9951779842376709,0.06849128007888794
TEST_26161,0.011801786720752716,0.956824004650116
TEST_26162,0.011821483261883259,0.840112566947937
TEST_26163,0.00880443211644888,0.9958290457725525
TEST_26164,0.6076531410217285,0.680879533290863
TEST_26165,0.01811826042830944,0.7940969467163086
TEST_26166,0.005564824678003788,0.9950799942016602
TEST_26167,0.017497969791293144,0.87638920545578
TEST_26168,0.018615197390317917,0.920295238494873
TEST_26169,0.004587407223880291,0.9999141693115234
TEST_26170,0.004456337075680494,0.9917906522750854
TEST_26171,0.0011750159319490194,0.9858184456825256
TEST_26172,0.011852952651679516,0.9598144888877869
TEST_26173,0.009490203112363815,0.9748457074165344
TEST_26174,0.04366249963641167,0.43949371576309204
TEST_26175,0.0018676371546462178,0.9984613656997681
TEST_26176,0.012138184159994125,0.9679727554321289
TEST_26177,0.09907878935337067,0.15431833267211914
TEST_26178,0.0006797881796956062,0.9997099041938782
TEST_26179,0.00610835338011384,0.9604361653327942
TEST_26180,0.008118958212435246,0.9985237717628479
TEST_26181,0.03511037304997444,0.9996144771575928
TEST_26182,0.0021830217447131872,0.9972748160362244
TEST_26183,0.0012031679507344961,0.9982548356056213
TEST_26184,0.9987745881080627,0.00042799030779860914
TEST_26185,0.0031877735164016485,0.9971325397491455
TEST_26186,0.01720978505909443,0.9977827668190002
TEST_26187,0.025358231738209724,0.9962772727012634
TEST_26188,0.2996409237384796,0.8089175820350647
TEST_26189,0.08571603894233704,0.994737446308136
TEST_26190,0.0014949562028050423,0.9905732274055481
TEST_26191,0.011587833054363728,0.9765165448188782
TEST_26192,0.007691627833992243,0.999790370464325
TEST_26193,0.032862044870853424,0.8723965883255005
TEST_26194,0.02269422449171543,0.9999361038208008
TEST_26195,0.020050814375281334,0.9955565333366394
TEST_26196,0.021326199173927307,0.9321125149726868
TEST_26197,0.9793729186058044,0.9198977947235107
TEST_26198,0.01616165041923523,0.9978869557380676
TEST_26199,0.006243948359042406,0.9953528642654419
TEST_26200,0.010378696024417877,0.9988186955451965
TEST_26201,0.0003219073114451021,0.9980725049972534
TEST_26202,0.0021466221660375595,0.9977445602416992
TEST_26203,0.9885662198066711,0.16708055138587952
TEST_26204,0.0218486525118351,0.84959477186203
TEST_26205,0.009512021206319332,0.9972878694534302
TEST_26206,0.043850455433130264,0.8931933045387268
TEST_26207,0.002274026395753026,0.9847987294197083
TEST_26208,0.045266032218933105,0.7948278784751892
TEST_26209,0.9988803267478943,0.32835838198661804
TEST_26210,0.0011954745277762413,0.999833345413208
TEST_26211,0.025231093168258667,0.96861332654953
TEST_26212,0.674165666103363,0.9969940185546875
TEST_26213,0.008537784218788147,0.9732677340507507
TEST_26214,0.0028578683268278837,0.9937507510185242
TEST_26215,0.022782988846302032,0.9968260526657104
TEST_26216,0.045199766755104065,0.9635005593299866
TEST_26217,0.05570067837834358,0.9774639010429382
TEST_26218,0.0006047901115380228,0.9968054294586182
TEST_26219,0.004570196848362684,0.8318369388580322
TEST_26220,0.053919777274131775,0.8965047001838684
TEST_26221,0.036827199161052704,0.9049990177154541
TEST_26222,0.0037154993042349815,0.9966363906860352
TEST_26223,0.016654236242175102,0.997481644153595
TEST_26224,0.011608337052166462,0.9988498687744141
TEST_26225,4.054613600601442e-05,0.9999567270278931
TEST_26226,0.01118441578000784,0.49958479404449463
TEST_26227,0.008129875175654888,0.9753684997558594
TEST_26228,0.009129932150244713,0.9927109479904175
TEST_26229,0.009911307133734226,0.9776197671890259
TEST_26230,0.004396740812808275,0.9998279809951782
TEST_26231,0.01804504543542862,0.9979435801506042
TEST_26232,0.00227664178237319,0.9917150139808655
TEST_26233,0.002746270038187504,0.9965513944625854
TEST_26234,0.8449329137802124,0.9378050565719604
TEST_26235,0.033294424414634705,0.9614681005477905
TEST_26236,0.0005714232102036476,0.9986686706542969
TEST_26237,0.010234937071800232,0.9848414659500122
TEST_26238,9.113446139963344e-05,0.9997839331626892
TEST_26239,0.009684433229267597,0.9996680021286011
TEST_26240,0.29809173941612244,0.9883313775062561
TEST_26241,0.0005979103734716773,0.9944486618041992
TEST_26242,0.019754862412810326,0.9659148454666138
TEST_26243,0.2111806720495224,0.34402868151664734
TEST_26244,0.037370044738054276,0.849506676197052
TEST_26245,0.0001116783096222207,0.9985199570655823
TEST_26246,0.0005390073056332767,0.9987817406654358
TEST_26247,0.7539176344871521,0.8414062857627869
TEST_26248,0.01127367652952671,0.9767040014266968
TEST_26249,0.000615924596786499,0.9968438148498535
TEST_26250,0.021930551156401634,0.9214902520179749
TEST_26251,0.03247339278459549,0.9072040915489197
TEST_26252,0.006562959402799606,0.8741226196289062
TEST_26253,0.01020861603319645,0.9982835054397583
TEST_26254,0.2120155245065689,0.13334621489048004
TEST_26255,0.48929518461227417,0.9131248593330383
TEST_26256,0.10769139230251312,0.9992154836654663
TEST_26257,0.01732473261654377,0.9976581335067749
TEST_26258,0.030379513278603554,0.9713343977928162
TEST_26259,0.012377656996250153,0.990825355052948
TEST_26260,0.07752451300621033,0.9263787865638733
TEST_26261,0.03043268620967865,0.9986675977706909
TEST_26262,0.04074932634830475,0.8816253542900085
TEST_26263,0.004937455523759127,0.9948139190673828
TEST_26264,0.006765744183212519,0.9944823980331421
TEST_26265,0.009041295386850834,0.9916655421257019
TEST_26266,0.0016825812635943294,0.9947189092636108
TEST_26267,0.4783717393875122,0.8704856038093567
TEST_26268,0.05549050122499466,0.8439716100692749
TEST_26269,0.9969636797904968,0.9157401323318481
TEST_26270,0.0002194589760620147,0.9974946975708008
TEST_26271,0.051852595061063766,0.9976342916488647
TEST_26272,0.014408640563488007,0.9755361676216125
TEST_26273,0.0002562264271546155,0.9974116683006287
TEST_26274,0.6249584555625916,0.989159882068634
TEST_26275,0.005346477963030338,0.9829835891723633
TEST_26276,0.4626983404159546,0.8945935368537903
TEST_26277,0.044752877205610275,0.9742656946182251
TEST_26278,0.0792509913444519,0.9377243518829346
TEST_26279,0.048893656581640244,0.9967485666275024
TEST_26280,0.031903576105833054,0.9861840605735779
TEST_26281,0.19885137677192688,0.9951198101043701
TEST_26282,0.0011483544949442148,0.9932150840759277
TEST_26283,0.0044396561570465565,0.9983893632888794
TEST_26284,0.0019376007840037346,0.9924184083938599
TEST_26285,0.04812414199113846,0.9223848581314087
TEST_26286,0.005831710994243622,0.999498724937439
TEST_26287,0.005993743427097797,0.976159930229187
TEST_26288,0.003378261113539338,0.9261068105697632
TEST_26289,0.01734880916774273,0.9822676777839661
TEST_26290,0.0022110214922577143,0.9991783499717712
TEST_26291,0.0388694666326046,0.8643743395805359
TEST_26292,0.044740159064531326,0.9322485327720642
TEST_26293,0.08279221504926682,0.9882302284240723
TEST_26294,0.001585870748385787,0.9989759922027588
TEST_26295,0.046108998358249664,0.9204009771347046
TEST_26296,0.007812283933162689,0.9878447651863098
TEST_26297,0.5071169137954712,0.6574952006340027
TEST_26298,0.012756125070154667,0.985663890838623
TEST_26299,0.8946705460548401,0.934477686882019
TEST_26300,0.23878644406795502,0.562120258808136
TEST_26301,0.006127930711954832,0.9990252256393433
TEST_26302,0.0024207064416259527,0.972694993019104
TEST_26303,0.06615786999464035,0.9925445318222046
TEST_26304,4.5922690333100036e-05,0.9997444748878479
TEST_26305,0.0038850929122418165,0.9985852241516113
TEST_26306,0.9841289520263672,0.004515685606747866
TEST_26307,0.07584911584854126,0.9996324777603149
TEST_26308,0.018240422010421753,0.8356434106826782
TEST_26309,0.003010506508871913,0.9668145775794983
TEST_26310,0.01829206943511963,0.9734187126159668
TEST_26311,0.0024687754921615124,0.9948520064353943
TEST_26312,0.005999252200126648,0.9999040365219116
TEST_26313,0.04036669060587883,0.9237093925476074
TEST_26314,0.007054457440972328,0.9974372386932373
TEST_26315,0.14421269297599792,0.954508900642395
TEST_26316,0.00708390399813652,0.9984009861946106
TEST_26317,0.14939984679222107,0.6105157732963562
TEST_26318,0.00024341403332073241,0.9995723366737366
TEST_26319,0.00037289533065631986,0.9977453351020813
TEST_26320,0.0033608959056437016,0.9968417882919312
TEST_26321,0.9577550888061523,0.5135459303855896
TEST_26322,0.005264112260192633,0.9602566361427307
TEST_26323,0.003028721548616886,0.9948635697364807
TEST_26324,0.9405640959739685,0.5189769268035889
TEST_26325,0.002618779195472598,0.9758493900299072
TEST_26326,0.23475101590156555,0.1223975345492363
TEST_26327,0.9875703454017639,0.04976130649447441
TEST_26328,0.01046180259436369,0.9965007305145264
TEST_26329,0.9395896792411804,0.9123506546020508
TEST_26330,0.0002814922481775284,0.9987034797668457
TEST_26331,0.003051363630220294,0.9985432624816895
TEST_26332,0.00216731452383101,0.989078938961029
TEST_26333,0.0012830481864511967,0.977430522441864
TEST_26334,0.04415185749530792,0.9842729568481445
TEST_26335,0.0022162378299981356,0.985496461391449
TEST_26336,0.029878338798880577,0.9043868780136108
TEST_26337,0.03801177442073822,0.947338879108429
TEST_26338,0.4740823209285736,0.9710893630981445
TEST_26339,0.0012050942750647664,0.9032095074653625
TEST_26340,0.030341386795043945,0.9702356457710266
TEST_26341,0.08882658183574677,0.8674902319908142
TEST_26342,0.12797757983207703,0.6560523509979248
TEST_26343,0.021289145573973656,0.9991087317466736
TEST_26344,0.04286723583936691,0.9037675857543945
TEST_26345,0.004808593075722456,0.9990597367286682
TEST_26346,0.13262759149074554,0.9774815440177917
TEST_26347,0.03172849863767624,0.903937041759491
TEST_26348,0.00028082210337743163,0.9995070695877075
TEST_26349,0.05770261585712433,0.8783980011940002
TEST_26350,0.005728690419346094,0.9999270439147949
TEST_26351,0.03426337242126465,0.22111155092716217
TEST_26352,0.001979945693165064,0.994020402431488
TEST_26353,0.0003713403129950166,0.9999604225158691
TEST_26354,0.004506465047597885,0.9907209873199463
TEST_26355,0.03943903371691704,0.8851363658905029
TEST_26356,0.009301458485424519,0.9726715087890625
TEST_26357,0.0019460160983726382,0.9973695278167725
TEST_26358,0.9945053458213806,0.6636810898780823
TEST_26359,0.002725884784013033,0.9867462515830994
TEST_26360,0.018414059653878212,0.9961544871330261
TEST_26361,0.7166334986686707,0.5984723567962646
TEST_26362,0.1980832815170288,0.5947555303573608
TEST_26363,0.27086278796195984,0.7327577471733093
TEST_26364,0.025019437074661255,0.9399387836456299
TEST_26365,0.03283614665269852,0.9544853568077087
TEST_26366,0.02648996189236641,0.9947248101234436
TEST_26367,0.03024790622293949,0.8129964470863342
TEST_26368,0.005573803558945656,0.9977259039878845
TEST_26369,0.0048056961968541145,0.9615502953529358
TEST_26370,0.036687057465314865,0.9951735138893127
TEST_26371,0.04351668804883957,0.7950822710990906
TEST_26372,0.016738878563046455,0.9759752750396729
TEST_26373,0.00066826690454036,0.9986693859100342
TEST_26374,0.006647917442023754,0.9968540072441101
TEST_26375,0.7394144535064697,0.6635841131210327
TEST_26376,0.013466286472976208,0.9898334741592407
TEST_26377,0.015598989091813564,0.9979738593101501
TEST_26378,0.04906019940972328,0.8894256949424744
TEST_26379,0.05139421299099922,0.7614593505859375
TEST_26380,0.009281775914132595,0.7892763018608093
TEST_26381,0.9927747249603271,0.23101501166820526
TEST_26382,0.009098130278289318,0.9826357364654541
TEST_26383,0.0072219353169202805,0.9865743517875671
TEST_26384,0.31676217913627625,0.8304325938224792
TEST_26385,0.0019525784300640225,0.997614860534668
TEST_26386,0.0049903299659490585,0.9978164434432983
TEST_26387,0.01872260496020317,0.9917603731155396
TEST_26388,0.2278178334236145,0.924957811832428
TEST_26389,0.9015097618103027,0.9820333123207092
TEST_26390,0.8340736627578735,0.9016140103340149
TEST_26391,0.03968224674463272,0.901558518409729
TEST_26392,0.002692235168069601,0.9999717473983765
TEST_26393,0.004321221727877855,0.9991070628166199
TEST_26394,0.1207217276096344,0.37014850974082947
TEST_26395,0.014579446986317635,0.9966469407081604
TEST_26396,0.006442188285291195,0.9990573525428772
TEST_26397,0.028953175991773605,0.9835594296455383
TEST_26398,0.006445121485739946,0.9905251860618591
TEST_26399,0.2648220360279083,0.920994222164154
TEST_26400,0.013724468648433685,0.7207669615745544
TEST_26401,0.0024325333070009947,0.9976195693016052
TEST_26402,0.9960566759109497,0.12492476403713226
TEST_26403,0.010731926187872887,0.9999982118606567
TEST_26404,0.946077823638916,0.9959344863891602
TEST_26405,0.008217931725084782,0.9922969937324524
TEST_26406,0.01884296163916588,0.9174817204475403
TEST_26407,0.012502932921051979,0.990659236907959
TEST_26408,0.6120730638504028,0.8730584383010864
TEST_26409,0.15260043740272522,0.5321889519691467
TEST_26410,0.0074661364778876305,0.9850971102714539
TEST_26411,0.0436319075524807,0.4884735941886902
TEST_26412,0.9998766183853149,5.000447708880529e-05
TEST_26413,0.08349397778511047,0.5029928684234619
TEST_26414,0.249446302652359,0.9644327163696289
TEST_26415,0.0030970487277954817,0.9950937032699585
TEST_26416,0.0006642108201049268,0.9968100190162659
TEST_26417,0.003850160399451852,0.9994706511497498
TEST_26418,0.01823015697300434,0.9592188596725464
TEST_26419,0.019550779834389687,0.9537885189056396
TEST_26420,0.02691393904387951,0.960356593132019
TEST_26421,0.001786773675121367,0.9991738200187683
TEST_26422,1.4437446225201711e-05,0.9998138546943665
TEST_26423,0.14019905030727386,0.9916389584541321
TEST_26424,0.0022127421107143164,0.9983697533607483
TEST_26425,0.0006502780597656965,0.9999014139175415
TEST_26426,0.036558009684085846,0.9593076109886169
TEST_26427,0.001942901173606515,0.9989045858383179
TEST_26428,0.039078935980796814,0.17778104543685913
TEST_26429,0.00811841245740652,0.9989418387413025
TEST_26430,0.009532883763313293,0.9866020679473877
TEST_26431,0.250810444355011,0.7470773458480835
TEST_26432,0.04712130129337311,0.776637077331543
TEST_26433,0.008385674096643925,0.9615461826324463
TEST_26434,0.0034711030311882496,0.9995293617248535
TEST_26435,0.019439123570919037,0.9917652010917664
TEST_26436,0.0017086440930142999,0.9936164617538452
TEST_26437,0.002491813851520419,0.9873232245445251
TEST_26438,0.007707920391112566,0.9997828602790833
TEST_26439,0.07777911424636841,0.9922971129417419
TEST_26440,0.03251712769269943,0.9923309087753296
TEST_26441,0.012477712705731392,0.9905430674552917
TEST_26442,0.057237107306718826,0.8921419382095337
TEST_26443,0.9999505281448364,0.0011958361137658358
TEST_26444,0.016176298260688782,0.8693835735321045
TEST_26445,0.021910453215241432,0.8992261290550232
TEST_26446,0.03437730669975281,0.9647279977798462
TEST_26447,0.022446321323513985,0.9907084703445435
TEST_26448,0.4607488811016083,0.7567607164382935
TEST_26449,0.0007177424267865717,0.9072139263153076
TEST_26450,0.030200010165572166,0.9899370670318604
TEST_26451,0.0109364353120327,0.9825233817100525
TEST_26452,0.8563726544380188,0.4984891414642334
TEST_26453,0.004990879446268082,0.9969605803489685
TEST_26454,0.03507472947239876,0.8807355761528015
TEST_26455,0.013282183557748795,0.9057201743125916
TEST_26456,0.0008657516445964575,0.9992932081222534
TEST_26457,0.002971484325826168,0.9987437129020691
TEST_26458,0.08181092143058777,0.9757707118988037
TEST_26459,0.034676000475883484,0.9167779684066772
TEST_26460,0.019927771762013435,0.9174917936325073
TEST_26461,0.9179916977882385,0.15332794189453125
TEST_26462,0.04488412290811539,0.9295549392700195
TEST_26463,0.003341272473335266,0.9938107132911682
TEST_26464,0.16556845605373383,0.9629170894622803
TEST_26465,0.005270635709166527,0.9892753958702087
TEST_26466,0.007986286655068398,0.9964763522148132
TEST_26467,0.011240702122449875,0.9914360642433167
TEST_26468,0.17286060750484467,0.7590996623039246
TEST_26469,0.011645966209471226,0.9968833327293396
TEST_26470,0.007739682216197252,0.9724414944648743
TEST_26471,8.463595122520928e-07,0.9999697208404541
TEST_26472,0.002006975468248129,0.9994320273399353
TEST_26473,0.01274021528661251,0.9945571422576904
TEST_26474,0.0009906188352033496,0.9985149502754211
TEST_26475,0.01150079071521759,0.8802580833435059
TEST_26476,0.001250181463547051,0.997249186038971
TEST_26477,0.0008981391438283026,0.9997212290763855
TEST_26478,0.03094298206269741,0.9718616008758545
TEST_26479,0.0011292992858216166,0.9975780844688416
TEST_26480,0.0019269053591415286,0.9714449644088745
TEST_26481,0.015876153483986855,0.9768845438957214
TEST_26482,0.26685842871665955,0.8370625972747803
TEST_26483,0.0016419417224824429,0.9999076128005981
TEST_26484,0.1664925366640091,0.21158435940742493
TEST_26485,0.0069206892512738705,0.9934998750686646
TEST_26486,0.005508351605385542,0.9051449298858643
TEST_26487,0.00024206707894336432,0.9997854828834534
TEST_26488,0.014346480369567871,0.9920513033866882
TEST_26489,0.40794867277145386,0.9794643521308899
TEST_26490,0.0014053467893972993,0.9990066885948181
TEST_26491,0.0015527938958257437,0.9996669292449951
TEST_26492,0.0005998187698423862,0.9977580904960632
TEST_26493,0.0037061625625938177,0.9999072551727295
TEST_26494,0.009613496251404285,0.8905077576637268
TEST_26495,0.00832050945609808,0.9889129996299744
TEST_26496,0.00033658312167972326,0.998815655708313
TEST_26497,0.0006708700675517321,0.9989857077598572
TEST_26498,0.005001137964427471,0.9945157170295715
TEST_26499,0.00731720682233572,0.7935451865196228
TEST_26500,0.04150988534092903,0.8800424933433533
TEST_26501,0.019852692261338234,0.9513335227966309
TEST_26502,0.003824569284915924,0.9869857430458069
TEST_26503,0.0010705373715609312,0.9987335801124573
TEST_26504,0.06730963289737701,0.89174884557724
TEST_26505,0.010216197930276394,0.9650813937187195
TEST_26506,0.062416113913059235,0.8234630823135376
TEST_26507,0.026158126071095467,0.9719640612602234
TEST_26508,0.0027031113859266043,0.9998894929885864
TEST_26509,0.005103114061057568,0.9921755194664001
TEST_26510,0.33978763222694397,0.8796460032463074
TEST_26511,0.3418459892272949,0.8981958627700806
TEST_26512,0.004843228030949831,0.9965417981147766
TEST_26513,0.010631253942847252,0.9900649189949036
TEST_26514,0.025300582870841026,0.9736884236335754
TEST_26515,0.0006296472856774926,0.9982105493545532
TEST_26516,0.0462096743285656,0.9944393634796143
TEST_26517,0.026615990325808525,0.9615054130554199
TEST_26518,0.08012377470731735,0.9611011147499084
TEST_26519,0.9509032368659973,0.9503962397575378
TEST_26520,0.008350632153451443,0.9939277172088623
TEST_26521,0.028979575261473656,0.8864682912826538
TEST_26522,0.003294043941423297,0.9704746007919312
TEST_26523,0.02280612103641033,0.9980050921440125
TEST_26524,0.014979098923504353,0.9389359951019287
TEST_26525,0.021764058619737625,0.9944374561309814
TEST_26526,0.41850802302360535,0.77544105052948
TEST_26527,0.018526343628764153,0.8935284614562988
TEST_26528,0.9775511622428894,0.8269482254981995
TEST_26529,0.02242952771484852,0.8164047598838806
TEST_26530,0.01102432794868946,0.9881110191345215
TEST_26531,0.6164716482162476,0.8013653755187988
TEST_26532,0.0007861254271119833,0.9986245632171631
TEST_26533,0.027779364958405495,0.9964983463287354
TEST_26534,0.6535015106201172,0.648116409778595
TEST_26535,0.0900484025478363,0.9909551739692688
TEST_26536,0.020105725154280663,0.9808958768844604
TEST_26537,0.0007568690925836563,0.9999635219573975
TEST_26538,0.034123413264751434,0.9465819001197815
TEST_26539,0.0021122803445905447,0.9903683662414551
TEST_26540,0.014986883848905563,0.9905157089233398
TEST_26541,0.006410214584320784,0.9671446084976196
TEST_26542,0.04694774001836777,0.9962939620018005
TEST_26543,0.0027505543548613787,0.9977110624313354
TEST_26544,0.037637580186128616,0.900405764579773
TEST_26545,0.00996432639658451,0.8924829363822937
TEST_26546,0.008219129405915737,0.9913001656532288
TEST_26547,0.01045948825776577,0.7509990930557251
TEST_26548,0.0606909841299057,0.9567287564277649
TEST_26549,0.024160562083125114,0.9999589920043945
TEST_26550,0.010457479394972324,0.9960212111473083
TEST_26551,0.02961144596338272,0.9352591037750244
TEST_26552,0.0016115913167595863,0.9977489113807678
TEST_26553,0.006130923051387072,0.9956579208374023
TEST_26554,0.7078734636306763,0.7644806504249573
TEST_26555,0.011525536887347698,0.9153614044189453
TEST_26556,0.0019206921570003033,0.9999779462814331
TEST_26557,0.0011413845932111144,0.9895652532577515
TEST_26558,0.3486159145832062,0.6524233818054199
TEST_26559,0.0037524874787777662,0.9828404188156128
TEST_26560,0.056344471871852875,0.9113608002662659
TEST_26561,0.0053170220926404,0.997498095035553
TEST_26562,0.9820465445518494,0.9677913188934326
TEST_26563,0.2917148768901825,0.9855220317840576
TEST_26564,0.002535627456381917,0.9981284737586975
TEST_26565,0.000884070061147213,0.9999843835830688
TEST_26566,0.1362312138080597,0.9527976512908936
TEST_26567,0.0022489381954073906,0.9991216063499451
TEST_26568,0.006564470008015633,0.9539936184883118
TEST_26569,0.014227887615561485,0.9808589816093445
TEST_26570,0.04759887233376503,0.9940400123596191
TEST_26571,0.0017563358414918184,0.9923713207244873
TEST_26572,0.01688028872013092,0.9905766248703003
TEST_26573,0.8814383149147034,0.7926455140113831
TEST_26574,0.0016861243639141321,0.9970912933349609
TEST_26575,0.7975415587425232,0.7486662268638611
TEST_26576,0.5029336214065552,0.9088258743286133
TEST_26577,0.9992005228996277,0.6359493136405945
TEST_26578,0.0038340312894433737,0.9963905215263367
TEST_26579,0.0038365984801203012,0.9652305245399475
TEST_26580,0.9967172741889954,0.0020802400540560484
TEST_26581,0.008074740879237652,0.9269046187400818
TEST_26582,0.9773241877555847,0.4193429946899414
TEST_26583,0.9500763416290283,0.17676931619644165
TEST_26584,0.00033087460906244814,0.9998295307159424
TEST_26585,0.041973013430833817,0.8504400253295898
TEST_26586,0.0029021890368312597,0.9996370077133179
TEST_26587,0.8704943656921387,0.914810061454773
TEST_26588,0.02706768922507763,0.973484456539154
TEST_26589,0.08991003036499023,0.9466348886489868
TEST_26590,0.027441633865237236,0.037906475365161896
TEST_26591,0.0005106602911837399,0.9989803433418274
TEST_26592,0.9385214447975159,0.005331386346369982
TEST_26593,0.0006620040512643754,0.9973896145820618
TEST_26594,0.025062546133995056,0.9998680353164673
TEST_26595,0.0023255255073308945,0.9957626461982727
TEST_26596,0.003117647022008896,0.9983752965927124
TEST_26597,0.0003224995161872357,0.9999808073043823
TEST_26598,0.1049806997179985,0.9807372093200684
TEST_26599,0.10394357144832611,0.9959555864334106
TEST_26600,0.0021592858247458935,0.9901556968688965
TEST_26601,0.0034399048890918493,0.9977453351020813
TEST_26602,0.024780655279755592,0.7822678089141846
TEST_26603,0.025652840733528137,0.9365670084953308
TEST_26604,0.0830637738108635,0.6752533912658691
TEST_26605,0.9988138675689697,0.02652483619749546
TEST_26606,0.1011485829949379,0.9495456218719482
TEST_26607,0.025732509791851044,0.9857243895530701
TEST_26608,0.0011787337716668844,0.998986542224884
TEST_26609,0.042775947600603104,0.9945592284202576
TEST_26610,0.0031831313390284777,0.9975546002388
TEST_26611,0.032614052295684814,0.8371790647506714
TEST_26612,0.03137915953993797,0.8148211240768433
TEST_26613,0.04670187458395958,0.7271720170974731
TEST_26614,0.21598471701145172,0.9782664179801941
TEST_26615,0.717393159866333,0.6285416483879089
TEST_26616,0.0036666947416961193,0.9920985698699951
TEST_26617,0.006224592216312885,0.9877907037734985
TEST_26618,0.018079981207847595,0.9620518088340759
TEST_26619,0.04550868645310402,0.8327935934066772
TEST_26620,0.009439151734113693,0.9983136653900146
TEST_26621,0.013067912310361862,0.992192804813385
TEST_26622,0.006935304030776024,0.9928690791130066
TEST_26623,0.046532366424798965,0.8572642207145691
TEST_26624,0.009705818258225918,0.9333219528198242
TEST_26625,0.019267164170742035,0.994971513748169
TEST_26626,0.0010948787676170468,0.9924637079238892
TEST_26627,0.018461810424923897,0.8155385851860046
TEST_26628,0.0026441174559295177,0.9995511174201965
TEST_26629,0.008922461420297623,0.9996967315673828
TEST_26630,0.008331234566867352,0.99580317735672
TEST_26631,0.015645567327737808,0.9985964894294739
TEST_26632,0.984907865524292,0.8293054699897766
TEST_26633,0.0001727401395328343,0.9995599389076233
TEST_26634,0.01098631601780653,0.9936289191246033
TEST_26635,0.004843352362513542,0.9923570156097412
TEST_26636,0.006876371335238218,0.9989892840385437
TEST_26637,0.014890849590301514,0.9434036016464233
TEST_26638,0.19524911046028137,0.7137633562088013
TEST_26639,0.06311284750699997,0.9788605570793152
TEST_26640,0.0032517279032617807,0.984732449054718
TEST_26641,0.025581255555152893,0.9825292825698853
TEST_26642,0.00040084964712150395,0.9934898614883423
TEST_26643,0.005123299080878496,0.9348750114440918
TEST_26644,0.14260485768318176,0.8180234432220459
TEST_26645,0.8354039192199707,0.9632900357246399
TEST_26646,0.00036967804771848023,0.9999023675918579
TEST_26647,0.2336079180240631,0.7187746167182922
TEST_26648,0.6169931292533875,0.450101763010025
TEST_26649,0.48268646001815796,0.8240854144096375
TEST_26650,0.5001171231269836,0.8399813175201416
TEST_26651,0.05191313102841377,0.8639739155769348
TEST_26652,0.002843777881935239,0.9917551279067993
TEST_26653,0.0010526677360758185,0.9994450211524963
TEST_26654,0.002462862990796566,0.9907010793685913
TEST_26655,0.0434311144053936,0.8504225611686707
TEST_26656,0.0015448632184416056,0.9986310601234436
TEST_26657,0.10709024220705032,0.8712203502655029
TEST_26658,0.00016268955369014293,0.9999269247055054
TEST_26659,0.01040849182754755,0.9640573263168335
TEST_26660,0.0036660609766840935,0.9939684867858887
TEST_26661,0.998752236366272,0.00015181385970208794
TEST_26662,0.0007242847350426018,0.9835079908370972
TEST_26663,0.0029632921796292067,0.9998464584350586
TEST_26664,0.0005391984013840556,0.9993496537208557
TEST_26665,0.009678855538368225,0.9964034557342529
TEST_26666,0.003213275456801057,1.0
TEST_26667,0.008601202629506588,0.9990860223770142
TEST_26668,0.021019304171204567,0.9598462581634521
TEST_26669,0.004568316508084536,0.9991307854652405
TEST_26670,0.0074779195711016655,0.9956806898117065
TEST_26671,0.05687876045703888,0.9814320802688599
TEST_26672,0.0007652263157069683,0.9984686970710754
TEST_26673,0.003019443480297923,0.9856911301612854
TEST_26674,0.09487763047218323,0.8158634305000305
TEST_26675,0.03175000473856926,0.9354017376899719
TEST_26676,0.05613596364855766,0.9345517754554749
TEST_26677,0.017786147072911263,0.9987105131149292
TEST_26678,0.007585152052342892,0.9785772562026978
TEST_26679,0.010702806524932384,0.9948068261146545
TEST_26680,0.0003568275715224445,0.999729335308075
TEST_26681,0.019617434591054916,0.9910336136817932
TEST_26682,0.013794046826660633,0.9893912076950073
TEST_26683,0.003309376072138548,0.997833788394928
TEST_26684,0.09633185714483261,0.9955734014511108
TEST_26685,0.011300533078610897,0.9747055172920227
TEST_26686,0.006215379107743502,0.9860202670097351
TEST_26687,0.00460824416950345,0.8895508050918579
TEST_26688,0.019042551517486572,0.9711417555809021
TEST_26689,0.07460083812475204,0.7688729763031006
TEST_26690,0.001184564782306552,0.991951584815979
TEST_26691,0.0017133393557742238,0.9995693564414978
TEST_26692,0.005684313829988241,0.9791172742843628
TEST_26693,0.02686057984828949,0.9928364157676697
TEST_26694,0.5360451936721802,0.6342895030975342
TEST_26695,0.10871555656194687,0.6847836375236511
TEST_26696,0.0028937619645148516,0.9957017302513123
TEST_26697,0.020203150808811188,0.9772558808326721
TEST_26698,0.011579092592000961,0.9992871880531311
TEST_26699,0.025934621691703796,0.987933874130249
TEST_26700,0.007707749027758837,0.9999185800552368
TEST_26701,0.0459151528775692,0.9638778567314148
TEST_26702,0.008406857959926128,0.9996135830879211
TEST_26703,0.0014311368577182293,0.9995110034942627
TEST_26704,0.10766715556383133,0.9464173316955566
TEST_26705,0.006791501771658659,0.9615142345428467
TEST_26706,0.0008774828747846186,0.9984279870986938
TEST_26707,0.013985210098326206,0.9798678159713745
TEST_26708,0.0017646680353209376,0.9887270927429199
TEST_26709,0.0014830061700195074,0.9999066591262817
TEST_26710,0.9830069541931152,0.8858950734138489
TEST_26711,0.00694309500977397,0.904268741607666
TEST_26712,0.6803667545318604,0.8413469791412354
TEST_26713,0.0008787547121755779,0.9941984415054321
TEST_26714,0.0004492306325118989,0.9945249557495117
TEST_26715,0.03364627808332443,0.9981378316879272
TEST_26716,0.03701690211892128,0.9987564086914062
TEST_26717,0.06848250329494476,0.9721721410751343
TEST_26718,0.003825855441391468,0.918235182762146
TEST_26719,0.001502897939644754,0.9740213751792908
TEST_26720,1.7253339592571137e-06,0.9997753500938416
TEST_26721,0.016332052648067474,0.999241828918457
TEST_26722,0.016553929075598717,0.993501603603363
TEST_26723,0.01795540377497673,0.9528293013572693
TEST_26724,0.0025558830238878727,0.9945253133773804
TEST_26725,0.09289369732141495,0.9451149702072144
TEST_26726,0.0013869776157662272,0.9987346529960632
TEST_26727,0.0002574414829723537,0.9996039271354675
TEST_26728,0.07287929207086563,0.9619436264038086
TEST_26729,0.0003973680140916258,0.9743790030479431
TEST_26730,0.04087746515870094,0.9721413850784302
TEST_26731,0.02873420901596546,0.9966819882392883
TEST_26732,0.0015737480716779828,0.9946940541267395
TEST_26733,0.015263063833117485,0.9942862391471863
TEST_26734,0.0002633324475027621,0.9993873834609985
TEST_26735,0.0017651375383138657,0.9963263869285583
TEST_26736,0.16782961785793304,0.8958850502967834
TEST_26737,0.002481479663401842,0.9996905326843262
TEST_26738,0.03721507266163826,0.9221842288970947
TEST_26739,0.0014942794805392623,0.9973834156990051
TEST_26740,0.25386422872543335,0.985921323299408
TEST_26741,0.4516908824443817,0.8795832991600037
TEST_26742,0.0010237733367830515,0.9974231719970703
TEST_26743,0.3216651976108551,0.9551740884780884
TEST_26744,0.02452949993312359,0.9991912245750427
TEST_26745,0.9775722622871399,0.034758277237415314
TEST_26746,0.739551305770874,0.7039629817008972
TEST_26747,0.9280518889427185,0.8994020819664001
TEST_26748,0.1442958116531372,0.9921735525131226
TEST_26749,0.05257672816514969,0.5754930973052979
TEST_26750,0.021986277773976326,0.9925064444541931
TEST_26751,0.05928334221243858,0.9589525461196899
TEST_26752,0.009350437670946121,0.9989907145500183
TEST_26753,0.9976957440376282,0.15270525217056274
TEST_26754,0.08285859227180481,0.9088957905769348
TEST_26755,0.0018222678918391466,0.9901189804077148
TEST_26756,0.05934104695916176,0.28466445207595825
TEST_26757,0.022373607382178307,0.9047086834907532
TEST_26758,0.000595811870880425,0.9988971948623657
TEST_26759,0.19350038468837738,0.9801092147827148
TEST_26760,0.009480029344558716,0.9984835982322693
TEST_26761,0.03285364806652069,0.7035211324691772
TEST_26762,0.022141961380839348,0.9893167614936829
TEST_26763,0.08871002495288849,0.9874846339225769
TEST_26764,0.31243836879730225,0.9857540130615234
TEST_26765,0.06293435394763947,0.7147672176361084
TEST_26766,0.02498878352344036,0.36205434799194336
TEST_26767,0.047572486102581024,0.7799233198165894
TEST_26768,0.09704669564962387,0.9988062381744385
TEST_26769,0.01561991311609745,0.9659594297409058
TEST_26770,0.03184860572218895,0.9800626635551453
TEST_26771,0.020357510074973106,0.9304811954498291
TEST_26772,0.0030328542925417423,0.9944296479225159
TEST_26773,0.01174011267721653,0.9993759989738464
TEST_26774,0.011511051096022129,0.9839611053466797
TEST_26775,0.033449482172727585,0.9740964770317078
TEST_26776,0.0014425774570554495,0.9974468946456909
TEST_26777,0.013460681773722172,0.992474377155304
TEST_26778,0.40655970573425293,0.8059434294700623
TEST_26779,0.004421332851052284,0.9985876083374023
TEST_26780,0.03498590737581253,0.9460810422897339
TEST_26781,0.019704734906554222,0.9054900407791138
TEST_26782,0.003835011273622513,0.997572124004364
TEST_26783,0.047849755734205246,0.9139463305473328
TEST_26784,0.9969956874847412,0.0009941355092450976
TEST_26785,0.01411905512213707,0.9966051578521729
TEST_26786,0.036820247769355774,0.858593225479126
TEST_26787,0.02167823538184166,0.9498563408851624
TEST_26788,0.9943684935569763,0.0008531931671313941
TEST_26789,0.0016776458360254765,0.9998598098754883
TEST_26790,0.04133891686797142,0.4999138116836548
TEST_26791,0.7507535815238953,0.07147248834371567
TEST_26792,0.058018263429403305,0.8904139995574951
TEST_26793,0.022996507585048676,0.9907028675079346
TEST_26794,0.016162417829036713,0.996609091758728
TEST_26795,0.23297065496444702,0.7250524759292603
TEST_26796,0.029655762016773224,0.9570106267929077
TEST_26797,0.007011134643107653,0.9990085959434509
TEST_26798,0.004643963649868965,0.9948273301124573
TEST_26799,0.006308195646852255,0.9731125831604004
TEST_26800,0.4874410033226013,0.9955815672874451
TEST_26801,0.014348200522363186,0.9707626104354858
TEST_26802,1.9203325791750103e-05,0.9999347925186157
TEST_26803,0.012298190966248512,0.9987382292747498
TEST_26804,0.7483065724372864,0.41392773389816284
TEST_26805,0.005295563954859972,0.9769763350486755
TEST_26806,0.07214536517858505,0.8351477980613708
TEST_26807,0.00427030585706234,0.9848667979240417
TEST_26808,0.05847896263003349,0.4448486864566803
TEST_26809,0.0010941025102511048,0.997816801071167
TEST_26810,0.0001415233127772808,0.99994957447052
TEST_26811,0.033234212547540665,0.5866252779960632
TEST_26812,0.0029642812442034483,0.9968648552894592
TEST_26813,0.00332283996976912,0.98095703125
TEST_26814,0.029455306008458138,0.9847583770751953
TEST_26815,0.005941241048276424,0.9956976175308228
TEST_26816,0.008004909381270409,0.984798014163971
TEST_26817,0.002900671446695924,0.975074827671051
TEST_26818,0.0016336084809154272,0.9981194138526917
TEST_26819,0.02197258733212948,0.9956347346305847
TEST_26820,0.0031084027141332626,0.9968926310539246
TEST_26821,0.04198600351810455,0.9502465128898621
TEST_26822,0.2852953374385834,0.8758347034454346
TEST_26823,0.09156165271997452,0.8569402694702148
TEST_26824,0.0627320185303688,0.8722756505012512
TEST_26825,0.017538685351610184,0.9991905093193054
TEST_26826,0.0024366213474422693,0.998789370059967
TEST_26827,0.0008230817620642483,0.9975298047065735
TEST_26828,0.1014644131064415,0.9962939620018005
TEST_26829,0.0004975951742380857,0.9999986886978149
TEST_26830,0.002569639589637518,0.9999443292617798
TEST_26831,0.0042288899421691895,0.9726449251174927
TEST_26832,0.011437511071562767,0.9779120683670044
TEST_26833,0.0017764162039384246,0.9986485838890076
TEST_26834,0.0021828338503837585,0.9924412965774536
TEST_26835,0.0012311278842389584,0.9998158812522888
TEST_26836,0.005897889379411936,0.9953254461288452
TEST_26837,0.01596347987651825,0.8795708417892456
TEST_26838,0.03366866335272789,0.990000307559967
TEST_26839,0.0005170841468498111,0.9993249177932739
TEST_26840,1.346958242720575e-07,0.9999901056289673
TEST_26841,0.0018660216592252254,0.9913289546966553
TEST_26842,0.792544960975647,0.7835577726364136
TEST_26843,0.024904586374759674,0.9884013533592224
TEST_26844,0.0157470703125,0.9188947677612305
TEST_26845,0.06308107823133469,0.9302230477333069
TEST_26846,0.06590232998132706,0.9364309310913086
TEST_26847,0.0022102156654000282,0.9983021020889282
TEST_26848,0.9065174460411072,0.9661123752593994
TEST_26849,0.03521948680281639,0.9605639576911926
TEST_26850,0.002444966696202755,0.9985094666481018
TEST_26851,0.5622354745864868,0.6222634315490723
TEST_26852,0.0024340273812413216,0.9994276165962219
TEST_26853,0.9998805522918701,0.012379628606140614
TEST_26854,0.015528303571045399,0.9968806505203247
TEST_26855,0.002500969683751464,0.9989584684371948
TEST_26856,0.01852102018892765,0.9822165966033936
TEST_26857,0.029707513749599457,0.9141573905944824
TEST_26858,0.000712492095772177,0.9999983310699463
TEST_26859,0.0022014188580214977,0.9969022870063782
TEST_26860,0.03748217970132828,0.9750560522079468
TEST_26861,0.026875723153352737,0.9565660357475281
TEST_26862,0.8557599782943726,0.7944479584693909
TEST_26863,0.01979397051036358,0.9863909482955933
TEST_26864,0.035197604447603226,0.9050993919372559
TEST_26865,0.004629048053175211,0.9975282549858093
TEST_26866,0.005814374890178442,0.9989045858383179
TEST_26867,0.011298834346234798,0.9589017629623413
TEST_26868,0.5346303582191467,0.88804030418396
TEST_26869,0.005034317262470722,0.9986843466758728
TEST_26870,0.06981508433818817,0.9769291281700134
TEST_26871,0.0030725086107850075,0.9829639196395874
TEST_26872,0.0012744362466037273,0.9926602840423584
TEST_26873,0.004687707871198654,0.9987310767173767
TEST_26874,0.0006889301002956927,0.9983685612678528
TEST_26875,0.1631421446800232,0.9233836531639099
TEST_26876,0.0011146696051582694,0.9996548891067505
TEST_26877,0.55255526304245,0.9331183433532715
TEST_26878,0.004583783447742462,0.9618852734565735
TEST_26879,0.0415407232940197,0.9156994223594666
TEST_26880,0.003453712211921811,0.9628552794456482
TEST_26881,0.005373633466660976,0.9918734431266785
TEST_26882,0.00024911065702326596,0.9981372356414795
TEST_26883,0.0040350849740207195,0.9995797276496887
TEST_26884,0.009424164891242981,0.9874761700630188
TEST_26885,0.0002625282504595816,0.9975466132164001
TEST_26886,0.0065630581229925156,0.9757052063941956
TEST_26887,0.005335681140422821,0.4635612368583679
TEST_26888,0.056951094418764114,0.9954636693000793
TEST_26889,0.06352434307336807,0.9808012843132019
TEST_26890,0.029613927006721497,0.898714005947113
TEST_26891,0.7010568380355835,0.23391945660114288
TEST_26892,0.0031651980243623257,0.9880933165550232
TEST_26893,0.022524546831846237,0.9757788777351379
TEST_26894,0.11729180067777634,0.9990899562835693
TEST_26895,0.001609901199117303,0.9998571872711182
TEST_26896,0.30494603514671326,0.959757387638092
TEST_26897,0.00768977589905262,0.9899653196334839
TEST_26898,0.0024529695510864258,0.9995519518852234
TEST_26899,0.03851427882909775,0.9537489414215088
TEST_26900,0.007230699528008699,0.9487542510032654
TEST_26901,0.012334931641817093,0.9584853053092957
TEST_26902,0.03889791667461395,0.9033737182617188
TEST_26903,0.028992528095841408,0.9349333047866821
TEST_26904,0.0022577461786568165,0.995214581489563
TEST_26905,0.24993954598903656,0.956436038017273
TEST_26906,0.17442186176776886,0.9132477641105652
TEST_26907,0.06502363085746765,0.9407163858413696
TEST_26908,0.0045830262824893,0.9999897480010986
TEST_26909,0.04438428208231926,0.9435163140296936
TEST_26910,0.034450042992830276,0.9877293109893799
TEST_26911,0.0021844771690666676,0.9879763722419739
TEST_26912,0.0010795380221679807,0.9963578581809998
TEST_26913,0.06283518671989441,0.9220698475837708
TEST_26914,0.011307845823466778,0.9999804496765137
TEST_26915,0.03562810644507408,0.9286244511604309
TEST_26916,0.05801677703857422,0.8772785067558289
TEST_26917,0.05033320561051369,0.9890556335449219
TEST_26918,0.00027544714976102114,0.9998648166656494
TEST_26919,0.002971107140183449,0.9995631575584412
TEST_26920,0.04178160801529884,0.9920808672904968
TEST_26921,0.0028412947431206703,0.999326229095459
TEST_26922,0.9589180946350098,0.3813629150390625
TEST_26923,0.0043174829334020615,0.9914051294326782
TEST_26924,0.8277673125267029,0.994869589805603
TEST_26925,0.006357393227517605,0.9975403547286987
TEST_26926,0.025708934292197227,0.9218361973762512
TEST_26927,0.0007681246497668326,0.999981164932251
TEST_26928,0.01841711811721325,0.9342621564865112
TEST_26929,0.03263097628951073,0.948138952255249
TEST_26930,0.036335550248622894,0.9506173729896545
TEST_26931,0.005651021841913462,0.9115409851074219
TEST_26932,0.017120562493801117,0.9999680519104004
TEST_26933,0.004977699834853411,0.9990359544754028
TEST_26934,0.012915086932480335,0.992131769657135
TEST_26935,0.0010421620681881905,0.9831356406211853
TEST_26936,0.01079076062887907,0.9858670830726624
TEST_26937,0.032402828335762024,0.9922518134117126
TEST_26938,0.001094744191505015,0.9954267144203186
TEST_26939,0.0016109340358525515,0.9977239966392517
TEST_26940,0.017961323261260986,0.9329649806022644
TEST_26941,0.03026869148015976,0.99090975522995
TEST_26942,0.0019462902564555407,0.9854934811592102
TEST_26943,0.023103712126612663,0.9983762502670288
TEST_26944,0.05541471764445305,0.9975535273551941
TEST_26945,0.017681090161204338,0.9326351284980774
TEST_26946,0.004637549631297588,0.9973868727684021
TEST_26947,0.8726419806480408,0.60252445936203
TEST_26948,0.07599057257175446,0.9762132167816162
TEST_26949,0.956523060798645,0.4602327346801758
TEST_26950,0.015066535212099552,0.9871619343757629
TEST_26951,0.8338288068771362,0.8271729946136475
TEST_26952,0.0006653182790614665,0.9981454610824585
TEST_26953,0.9372448921203613,0.003095553256571293
TEST_26954,0.008892927318811417,0.9989149570465088
TEST_26955,0.14688120782375336,0.7901743054389954
TEST_26956,0.002960271667689085,0.9989697933197021
TEST_26957,0.04121546819806099,0.9778221249580383
TEST_26958,0.0007999135996215045,0.9997690320014954
TEST_26959,0.00888135563582182,0.9389767646789551
TEST_26960,0.004300812724977732,0.999962568283081
TEST_26961,0.002273385878652334,0.8619093894958496
TEST_26962,0.02470620721578598,0.908491313457489
TEST_26963,0.9918389916419983,0.17580609023571014
TEST_26964,0.040121302008628845,0.9773947596549988
TEST_26965,0.020364809781312943,0.9599595069885254
TEST_26966,0.00045915006194263697,0.9988076686859131
TEST_26967,1.2461248843465e-05,0.9999599456787109
TEST_26968,0.0019019544124603271,0.9751220345497131
TEST_26969,0.009351644665002823,0.9325063228607178
TEST_26970,0.015795964747667313,0.9928633570671082
TEST_26971,0.3905618488788605,0.9708355069160461
TEST_26972,0.0062138475477695465,0.8870067000389099
TEST_26973,0.010673684068024158,0.9761565327644348
TEST_26974,0.023502107709646225,0.9883300065994263
TEST_26975,0.019497189670801163,0.972420871257782
TEST_26976,0.005164087284356356,0.9992437362670898
TEST_26977,0.004398333374410868,0.9975031018257141
TEST_26978,0.22097963094711304,0.9812096953392029
TEST_26979,0.643702507019043,0.8028275966644287
TEST_26980,0.011602681130170822,0.9838025569915771
TEST_26981,0.09050536155700684,0.9486945867538452
TEST_26982,0.02174501121044159,0.9891758561134338
TEST_26983,0.11448158323764801,0.013529621995985508
TEST_26984,0.009361358359456062,0.9738976359367371
TEST_26985,0.0052064876072108746,0.924593448638916
TEST_26986,0.02555161714553833,0.9961451292037964
TEST_26987,0.002532765967771411,0.9929308891296387
TEST_26988,0.0006439185235649347,0.9983066320419312
TEST_26989,0.008105154149234295,0.9961612224578857
TEST_26990,0.4542258381843567,0.9668670296669006
TEST_26991,0.2258981317281723,0.7920697331428528
TEST_26992,0.030905919149518013,0.9085612297058105
TEST_26993,0.0008150063804350793,0.9999878406524658
TEST_26994,0.0006218040362000465,0.9967725872993469
TEST_26995,0.004089897032827139,0.9948567152023315
TEST_26996,0.19693681597709656,0.8651976585388184
TEST_26997,0.01676679402589798,0.9585944414138794
TEST_26998,0.02117237076163292,0.8412107229232788
TEST_26999,0.04627109318971634,0.9874931573867798
TEST_27000,0.017314279451966286,0.8916080594062805
TEST_27001,0.44335442781448364,0.8886092305183411
TEST_27002,0.001866737729869783,0.9132717847824097
TEST_27003,0.002854017075151205,0.999767005443573
TEST_27004,0.006962278857827187,0.9982631802558899
TEST_27005,0.02330322563648224,0.9850242137908936
TEST_27006,0.000366031687008217,0.9996639490127563
TEST_27007,0.3660425841808319,0.8214989900588989
TEST_27008,0.4803273677825928,0.6476835608482361
TEST_27009,0.09801705926656723,0.9483171701431274
TEST_27010,0.00998983159661293,0.9891317486763
TEST_27011,0.001926543889567256,0.9988436698913574
TEST_27012,0.010892125777900219,0.9949880838394165
TEST_27013,0.015235001221299171,0.9854117035865784
TEST_27014,0.01813671551644802,0.9761816263198853
TEST_27015,0.0010083324741572142,0.9983764886856079
TEST_27016,0.004846423398703337,0.9997838139533997
TEST_27017,0.02604466676712036,0.9614840745925903
TEST_27018,0.01611241139471531,0.9901976585388184
TEST_27019,0.003433553734794259,0.9575325846672058
TEST_27020,0.0016334117390215397,0.9958732724189758
TEST_27021,0.012187901884317398,0.9847704172134399
TEST_27022,0.0018446556059643626,0.9752496480941772
TEST_27023,0.003105494426563382,0.984449565410614
TEST_27024,0.01838059164583683,0.9638944864273071
TEST_27025,0.03229905292391777,0.9750942587852478
TEST_27026,0.00649472139775753,0.7749998569488525
TEST_27027,0.04955405369400978,0.7908940315246582
TEST_27028,0.4973437786102295,0.6437813639640808
TEST_27029,0.01368313655257225,0.9852880239486694
TEST_27030,0.004208833444863558,0.9972912669181824
TEST_27031,0.019020745530724525,0.9953336119651794
TEST_27032,0.00710044801235199,0.9920857548713684
TEST_27033,0.08994269371032715,0.8710848689079285
TEST_27034,0.039302676916122437,0.9965871572494507
TEST_27035,0.1277921497821808,0.9851698279380798
TEST_27036,0.017574798315763474,0.9827255010604858
TEST_27037,0.0012064144248142838,0.9853566288948059
TEST_27038,0.004953017458319664,0.9969674944877625
TEST_27039,0.025021979585289955,0.9964802861213684
TEST_27040,0.010858635418117046,0.976558268070221
TEST_27041,0.0025462540797889233,0.9592980742454529
TEST_27042,0.0003649887803476304,0.9994039535522461
TEST_27043,0.0011828459100797772,0.9992434978485107
TEST_27044,0.013783491216599941,0.9940985441207886
TEST_27045,0.0123103316873312,0.9817059636116028
TEST_27046,0.017221014946699142,0.9923239946365356
TEST_27047,0.010403497144579887,0.9826620817184448
TEST_27048,0.005597866605967283,0.736497700214386
TEST_27049,0.0006712173926644027,0.9982045888900757
TEST_27050,0.2283107489347458,0.9704631567001343
TEST_27051,0.013005889020860195,0.9996033310890198
TEST_27052,0.046411070972681046,0.7696021199226379
TEST_27053,0.03548537567257881,0.9835397005081177
TEST_27054,0.1418396532535553,0.9159401059150696
TEST_27055,0.028394099324941635,0.9859204888343811
TEST_27056,0.25587186217308044,0.6894152760505676
TEST_27057,0.3299688994884491,0.9769919514656067
TEST_27058,0.009850330650806427,0.9779428839683533
TEST_27059,0.021292829886078835,0.9960839748382568
TEST_27060,0.009396335110068321,0.9974794983863831
TEST_27061,0.9991447925567627,0.027113769203424454
TEST_27062,0.012302651070058346,0.9922519326210022
TEST_27063,0.028902636840939522,0.9669389128684998
TEST_27064,0.8873226642608643,0.8797826766967773
TEST_27065,0.0054215798154473305,0.9957965612411499
TEST_27066,0.02108091488480568,0.9883027672767639
TEST_27067,0.0036140517331659794,0.9794975519180298
TEST_27068,0.024615401402115822,0.933517336845398
TEST_27069,0.002763735596090555,0.9991661310195923
TEST_27070,0.4871985614299774,0.9940553903579712
TEST_27071,0.03239801898598671,0.9941482543945312
TEST_27072,0.005895585753023624,0.9666191339492798
TEST_27073,0.20064419507980347,0.8812620043754578
TEST_27074,0.012388958595693111,0.9370723366737366
TEST_27075,0.008273052982985973,0.9920341372489929
TEST_27076,0.006009079050272703,0.9311203956604004
TEST_27077,0.4532008469104767,0.6790915727615356
TEST_27078,0.0030885038431733847,0.9996393918991089
TEST_27079,0.02733965404331684,0.9733302593231201
TEST_27080,0.7847505807876587,0.43145522475242615
TEST_27081,0.017457209527492523,0.9992895126342773
TEST_27082,0.03831701725721359,0.997568666934967
TEST_27083,0.00017271986871492118,0.9974768757820129
TEST_27084,0.13732129335403442,0.891235888004303
TEST_27085,0.0009963774355128407,0.9978686571121216
TEST_27086,0.031545352190732956,0.9907331466674805
TEST_27087,0.0013849891256541014,0.979516327381134
TEST_27088,0.007047045975923538,0.9673413634300232
TEST_27089,0.01669865846633911,0.8571417331695557
TEST_27090,0.0015474366955459118,0.9924214482307434
TEST_27091,0.0016141682863235474,0.9717618823051453
TEST_27092,0.016607461497187614,0.9948989748954773
TEST_27093,0.6040934920310974,0.9096530079841614
TEST_27094,0.017721708863973618,0.9701763987541199
TEST_27095,0.02367461286485195,0.9975321292877197
TEST_27096,0.1477794349193573,0.764001190662384
TEST_27097,0.006328565068542957,0.9882268309593201
TEST_27098,0.03232402727007866,0.9854934811592102
TEST_27099,0.013061309233307838,0.9832693338394165
TEST_27100,0.22519265115261078,0.6942030191421509
TEST_27101,0.0008369930437766016,0.9991581439971924
TEST_27102,0.01490854099392891,0.9792836904525757
TEST_27103,0.9439897537231445,0.3032599687576294
TEST_27104,0.0007632159977219999,0.9885166883468628
TEST_27105,0.019280504435300827,0.9789113998413086
TEST_27106,0.0034015194978564978,0.9998904466629028
TEST_27107,0.020450923591852188,0.9966081380844116
TEST_27108,0.0007873995346017182,0.9904263615608215
TEST_27109,0.28999435901641846,0.8757919669151306
TEST_27110,0.9943522214889526,0.9928102493286133
TEST_27111,0.001037496724165976,0.9975317716598511
TEST_27112,0.3935796916484833,0.7988277673721313
TEST_27113,0.03551209345459938,0.9998793601989746
TEST_27114,0.0060326759703457355,0.998426079750061
TEST_27115,0.018234213814139366,0.9751957058906555
TEST_27116,0.3084441125392914,0.9844570755958557
TEST_27117,0.10257486999034882,0.8734092712402344
TEST_27118,0.019787102937698364,0.9966914653778076
TEST_27119,0.9725785851478577,0.8847752213478088
TEST_27120,0.001288273255340755,0.9985920786857605
TEST_27121,0.03479139134287834,0.980273962020874
TEST_27122,0.0009100218303501606,0.9992936849594116
TEST_27123,0.1123085543513298,0.9986143112182617
TEST_27124,0.015652405098080635,0.9987127780914307
TEST_27125,0.0008758452022448182,0.9996066689491272
TEST_27126,0.020071998238563538,0.8348041772842407
TEST_27127,0.030611954629421234,0.9838099479675293
TEST_27128,0.04858462139964104,0.9450459480285645
TEST_27129,0.029122652485966682,0.9902439713478088
TEST_27130,0.0035033635795116425,0.9643160104751587
TEST_27131,0.028744561597704887,0.9349062442779541
TEST_27132,0.02306039072573185,0.8492333292961121
TEST_27133,0.05218322202563286,0.8581005334854126
TEST_27134,0.007523868232965469,0.9958235025405884
TEST_27135,0.33500418066978455,0.810560405254364
TEST_27136,0.003215278498828411,0.9959419369697571
TEST_27137,0.01842292957007885,0.9976922273635864
TEST_27138,0.007664945907890797,0.9692593216896057
TEST_27139,0.019525861367583275,0.9982296824455261
TEST_27140,0.0006312491605058312,0.9999945163726807
TEST_27141,0.02671305276453495,0.26482418179512024
TEST_27142,0.08784017711877823,0.9975951313972473
TEST_27143,0.7069485187530518,0.4517398774623871
TEST_27144,0.9807056784629822,0.1277109831571579
TEST_27145,0.006569485180079937,0.999794065952301
TEST_27146,0.0037086429074406624,0.9951483607292175
TEST_27147,0.023099128156900406,0.9962104558944702
TEST_27148,0.4453601539134979,0.5402219295501709
TEST_27149,0.011720831505954266,0.9786357283592224
TEST_27150,0.997610330581665,0.2580171525478363
TEST_27151,0.6888209581375122,0.9383878111839294
TEST_27152,0.0007101683295331895,0.9999915361404419
TEST_27153,0.03542759269475937,0.9114895462989807
TEST_27154,0.10446930676698685,0.8464584350585938
TEST_27155,0.010057466104626656,0.9931145310401917
TEST_27156,0.0014334332663565874,0.9959660768508911
TEST_27157,0.011696938425302505,0.9997732043266296
TEST_27158,0.0625486895442009,0.8885129690170288
TEST_27159,0.9914618730545044,0.3116532862186432
TEST_27160,0.0016208598390221596,0.9829551577568054
TEST_27161,0.17096754908561707,0.8601717352867126
TEST_27162,0.008288081735372543,0.9986684322357178
TEST_27163,0.01722240447998047,0.9565248489379883
TEST_27164,0.0012336093932390213,0.9990812540054321
TEST_27165,0.03200075030326843,0.8955395817756653
TEST_27166,0.0035341528709977865,0.9428027272224426
TEST_27167,0.010471767745912075,0.9676044583320618
TEST_27168,0.005307135172188282,0.9753206372261047
TEST_27169,0.002675521420314908,0.9969426989555359
TEST_27170,0.0031365139875561,0.9996763467788696
TEST_27171,0.06728336960077286,0.7662727236747742
TEST_27172,0.008908810093998909,0.9994562268257141
TEST_27173,0.00972225796431303,0.9941052198410034
TEST_27174,0.004107154905796051,0.9113849997520447
TEST_27175,0.010197429917752743,0.9926018118858337
TEST_27176,0.2624359130859375,0.8807569146156311
TEST_27177,0.004047473892569542,0.9998216032981873
TEST_27178,0.009125679731369019,0.9798170924186707
TEST_27179,0.018670689314603806,0.9739090800285339
TEST_27180,0.040879447013139725,0.9399741888046265
TEST_27181,0.2250516414642334,0.9110822677612305
TEST_27182,0.0032353249844163656,0.9981361627578735
TEST_27183,0.862051248550415,0.026834195479750633
TEST_27184,0.02117537148296833,0.8387922048568726
TEST_27185,0.059709582477808,0.7585594654083252
TEST_27186,0.0021360411774367094,0.9971777200698853
TEST_27187,0.003547237953171134,0.9796751737594604
TEST_27188,0.0246079433709383,0.9864481687545776
TEST_27189,0.11235908418893814,0.27509579062461853
TEST_27190,0.0001319922594120726,0.9999555349349976
TEST_27191,0.01429008599370718,0.8603246808052063
TEST_27192,0.013569831848144531,0.9841588735580444
TEST_27193,0.019934847950935364,0.9996683597564697
TEST_27194,0.017942920327186584,0.9995952248573303
TEST_27195,0.04246661439538002,0.883210301399231
TEST_27196,0.045135509222745895,0.589766800403595
TEST_27197,0.002104146871715784,0.9543362259864807
TEST_27198,0.023613449186086655,0.9675992131233215
TEST_27199,0.017947232350707054,0.9886487126350403
TEST_27200,0.008603577502071857,0.9981006979942322
TEST_27201,0.050743021070957184,0.9281067848205566
TEST_27202,0.011738740839064121,0.5329295992851257
TEST_27203,0.02901330776512623,0.9804721474647522
TEST_27204,0.019024616107344627,0.9950889945030212
TEST_27205,0.011294360272586346,0.995273768901825
TEST_27206,0.041514381766319275,0.9334086775779724
TEST_27207,0.04546782746911049,0.9708115458488464
TEST_27208,0.00678414897993207,0.9761629104614258
TEST_27209,0.011508106254041195,0.8595121502876282
TEST_27210,0.007593928836286068,0.9932889342308044
TEST_27211,0.023235658183693886,0.9608035683631897
TEST_27212,0.02932363748550415,0.9878831505775452
TEST_27213,0.007397010922431946,0.9982866644859314
TEST_27214,0.017992200329899788,0.9652218818664551
TEST_27215,0.998551070690155,0.010488645173609257
TEST_27216,0.9867665767669678,0.8990144729614258
TEST_27217,0.0034212160389870405,0.9967218041419983
TEST_27218,0.056765470653772354,0.7004948258399963
TEST_27219,0.0017161235446110368,0.9976766705513
TEST_27220,0.04138212651014328,0.9946630001068115
TEST_27221,0.043639469891786575,0.9755757451057434
TEST_27222,0.030056731775403023,0.987647533416748
TEST_27223,0.005307525862008333,0.988781750202179
TEST_27224,0.0026253422256559134,0.9997747540473938
TEST_27225,0.1936233937740326,0.9223878979682922
TEST_27226,0.0011965875746682286,0.9947432279586792
TEST_27227,0.07264913618564606,0.8349052667617798
TEST_27228,0.6276410222053528,0.9952548742294312
TEST_27229,0.017641795799136162,0.9920916557312012
TEST_27230,0.00040207779966294765,0.9955185651779175
TEST_27231,0.011646252125501633,0.96612149477005
TEST_27232,0.008982351049780846,0.9540346264839172
TEST_27233,0.007252114359289408,0.9915322661399841
TEST_27234,0.00034621296799741685,0.9995964169502258
TEST_27235,0.007189733441919088,0.9932048320770264
TEST_27236,0.026180917397141457,0.8932029008865356
TEST_27237,0.9999889135360718,2.4958305857580854e-06
TEST_27238,0.01158908847719431,0.9958631992340088
TEST_27239,0.0023822791408747435,0.9709182977676392
TEST_27240,0.027617527171969414,0.9947422742843628
TEST_27241,0.037516720592975616,0.9570053219795227
TEST_27242,0.003763522021472454,0.9942082166671753
TEST_27243,0.03077678754925728,0.9783895015716553
TEST_27244,0.0032640236895531416,0.9995831847190857
TEST_27245,0.6099712252616882,0.969531238079071
TEST_27246,0.0014567184261977673,0.9920316934585571
TEST_27247,0.0006597079918719828,0.9854751825332642
TEST_27248,0.010145206935703754,0.9986931681632996
TEST_27249,0.6419101357460022,0.8503974676132202
TEST_27250,0.0401805154979229,0.9811336994171143
TEST_27251,0.05272458493709564,0.45329591631889343
TEST_27252,0.06004401296377182,0.7077061533927917
TEST_27253,0.001692920457571745,0.999038577079773
TEST_27254,0.10588297247886658,0.8674104809761047
TEST_27255,0.0625399500131607,0.9404615163803101
TEST_27256,0.0037785498425364494,0.9814335703849792
TEST_27257,0.05271607264876366,0.9263469576835632
TEST_27258,0.11357347667217255,0.970005214214325
TEST_27259,0.0032065713312476873,0.9947163462638855
TEST_27260,0.012937212362885475,0.9853516221046448
TEST_27261,0.0028082069475203753,0.999373733997345
TEST_27262,0.036898422986269,0.9248902201652527
TEST_27263,0.028021181002259254,0.9738463163375854
TEST_27264,0.30279573798179626,0.8760080337524414
TEST_27265,0.021571403369307518,0.8378057479858398
TEST_27266,0.04620523378252983,0.9095373749732971
TEST_27267,0.999896764755249,0.001423624693416059
TEST_27268,0.028074271976947784,0.8889182806015015
TEST_27269,0.04621482267975807,0.9479337334632874
TEST_27270,0.045113932341337204,0.8947889804840088
TEST_27271,0.010821658186614513,0.9636388421058655
TEST_27272,0.015305528417229652,0.995265007019043
TEST_27273,0.002457900671288371,0.997963547706604
TEST_27274,0.02893173135817051,0.9530019164085388
TEST_27275,0.03309204801917076,0.8976097106933594
TEST_27276,0.1955588012933731,0.9841951131820679
TEST_27277,0.2779785692691803,0.9419841170310974
TEST_27278,0.017283104360103607,0.9953762292861938
TEST_27279,0.004257579799741507,0.9970535039901733
TEST_27280,0.03704410418868065,0.9746127724647522
TEST_27281,0.01852429285645485,0.9752215147018433
TEST_27282,0.016613608226180077,0.9829785227775574
TEST_27283,0.02817392162978649,0.9979867935180664
TEST_27284,0.02350025437772274,0.24961400032043457
TEST_27285,0.006203872617334127,0.9961166381835938
TEST_27286,0.015288655646145344,0.9677685499191284
TEST_27287,0.1147090271115303,0.9307618737220764
TEST_27288,0.006154205650091171,0.9999933242797852
TEST_27289,0.0226267259567976,0.9238713979721069
TEST_27290,0.03136928752064705,0.9948445558547974
TEST_27291,0.00561872823163867,0.9155611991882324
TEST_27292,0.010042105801403522,0.9701312184333801
TEST_27293,0.016926564276218414,0.9992362260818481
TEST_27294,0.011999099515378475,0.9860144853591919
TEST_27295,0.6998377442359924,0.2184526026248932
TEST_27296,0.0067724063992500305,0.9868448972702026
TEST_27297,0.0014305850490927696,0.9972596168518066
TEST_27298,0.13692687451839447,0.9080859422683716
TEST_27299,0.050604354590177536,0.9924880266189575
TEST_27300,0.6520090103149414,0.7552693486213684
TEST_27301,0.5172876119613647,0.9820389151573181
TEST_27302,0.0012124336790293455,0.9997308850288391
TEST_27303,0.7367677092552185,0.9583552479743958
TEST_27304,0.9839614629745483,0.7913832068443298
TEST_27305,2.9099503080942668e-05,0.9996541738510132
TEST_27306,0.08775495737791061,0.9179114103317261
TEST_27307,0.9711142182350159,0.5440006256103516
TEST_27308,0.9702466726303101,0.5281001329421997
TEST_27309,0.15358854830265045,0.979136049747467
TEST_27310,4.238227484165691e-05,0.9992676377296448
TEST_27311,0.027731304988265038,0.9459981322288513
TEST_27312,0.002494489075616002,0.9984248876571655
TEST_27313,0.37684398889541626,0.9936770796775818
TEST_27314,0.015676697716116905,0.981560468673706
TEST_27315,0.01037504244595766,0.9901922941207886
TEST_27316,0.016631651669740677,0.9826685190200806
TEST_27317,0.0016738357953727245,0.9949023723602295
TEST_27318,0.0014388052513822913,0.9983046054840088
TEST_27319,0.6274836659431458,0.4297412633895874
TEST_27320,0.0814080685377121,0.9393079280853271
TEST_27321,0.014734018594026566,0.8897477984428406
TEST_27322,0.0018426680471748114,0.9981364011764526
TEST_27323,0.6003701090812683,0.8009491562843323
TEST_27324,0.058804962784051895,0.9868035912513733
TEST_27325,0.010812322609126568,0.9696747660636902
TEST_27326,0.017616508528590202,0.9947190284729004
TEST_27327,0.005681775510311127,0.9964781403541565
TEST_27328,0.04844200238585472,0.8622226119041443
TEST_27329,0.02862798608839512,0.9845150709152222
TEST_27330,0.08301931619644165,0.9872548580169678
TEST_27331,0.0007055783062241971,0.9989851117134094
TEST_27332,0.028446633368730545,0.8811913132667542
TEST_27333,0.012642615474760532,0.9870504140853882
TEST_27334,0.0039724791422486305,0.9882563948631287
TEST_27335,0.0021489381324499846,0.999737560749054
TEST_27336,0.8806887865066528,0.8722886443138123
TEST_27337,0.06552029401063919,0.8895614147186279
TEST_27338,0.012006552889943123,0.9911388754844666
TEST_27339,0.026312096044421196,0.8605666160583496
TEST_27340,0.0035027528647333384,0.9794968366622925
TEST_27341,0.052155137062072754,0.929828941822052
TEST_27342,0.01532463263720274,0.6863117814064026
TEST_27343,0.011989345774054527,0.9589452147483826
TEST_27344,0.9999998807907104,0.00037730165058746934
TEST_27345,0.10290874540805817,0.9947199821472168
TEST_27346,0.010359309613704681,0.9933313727378845
TEST_27347,0.02878454700112343,0.7752780914306641
TEST_27348,0.004276433493942022,0.993712842464447
TEST_27349,0.008623081259429455,0.9613621830940247
TEST_27350,0.3156704604625702,0.9708432555198669
TEST_27351,0.0007437138701789081,0.9667889475822449
TEST_27352,0.01604333147406578,0.9933481812477112
TEST_27353,0.0031189084984362125,0.9928922653198242
TEST_27354,0.15508610010147095,0.9992607235908508
TEST_27355,0.9754377007484436,0.916584312915802
TEST_27356,0.031544528901576996,0.9973970651626587
TEST_27357,0.38766685128211975,0.938435971736908
TEST_27358,0.00835166685283184,0.9787068367004395
TEST_27359,0.013553177006542683,0.9436003565788269
TEST_27360,0.14399783313274384,0.8219723701477051
TEST_27361,0.02380446530878544,0.9639529585838318
TEST_27362,0.002539119916036725,0.9926441311836243
TEST_27363,0.01083022728562355,0.9955422282218933
TEST_27364,0.10057567059993744,0.9956455230712891
TEST_27365,0.0025178049691021442,0.9856793284416199
TEST_27366,0.0042426870204508305,0.9955818057060242
TEST_27367,0.0012271397281438112,0.999744713306427
TEST_27368,0.5831286907196045,0.4703243374824524
TEST_27369,0.004140055738389492,0.9985094666481018
TEST_27370,0.995417594909668,0.8232622146606445
TEST_27371,0.002567789750173688,0.9999985694885254
TEST_27372,0.013130037114024162,0.9980249404907227
TEST_27373,0.021473772823810577,0.949554979801178
TEST_27374,0.0018651755526661873,0.9957440495491028
TEST_27375,0.11037236452102661,0.9999876022338867
TEST_27376,0.003919241949915886,0.9854427576065063
TEST_27377,0.0124220484867692,0.9988492727279663
TEST_27378,0.9409128427505493,0.3219732642173767
TEST_27379,0.045030705630779266,0.99591463804245
TEST_27380,0.8997355699539185,0.011670091189444065
TEST_27381,0.037683866918087006,0.9404594898223877
TEST_27382,0.01610296592116356,0.9982576966285706
TEST_27383,0.007383641786873341,0.9992613196372986
TEST_27384,0.05858328938484192,0.9957481026649475
TEST_27385,0.07345088571310043,0.9947465062141418
TEST_27386,0.005449485965073109,0.9992910623550415
TEST_27387,9.648071863921359e-05,0.9966325163841248
TEST_27388,0.06391453742980957,0.8882770538330078
TEST_27389,0.039251018315553665,0.9522640109062195
TEST_27390,0.00047555778292007744,0.9963680505752563
TEST_27391,0.003240403486415744,0.9868505001068115
TEST_27392,0.036539919674396515,0.9910885095596313
TEST_27393,0.443727970123291,0.7890313267707825
TEST_27394,0.008267827332019806,0.9432520866394043
TEST_27395,0.005005757790058851,0.9907400608062744
TEST_27396,0.0004331895906943828,0.9995402097702026
TEST_27397,0.05509323999285698,0.985151469707489
TEST_27398,0.9906732439994812,0.8883485794067383
TEST_27399,0.00275167403742671,0.992676854133606
TEST_27400,0.00037442619213834405,0.9999085664749146
TEST_27401,0.016747279092669487,0.9734053611755371
TEST_27402,0.0006711697205901146,0.9966264963150024
TEST_27403,0.00582402478903532,0.8911021947860718
TEST_27404,0.03283437341451645,0.9620689153671265
TEST_27405,0.04078704118728638,0.9886836409568787
TEST_27406,0.05338190868496895,0.9444505572319031
TEST_27407,0.0016270199557766318,0.9982359409332275
TEST_27408,0.0008031080360524356,0.9984164237976074
TEST_27409,0.05395382270216942,0.9307504296302795
TEST_27410,0.0026740715838968754,0.9954668283462524
TEST_27411,0.001595660112798214,0.9992571473121643
TEST_27412,0.005911105312407017,0.9256834387779236
TEST_27413,0.0037325751036405563,0.997825026512146
TEST_27414,0.0170501209795475,0.9978525638580322
TEST_27415,0.00888805277645588,0.9894165396690369
TEST_27416,0.8519710302352905,0.05840042978525162
TEST_27417,0.003988080658018589,0.9990594983100891
TEST_27418,0.964120626449585,0.8049293756484985
TEST_27419,0.010083097964525223,0.9860844016075134
TEST_27420,0.1927153617143631,0.5130316019058228
TEST_27421,0.005250240210443735,0.9985889792442322
TEST_27422,0.003696711268275976,0.9874425530433655
TEST_27423,0.06771392375230789,0.989562451839447
TEST_27424,0.024853501468896866,0.9825007319450378
TEST_27425,0.010042271576821804,0.9939286708831787
TEST_27426,0.0122104836627841,0.9452561736106873
TEST_27427,0.0803336650133133,0.871548593044281
TEST_27428,0.06030253320932388,0.9582407474517822
TEST_27429,0.4487983286380768,0.25516632199287415
TEST_27430,0.001131585449911654,0.9990779161453247
TEST_27431,0.11546109616756439,0.8521931767463684
TEST_27432,0.5488155484199524,0.08475812524557114
TEST_27433,0.003860206576064229,0.9926570057868958
TEST_27434,0.02517777867615223,0.9773023128509521
TEST_27435,0.013511927798390388,0.8694950342178345
TEST_27436,0.002879036357626319,0.9992315769195557
TEST_27437,0.020393501967191696,0.9931591153144836
TEST_27438,0.001705567236058414,0.9945642948150635
TEST_27439,0.006794612389057875,0.9864584803581238
TEST_27440,0.0016721985302865505,0.9373170733451843
TEST_27441,0.037615980952978134,0.9442059397697449
TEST_27442,0.0010111193405464292,0.9971080422401428
TEST_27443,0.9429281949996948,0.6991221904754639
TEST_27444,0.017893891781568527,0.9733934998512268
TEST_27445,0.040485929697752,0.1272662878036499
TEST_27446,0.0017316623125225306,0.9779083132743835
TEST_27447,0.003007635474205017,0.9981529116630554
TEST_27448,0.01607232168316841,0.9820902347564697
TEST_27449,0.009621798992156982,0.9985290765762329
TEST_27450,0.9725554585456848,0.8524887561798096
TEST_27451,0.22388161718845367,0.8695830702781677
TEST_27452,0.0013758208369836211,0.9949821829795837
TEST_27453,0.01741202175617218,0.9897486567497253
TEST_27454,0.5451269149780273,0.017649216577410698
TEST_27455,0.8493679761886597,0.9879036545753479
TEST_27456,0.0018326044082641602,0.9917369484901428
TEST_27457,0.008049851283431053,0.99979168176651
TEST_27458,0.005326755344867706,0.9938035011291504
TEST_27459,0.08697500824928284,0.9508902430534363
TEST_27460,0.023337213322520256,0.9712807536125183
TEST_27461,0.07970840483903885,0.721859872341156
TEST_27462,0.0007181546534411609,0.9995539784431458
TEST_27463,0.15776315331459045,0.8283088803291321
TEST_27464,0.028387008234858513,0.9902620911598206
TEST_27465,0.044194355607032776,0.8636572360992432
TEST_27466,0.007152605801820755,0.9959681034088135
TEST_27467,0.004449737258255482,0.9635124206542969
TEST_27468,0.006606502924114466,0.9708605408668518
TEST_27469,0.004555653315037489,0.9864873290061951
TEST_27470,0.1722939908504486,0.9476078748703003
TEST_27471,0.031680986285209656,0.9494278430938721
TEST_27472,0.03766174986958504,0.8952562212944031
TEST_27473,0.005322735290974379,0.9942706823348999
TEST_27474,0.021051378920674324,0.8671792149543762
TEST_27475,0.020181741565465927,0.9917778968811035
TEST_27476,0.07752343267202377,0.9884219765663147
TEST_27477,0.8634249567985535,0.738163411617279
TEST_27478,0.9824498891830444,0.6949962973594666
TEST_27479,0.018944045528769493,0.9188466668128967
TEST_27480,0.6219248175621033,0.8944132328033447
TEST_27481,0.002681734273210168,0.9995369911193848
TEST_27482,0.000627041095867753,0.9812126755714417
TEST_27483,0.0008062826236709952,0.9989941716194153
TEST_27484,0.008231974206864834,0.9687039256095886
TEST_27485,0.005362283904105425,0.9720926284790039
TEST_27486,0.0022308507468551397,0.9954034090042114
TEST_27487,0.009906427003443241,0.7673267126083374
TEST_27488,0.0020984364673495293,0.9808578491210938
TEST_27489,0.04063507542014122,0.9041928052902222
TEST_27490,0.03135984018445015,0.9049509763717651
TEST_27491,0.03362078219652176,0.9889551997184753
TEST_27492,0.01135279517620802,0.9990457892417908
TEST_27493,0.12926435470581055,0.9173664450645447
TEST_27494,0.006033082026988268,0.9830868244171143
TEST_27495,0.025289451703429222,0.9594791531562805
TEST_27496,0.09992226213216782,0.9725490212440491
TEST_27497,0.0016554404282942414,0.9994059801101685
TEST_27498,0.008131463080644608,0.9934600591659546
TEST_27499,0.012134571559727192,0.9191674590110779
TEST_27500,2.5751080556801753e-06,0.9999946355819702
TEST_27501,0.4780934751033783,0.9585978388786316
TEST_27502,0.0033238413743674755,0.9994776844978333
TEST_27503,0.018540184944868088,0.9983123540878296
TEST_27504,0.0077439541928470135,0.9820903539657593
TEST_27505,0.01952630840241909,0.9583699107170105
TEST_27506,0.018950605764985085,0.9975249171257019
TEST_27507,0.09137735515832901,0.954274594783783
TEST_27508,0.01629779115319252,0.9927240014076233
TEST_27509,0.45361021161079407,0.9627920985221863
TEST_27510,0.0006574932485818863,0.997947633266449
TEST_27511,0.9840627908706665,0.227731391787529
TEST_27512,0.019296513870358467,0.9944725632667542
TEST_27513,0.03143296018242836,0.9548726677894592
TEST_27514,0.0042859651148319244,0.9977986216545105
TEST_27515,0.0007856888114474714,0.9999974966049194
TEST_27516,0.02984216995537281,0.9963471293449402
TEST_27517,0.14235630631446838,0.875531017780304
TEST_27518,0.003195432713255286,0.9800201654434204
TEST_27519,0.24238771200180054,0.3917643129825592
TEST_27520,0.008019087836146355,0.9938856959342957
TEST_27521,0.06493213027715683,0.8234143853187561
TEST_27522,0.15745066106319427,0.8808824419975281
TEST_27523,0.04749850183725357,0.5929749011993408
TEST_27524,0.0029997974634170532,0.9988904595375061
TEST_27525,0.006787330377846956,0.9957848191261292
TEST_27526,0.05810113996267319,0.9452671408653259
TEST_27527,0.041565246880054474,0.9494678378105164
TEST_27528,0.0010342041496187449,0.9945141077041626
TEST_27529,0.8720340132713318,0.061439260840415955
TEST_27530,0.8458157181739807,0.9780005216598511
TEST_27531,0.9981739521026611,0.09237880259752274
TEST_27532,0.049072347581386566,0.9170671105384827
TEST_27533,0.016968272626399994,0.9979552030563354
TEST_27534,0.045885246247053146,0.9990515112876892
TEST_27535,0.3114851117134094,0.2719026505947113
TEST_27536,0.8487913012504578,0.8647727370262146
TEST_27537,0.25313428044319153,0.9693570137023926
TEST_27538,0.06354337930679321,0.9861912727355957
TEST_27539,0.4485788345336914,0.8523225784301758
TEST_27540,0.028924087062478065,0.9924806356430054
TEST_27541,0.9235431551933289,0.008993002586066723
TEST_27542,0.011361864395439625,0.9896337985992432
TEST_27543,0.0022019490133970976,0.9891365766525269
TEST_27544,0.03559494391083717,0.9994893074035645
TEST_27545,0.0004745990445371717,0.9984904527664185
TEST_27546,0.03564636781811714,0.8836880922317505
TEST_27547,0.0340360589325428,0.8876659870147705
TEST_27548,0.10095641016960144,0.9816615581512451
TEST_27549,0.0985671728849411,0.9572944045066833
TEST_27550,0.0050940923392772675,0.9945441484451294
TEST_27551,0.6223556995391846,0.8424769043922424
TEST_27552,0.31458914279937744,0.5049484372138977
TEST_27553,0.005410313606262207,0.9922698736190796
TEST_27554,0.0016108013223856688,0.9874783754348755
TEST_27555,0.0009843112202361226,0.9998036026954651
TEST_27556,0.0041773696430027485,0.9962717294692993
TEST_27557,0.00311667169444263,0.9939316511154175
TEST_27558,0.0012099889572709799,0.9960914254188538
TEST_27559,0.4625925123691559,0.5904036164283752
TEST_27560,0.02841297537088394,0.9821717143058777
TEST_27561,0.038219813257455826,0.9750255346298218
TEST_27562,0.5022214651107788,0.8312473893165588
TEST_27563,0.001746547408401966,0.9915865659713745
TEST_27564,0.04964083805680275,0.9843130111694336
TEST_27565,0.22329333424568176,0.797343909740448
TEST_27566,0.03210121765732765,0.9936780333518982
TEST_27567,0.0010932751465588808,0.9947575330734253
TEST_27568,0.003174292156472802,0.9191609025001526
TEST_27569,0.6049980521202087,0.0763474702835083
TEST_27570,0.008715123869478703,0.968285083770752
TEST_27571,0.0680127888917923,0.9602348804473877
TEST_27572,0.011054511182010174,0.9886852502822876
TEST_27573,0.2788334786891937,0.8942154049873352
TEST_27574,0.08614762872457504,0.974634051322937
TEST_27575,0.583836019039154,0.7116641998291016
TEST_27576,0.9903486967086792,0.056836776435375214
TEST_27577,0.04729060083627701,0.9131069183349609
TEST_27578,0.1305297613143921,0.993513286113739
TEST_27579,0.07073134183883667,0.9678529500961304
TEST_27580,0.020037364214658737,0.9966809153556824
TEST_27581,0.0022307690232992172,0.9994649291038513
TEST_27582,0.0016722938744351268,0.9969637989997864
TEST_27583,0.34302377700805664,0.9096709489822388
TEST_27584,0.005868163891136646,0.9994788765907288
TEST_27585,0.005963920149952173,0.9978625178337097
TEST_27586,0.005130911711603403,0.9739068150520325
TEST_27587,0.00547694880515337,0.9539501070976257
TEST_27588,0.030672557651996613,0.982079267501831
TEST_27589,0.045895352959632874,0.9995057582855225
TEST_27590,0.027171708643436432,0.849586546421051
TEST_27591,0.011035604402422905,0.9964120984077454
TEST_27592,0.0016407319344580173,0.9966697096824646
TEST_27593,0.0017008032882586122,0.9991142153739929
TEST_27594,0.012283788062632084,0.8943940997123718
TEST_27595,0.0008334856247529387,0.9917207956314087
TEST_27596,0.09699852019548416,0.8397327065467834
TEST_27597,0.4410979151725769,0.9861546158790588
TEST_27598,0.09359399229288101,0.8581947088241577
TEST_27599,0.023921357467770576,0.996991753578186
TEST_27600,0.008814644999802113,0.9846721291542053
TEST_27601,0.006277581211179495,0.9948840737342834
TEST_27602,0.1732953041791916,0.7856888175010681
TEST_27603,0.04098048806190491,0.9903141856193542
TEST_27604,0.9999340772628784,0.0006396326352842152
TEST_27605,0.022549260407686234,0.9200953841209412
TEST_27606,0.001105909002944827,0.9959903359413147
TEST_27607,0.23791545629501343,0.9415149092674255
TEST_27608,0.0024394220672547817,0.9818865060806274
TEST_27609,0.022010739892721176,0.9951797723770142
TEST_27610,0.04427957907319069,0.9745978116989136
TEST_27611,0.009570430032908916,0.963379442691803
TEST_27612,0.005044047255069017,0.9860795140266418
TEST_27613,0.006875707767903805,0.9991108775138855
TEST_27614,0.03642156347632408,0.8989846110343933
TEST_27615,0.028561463579535484,0.9992920160293579
TEST_27616,0.01633436419069767,0.9692108631134033
TEST_27617,0.0012426238972693682,0.9876753091812134
TEST_27618,0.9999195337295532,0.00022554941824637353
TEST_27619,0.003208108013495803,0.9979735016822815
TEST_27620,0.00590039137750864,0.9966875910758972
TEST_27621,0.04331395775079727,0.5979551672935486
TEST_27622,0.0009462323505431414,0.9989853501319885
TEST_27623,0.07711603492498398,0.289686918258667
TEST_27624,0.013976211659610271,0.947933554649353
TEST_27625,0.15861622989177704,0.9143753051757812
TEST_27626,0.030315032228827477,0.8537654876708984
TEST_27627,0.9168981909751892,0.9942500591278076
TEST_27628,0.9943029880523682,0.1868363469839096
TEST_27629,0.18511034548282623,0.965816080570221
TEST_27630,0.6493096351623535,0.8541184067726135
TEST_27631,0.0028278357349336147,0.9990278482437134
TEST_27632,0.0682961568236351,0.8841683268547058
TEST_27633,0.7640110850334167,0.47101840376853943
TEST_27634,0.7080473303794861,0.014081132598221302
TEST_27635,0.12776876986026764,0.5700691342353821
TEST_27636,0.01333661749958992,0.9409232139587402
TEST_27637,0.5570113062858582,0.9658776521682739
TEST_27638,0.0018240059725940228,0.9874880313873291
TEST_27639,0.02084038406610489,0.9447582960128784
TEST_27640,0.033296987414360046,0.8793099522590637
TEST_27641,0.2782271206378937,0.9761545062065125
TEST_27642,0.008179801516234875,0.9415046572685242
TEST_27643,0.038284700363874435,0.9424933195114136
TEST_27644,0.41313520073890686,0.8813906311988831
TEST_27645,0.5477524399757385,0.9799563884735107
TEST_27646,0.0391339547932148,0.6918570399284363
TEST_27647,0.0061047994531691074,0.9719579815864563
TEST_27648,0.01644391193985939,0.9933339953422546
TEST_27649,0.030776353552937508,0.9834470748901367
TEST_27650,7.411927072098479e-05,0.9994732737541199
TEST_27651,0.002852737670764327,0.9974894523620605
TEST_27652,0.004269041121006012,0.9967173933982849
TEST_27653,0.587785005569458,0.9238733053207397
TEST_27654,0.010135075077414513,0.9999356269836426
TEST_27655,0.102131687104702,0.9003511667251587
TEST_27656,0.007497196551412344,0.9941307902336121
TEST_27657,0.02372569963335991,0.9645103812217712
TEST_27658,0.03563231602311134,0.6183884739875793
TEST_27659,0.011656295508146286,0.9990021586418152
TEST_27660,0.004662094637751579,0.9893339276313782
TEST_27661,0.0004540005174931139,0.9991003274917603
TEST_27662,0.0021602846682071686,0.999804675579071
TEST_27663,0.0023357681930065155,0.9984133243560791
TEST_27664,0.005837968084961176,0.9920944571495056
TEST_27665,0.008789886720478535,0.9525442123413086
TEST_27666,0.09798163175582886,0.8789625763893127
TEST_27667,0.013662823475897312,0.9927098751068115
TEST_27668,0.0038103070110082626,0.993802547454834
TEST_27669,0.930439829826355,0.007258113939315081
TEST_27670,0.0007511846488341689,0.9773608446121216
TEST_27671,0.006538372952491045,0.9939619898796082
TEST_27672,0.005868302658200264,0.9990711212158203
TEST_27673,0.03372441604733467,0.998327910900116
TEST_27674,0.0008156041731126606,0.9968752861022949
TEST_27675,0.17435556650161743,0.915675163269043
TEST_27676,0.5476514101028442,0.9050078392028809
TEST_27677,0.02195466123521328,0.9659382700920105
TEST_27678,0.002993935951963067,0.9905529022216797
TEST_27679,0.004671519156545401,0.9886852502822876
TEST_27680,0.004001387860625982,0.9984263181686401
TEST_27681,0.01013678777962923,0.9981591105461121
TEST_27682,0.02847849391400814,0.9973189234733582
TEST_27683,0.0008279781322926283,0.9988835453987122
TEST_27684,0.2181718945503235,0.9709171056747437
TEST_27685,0.012382634915411472,0.9202266931533813
TEST_27686,0.018168913200497627,0.926263689994812
TEST_27687,0.031929437071084976,0.9762503504753113
TEST_27688,0.0195925310254097,0.8563039898872375
TEST_27689,0.043868742883205414,0.9802889227867126
TEST_27690,0.0011698183370754123,0.9972983002662659
TEST_27691,0.008298533037304878,0.9874997735023499
TEST_27692,0.6229717135429382,0.801997721195221
TEST_27693,0.03661464527249336,0.9709782004356384
TEST_27694,0.003079544985666871,0.9974424839019775
TEST_27695,0.008044769987463951,0.8764418363571167
TEST_27696,0.036194220185279846,0.23044876754283905
TEST_27697,0.0010460229823365808,0.9978556036949158
TEST_27698,0.006479223724454641,0.9578388333320618
TEST_27699,0.027912499383091927,0.9452783465385437
TEST_27700,0.9820554852485657,0.30588021874427795
TEST_27701,0.03136904165148735,0.975290834903717
TEST_27702,0.004013110883533955,0.9999568462371826
TEST_27703,0.06931070983409882,0.7071378231048584
TEST_27704,0.0007415927830152214,0.9979552030563354
TEST_27705,0.18946625292301178,0.8292213678359985
TEST_27706,0.036225683987140656,0.904363751411438
TEST_27707,0.013024608604609966,0.9964132905006409
TEST_27708,0.0005882097175344825,0.9968343377113342
TEST_27709,0.5741218328475952,0.2580772638320923
TEST_27710,0.0026423726230859756,0.9625702500343323
TEST_27711,0.009304547682404518,0.9892815351486206
TEST_27712,0.05006833374500275,0.7741783261299133
TEST_27713,0.10243966430425644,0.8494550585746765
TEST_27714,0.01486454252153635,0.9990442395210266
TEST_27715,0.037261899560689926,0.9020986557006836
TEST_27716,0.02019660733640194,0.9971948862075806
TEST_27717,0.12153178453445435,0.9095959067344666
TEST_27718,0.012979020364582539,0.9776356816291809
TEST_27719,0.00721155246719718,0.999998927116394
TEST_27720,0.0014517949894070625,0.992631196975708
TEST_27721,0.01751929707825184,0.9986743927001953
TEST_27722,0.00016670904005877674,0.9996235370635986
TEST_27723,0.009638890624046326,0.9787315130233765
TEST_27724,0.024203866720199585,0.9976261258125305
TEST_27725,0.006624897010624409,0.9924581050872803
TEST_27726,0.08685274422168732,0.9744816422462463
TEST_27727,0.014151901938021183,0.929387092590332
TEST_27728,0.00808239821344614,0.9999231100082397
TEST_27729,0.028736688196659088,0.9849671721458435
TEST_27730,0.056983832269907,0.9855104684829712
TEST_27731,0.0005410791491158307,0.9999884366989136
TEST_27732,0.02658528834581375,0.9993988275527954
TEST_27733,0.00032409641426056623,0.9997342228889465
TEST_27734,0.9947267174720764,0.45832645893096924
TEST_27735,0.001134805497713387,0.9996922016143799
TEST_27736,0.0013256415259093046,0.9982547163963318
TEST_27737,0.12506935000419617,0.9475529789924622
TEST_27738,0.0007060569478198886,0.9830027222633362
TEST_27739,0.0005948789184913039,0.9890251755714417
TEST_27740,0.060307614505290985,0.9998856782913208
TEST_27741,0.03267021104693413,0.9315563440322876
TEST_27742,0.5284290909767151,0.1450881063938141
TEST_27743,0.014961267821490765,0.9929805397987366
TEST_27744,0.0017973575741052628,0.9950005412101746
TEST_27745,0.03229273483157158,0.9767357707023621
TEST_27746,0.0006967898807488382,0.9988827109336853
TEST_27747,0.3779318332672119,0.4909668266773224
TEST_27748,0.011140945367515087,0.9707102179527283
TEST_27749,0.005684098228812218,0.9878047704696655
TEST_27750,0.0035636720713227987,0.8279346227645874
TEST_27751,0.0068899416364729404,0.985541045665741
TEST_27752,0.059980180114507675,0.9154942631721497
TEST_27753,0.02612665295600891,0.9109134078025818
TEST_27754,0.002136958297342062,0.9940496683120728
TEST_27755,0.005443661939352751,0.9995978474617004
TEST_27756,0.014476743526756763,0.994586706161499
TEST_27757,0.06274547427892685,0.8572173118591309
TEST_27758,0.0004845448420383036,0.9999802112579346
TEST_27759,0.1921180635690689,0.7375431656837463
TEST_27760,0.3581485450267792,0.9400836229324341
TEST_27761,0.02433396689593792,0.9847499132156372
TEST_27762,0.00821968074887991,0.9678598642349243
TEST_27763,0.1795577108860016,0.14050650596618652
TEST_27764,0.13622154295444489,0.9261983633041382
TEST_27765,0.41253674030303955,0.8693286776542664
TEST_27766,0.0004893994773738086,0.9983425140380859
TEST_27767,0.014766727574169636,0.973002552986145
TEST_27768,0.1027752012014389,0.555271327495575
TEST_27769,0.0006852878723293543,0.9998645782470703
TEST_27770,0.04361746087670326,0.9833728671073914
TEST_27771,0.011045611463487148,0.9908310770988464
TEST_27772,0.03300148993730545,0.9055337905883789
TEST_27773,0.012986463494598866,0.9419949054718018
TEST_27774,0.0034876789432018995,0.9145652055740356
TEST_27775,0.0010796280112117529,0.9994427561759949
TEST_27776,0.026669297367334366,0.9266596436500549
TEST_27777,0.0027562433388084173,0.9991855025291443
TEST_27778,0.028730792924761772,0.9964491128921509
TEST_27779,0.004746535327285528,0.9928826093673706
TEST_27780,0.007771982811391354,0.9886648654937744
TEST_27781,0.030434060841798782,0.9323320388793945
TEST_27782,0.30542200803756714,0.9871684312820435
TEST_27783,0.0030566018540412188,0.9987887740135193
TEST_27784,0.02873305045068264,0.9634521007537842
TEST_27785,0.024486351758241653,0.9155152440071106
TEST_27786,0.015344168059527874,0.9856928586959839
TEST_27787,0.008123436942696571,0.9532364010810852
TEST_27788,0.0035348599776625633,0.957027018070221
TEST_27789,0.02541450411081314,0.9912080764770508
TEST_27790,0.5426487326622009,0.6694703698158264
TEST_27791,0.012210600078105927,0.990777850151062
TEST_27792,0.0174369215965271,0.990193784236908
TEST_27793,0.23462584614753723,0.9211341142654419
TEST_27794,0.006477566435933113,0.9628152847290039
TEST_27795,0.0025595349725335836,0.9946383833885193
TEST_27796,0.0019353660754859447,0.9999042749404907
TEST_27797,0.0033095586113631725,0.9513394832611084
TEST_27798,0.0053982422687113285,0.9523310661315918
TEST_27799,0.03128546103835106,0.9929753541946411
TEST_27800,0.5445045828819275,0.8898631930351257
TEST_27801,0.9967879056930542,0.0012732289033010602
TEST_27802,0.7884069085121155,0.9552611708641052
TEST_27803,0.007074153516441584,0.9749783277511597
TEST_27804,0.07506442815065384,0.9904403686523438
TEST_27805,0.12387636303901672,0.9987437129020691
TEST_27806,0.5232924222946167,0.7500929832458496
TEST_27807,0.033773962408304214,0.9899307489395142
TEST_27808,0.5568564534187317,0.2144482433795929
TEST_27809,0.0044776867143809795,0.9898399114608765
TEST_27810,0.005513280164450407,0.6638034582138062
TEST_27811,0.0025155222974717617,0.8533499836921692
TEST_27812,0.9998788833618164,0.8566557765007019
TEST_27813,0.47001349925994873,0.010623508132994175
TEST_27814,0.0027369512245059013,0.9999657869338989
TEST_27815,0.005526630207896233,0.9932360053062439
TEST_27816,0.023115284740924835,0.9801319241523743
TEST_27817,0.0007957390625961125,0.9997579455375671
TEST_27818,0.019574861973524094,0.9530389904975891
TEST_27819,0.21742522716522217,0.9267776012420654
TEST_27820,0.004955518525093794,0.8810822367668152
TEST_27821,0.0005678142188116908,0.9996614456176758
TEST_27822,0.20574522018432617,0.992337167263031
TEST_27823,0.11235888302326202,0.34036391973495483
TEST_27824,0.02059282921254635,0.9954512715339661
TEST_27825,0.004251281730830669,0.9658137559890747
TEST_27826,0.048265907913446426,0.9942259192466736
TEST_27827,0.024505289271473885,0.9752798080444336
TEST_27828,0.051436927169561386,0.995273768901825
TEST_27829,0.0011874331394210458,0.9807853698730469
TEST_27830,0.14231857657432556,0.8362938761711121
TEST_27831,0.0004413850256241858,0.9995819926261902
TEST_27832,0.0020912932232022285,0.9855955839157104
TEST_27833,0.015084405429661274,0.9891092777252197
TEST_27834,0.0009465565090067685,0.9948700666427612
TEST_27835,0.9825038313865662,0.015496503561735153
TEST_27836,0.6368309259414673,0.8831501603126526
TEST_27837,0.2352549433708191,0.7996024489402771
TEST_27838,0.014225661754608154,0.9753653407096863
TEST_27839,0.01948447711765766,0.9862047433853149
TEST_27840,0.0001831511181080714,0.9996050000190735
TEST_27841,0.2995486855506897,0.8045551180839539
TEST_27842,0.09494804590940475,0.9816727638244629
TEST_27843,0.020163409411907196,0.9663552641868591
TEST_27844,0.9995653033256531,0.15822400152683258
TEST_27845,0.0017228575889021158,0.9982624650001526
TEST_27846,0.07464035600423813,0.8753892779350281
TEST_27847,0.004579103551805019,0.9950049519538879
TEST_27848,0.35049450397491455,0.8899441361427307
TEST_27849,0.023568153381347656,0.9761077761650085
TEST_27850,0.8881847858428955,0.9229735136032104
TEST_27851,0.03563455864787102,0.9903429746627808
TEST_27852,0.04252792149782181,0.970302402973175
TEST_27853,0.0034927509259432554,0.9756335020065308
TEST_27854,0.0007228969479911029,0.9860895872116089
TEST_27855,0.003248282941058278,0.9932896494865417
TEST_27856,0.667594313621521,0.8797431588172913
TEST_27857,0.038124747574329376,0.8562840223312378
TEST_27858,0.0006260522059164941,0.9967251420021057
TEST_27859,0.0383482351899147,0.864662230014801
TEST_27860,0.00023391468857880682,0.9998390674591064
TEST_27861,0.002515627769753337,0.9984207153320312
TEST_27862,0.005667550954967737,0.99294114112854
TEST_27863,0.028255196288228035,0.8208184838294983
TEST_27864,0.023212147876620293,0.9880695939064026
TEST_27865,0.025479529052972794,0.9401498436927795
TEST_27866,0.02158220484852791,0.6641905903816223
TEST_27867,3.05409703287296e-05,0.9995741248130798
TEST_27868,0.8464764356613159,0.8320949673652649
TEST_27869,0.08285363018512726,0.9270366430282593
TEST_27870,0.001008294988423586,0.9999939203262329
TEST_27871,0.03971847519278526,0.9350899457931519
TEST_27872,0.0030637590680271387,0.9751209020614624
TEST_27873,0.054995350539684296,0.795921266078949
TEST_27874,0.0015434280503541231,0.9919814467430115
TEST_27875,0.8574206233024597,0.8748511075973511
TEST_27876,0.235538512468338,0.722413957118988
TEST_27877,0.39454466104507446,0.08644804358482361
TEST_27878,0.09717708081007004,0.9479679465293884
TEST_27879,0.004232441540807486,0.9984276294708252
TEST_27880,0.007867337204515934,0.9397924542427063
TEST_27881,0.0224577859044075,0.9242615699768066
TEST_27882,0.010911510325968266,0.969579815864563
TEST_27883,0.02394145168364048,0.9574729204177856
TEST_27884,0.07150453329086304,0.9906649589538574
TEST_27885,0.589353084564209,0.21942336857318878
TEST_27886,0.04112209007143974,0.9289613962173462
TEST_27887,0.1904413253068924,0.9938843846321106
TEST_27888,0.01677519828081131,0.9930651187896729
TEST_27889,0.00025262325652875006,0.9999316930770874
TEST_27890,0.006525175645947456,0.9595150351524353
TEST_27891,0.6624148488044739,0.8921080827713013
TEST_27892,0.08177494257688522,0.9700628519058228
TEST_27893,0.003131912089884281,0.5236129760742188
TEST_27894,0.010044025257229805,0.9376693964004517
TEST_27895,0.012672978453338146,0.9987887740135193
TEST_27896,0.9460188150405884,0.8489943146705627
TEST_27897,0.011866251938045025,0.9830925464630127
TEST_27898,0.010582998394966125,0.9806843400001526
TEST_27899,0.040280781686306,0.9952313303947449
TEST_27900,0.007179933600127697,0.9966615438461304
TEST_27901,0.0030940233264118433,0.9992460012435913
TEST_27902,0.04019949212670326,0.9735249876976013
TEST_27903,0.00056501041399315,0.9994909763336182
TEST_27904,0.01557617262005806,0.9940523505210876
TEST_27905,0.0008798953494988382,0.9974601864814758
TEST_27906,0.9197260737419128,0.971504807472229
TEST_27907,0.5463972687721252,0.8374848365783691
TEST_27908,0.0012955502606928349,0.9987452030181885
TEST_27909,0.06951296329498291,0.01471792720258236
TEST_27910,0.0024035274982452393,0.9998574256896973
TEST_27911,0.06683903932571411,0.9557155966758728
TEST_27912,0.0008931886404752731,0.9983354210853577
TEST_27913,0.9611521363258362,0.703122615814209
TEST_27914,0.009361221455037594,0.9837485551834106
TEST_27915,0.0054777078330516815,0.9745318293571472
TEST_27916,0.004330533090978861,0.9591653347015381
TEST_27917,0.9218478202819824,0.13240446150302887
TEST_27918,0.08946072310209274,0.7880979180335999
TEST_27919,0.00209957011975348,0.9999918937683105
TEST_27920,0.02294076606631279,0.8695807456970215
TEST_27921,0.13413867354393005,0.921228289604187
TEST_27922,0.9613651633262634,0.8434165716171265
TEST_27923,0.6836709976196289,0.4675101637840271
TEST_27924,0.45656174421310425,0.8712692260742188
TEST_27925,1.1564990018086974e-05,0.9999512434005737
TEST_27926,0.034174636006355286,0.9134816527366638
TEST_27927,0.0010268193436786532,0.9880950450897217
TEST_27928,0.0034577222540974617,0.9961742758750916
TEST_27929,0.012229437939822674,0.9974083304405212
TEST_27930,0.006960067432373762,0.9831122756004333
TEST_27931,0.02735869400203228,0.9889421463012695
TEST_27932,0.029769031330943108,0.9645991921424866
TEST_27933,0.6509783864021301,0.5589053630828857
TEST_27934,0.6086618900299072,0.9942136406898499
TEST_27935,0.02633332461118698,0.9814122915267944
TEST_27936,0.8382055163383484,0.08839108794927597
TEST_27937,0.5183709263801575,0.8894762396812439
TEST_27938,0.6241065263748169,0.9792395830154419
TEST_27939,0.049360036849975586,0.9900848865509033
TEST_27940,4.0063958294922486e-05,0.9993127584457397
TEST_27941,0.5912591218948364,0.6797056794166565
TEST_27942,0.007040048949420452,0.9948893785476685
TEST_27943,0.0007485962705686688,0.9798683524131775
TEST_27944,0.017438309267163277,0.9953304529190063
TEST_27945,0.054536495357751846,0.8833649754524231
TEST_27946,0.003654708620160818,0.9772645235061646
TEST_27947,0.23987504839897156,0.45030421018600464
TEST_27948,0.004808664321899414,0.993939995765686
TEST_27949,0.0018675472820177674,0.9995967745780945
TEST_27950,0.10138554126024246,0.869926393032074
TEST_27951,0.02231632173061371,0.9998229146003723
TEST_27952,5.4348107369150966e-05,0.9998670816421509
TEST_27953,0.002348429523408413,0.9944451451301575
TEST_27954,0.14415813982486725,0.7802375555038452
TEST_27955,0.997015118598938,0.9100873470306396
TEST_27956,0.06085645779967308,0.8273231983184814
TEST_27957,0.9999849796295166,2.0258086806279607e-05
TEST_27958,0.2865605652332306,0.1518734246492386
TEST_27959,0.0003989521355833858,0.9942112565040588
TEST_27960,0.025675127282738686,0.9632021188735962
TEST_27961,0.012109549716114998,0.9919107556343079
TEST_27962,0.010062542743980885,0.9964498281478882
TEST_27963,0.1717277616262436,0.9592834115028381
TEST_27964,0.0011306361993774772,0.9891455173492432
TEST_27965,0.03641519695520401,0.9709479808807373
TEST_27966,0.13593339920043945,0.9528354406356812
TEST_27967,0.0045636435970664024,0.9998672008514404
TEST_27968,0.0007885108352638781,0.9857775568962097
TEST_27969,0.039430975914001465,0.9216498136520386
TEST_27970,0.0014450467424467206,0.9990057349205017
TEST_27971,0.005884124431759119,0.9979075193405151
TEST_27972,0.017420541495084763,0.9936667084693909
TEST_27973,0.007163011934608221,0.9880824089050293
TEST_27974,0.012523326091468334,0.9964540004730225
TEST_27975,0.001657583867199719,0.9994315505027771
TEST_27976,0.02933281473815441,0.7203126549720764
TEST_27977,0.029463011771440506,0.9603601694107056
TEST_27978,0.0030367623548954725,0.9999276399612427
TEST_27979,0.0027979984879493713,0.9945337772369385
TEST_27980,0.01350387092679739,0.9999998807907104
TEST_27981,0.056358806788921356,0.8310859203338623
TEST_27982,0.033456671983003616,0.906785786151886
TEST_27983,0.01563803292810917,0.9986388087272644
TEST_27984,0.0903225764632225,0.935079038143158
TEST_27985,0.19375059008598328,0.9796852469444275
TEST_27986,0.002375057665631175,0.9868112206459045
TEST_27987,0.003954556304961443,0.9670847058296204
TEST_27988,0.8993484377861023,0.9615199565887451
TEST_27989,0.06343384087085724,0.9131926894187927
TEST_27990,0.0273590050637722,0.9829975366592407
TEST_27991,0.0069630504585802555,0.9665955305099487
TEST_27992,0.005608475301414728,0.9951716065406799
TEST_27993,0.0022531449794769287,0.9984750151634216
TEST_27994,0.006402811035513878,0.9847187399864197
TEST_27995,0.007086869794875383,0.9856622815132141
TEST_27996,0.0043656970374286175,0.9817754030227661
TEST_27997,0.02032652124762535,0.9802398085594177
TEST_27998,0.000761051254812628,0.9997013211250305
TEST_27999,0.012895630672574043,0.9855857491493225
TEST_28000,0.044379912316799164,0.9933770298957825
TEST_28001,0.030543765053153038,0.9523823857307434
TEST_28002,0.9995539784431458,0.9399182796478271
TEST_28003,0.08075486868619919,0.9902357459068298
TEST_28004,0.004504448268562555,0.9999088048934937
TEST_28005,0.02942238189280033,0.9123196601867676
TEST_28006,0.0016151866875588894,0.9989380240440369
TEST_28007,0.0017346604727208614,0.9884021878242493
TEST_28008,0.051311757415533066,0.8293258547782898
TEST_28009,0.01408593263477087,0.983856201171875
TEST_28010,0.05367414280772209,0.921153724193573
TEST_28011,0.96632319688797,0.9388769268989563
TEST_28012,0.010841869749128819,0.9998489618301392
TEST_28013,0.0027040033601224422,0.9986535310745239
TEST_28014,0.012068807147443295,0.9764716029167175
TEST_28015,0.050224438309669495,0.9297842383384705
TEST_28016,0.009346410632133484,0.9540286660194397
TEST_28017,0.03176499530673027,0.9831680655479431
TEST_28018,0.0021965045016258955,0.9871910810470581
TEST_28019,0.0482553169131279,0.896727442741394
TEST_28020,0.028861938044428825,0.9303505420684814
TEST_28021,0.09147213399410248,0.9042428135871887
TEST_28022,0.0027839785907417536,0.9999983310699463
TEST_28023,0.9453991651535034,0.10399602353572845
TEST_28024,0.8836650848388672,0.9779812693595886
TEST_28025,0.0032346502412110567,0.9940060377120972
TEST_28026,0.013555783778429031,0.9680507779121399
TEST_28027,0.03135351091623306,0.9697469472885132
TEST_28028,0.012345743365585804,0.9161153435707092
TEST_28029,0.001746324822306633,0.9908488988876343
TEST_28030,0.05689015984535217,0.94267737865448
TEST_28031,0.021416453644633293,0.9326755404472351
TEST_28032,0.008181937038898468,0.9968453049659729
TEST_28033,0.04319886863231659,0.9339669346809387
TEST_28034,0.10129787772893906,0.9717977643013
TEST_28035,0.038956064730882645,0.9504541158676147
TEST_28036,0.9967073202133179,0.009323867037892342
TEST_28037,0.0011513156350702047,0.9979631900787354
TEST_28038,0.0017120854463428259,0.9986427426338196
TEST_28039,0.009187852963805199,0.9761444926261902
TEST_28040,4.555929626803845e-05,0.999969482421875
TEST_28041,0.002394747920334339,0.998521625995636
TEST_28042,0.3941696584224701,0.8340265154838562
TEST_28043,0.017442092299461365,0.9982635378837585
TEST_28044,0.00983400084078312,0.9889174699783325
TEST_28045,0.00043048954103142023,0.9998706579208374
TEST_28046,0.0003455003025010228,0.9995629191398621
TEST_28047,0.9988449811935425,0.0010068590054288507
TEST_28048,0.07074268907308578,0.926251232624054
TEST_28049,0.005747395567595959,0.9527673721313477
TEST_28050,0.022196410223841667,0.8902087807655334
TEST_28051,0.031305309385061264,0.985729455947876
TEST_28052,0.01259500253945589,0.9897804260253906
TEST_28053,0.018995625898241997,0.9317794442176819
TEST_28054,0.003810927737504244,0.9458799362182617
TEST_28055,0.026370596140623093,0.9951233267784119
TEST_28056,0.737760603427887,0.9040080308914185
TEST_28057,0.13420747220516205,0.9750626087188721
TEST_28058,0.0009428984485566616,0.9997466206550598
TEST_28059,0.006598465144634247,0.9974737763404846
TEST_28060,0.000862038868945092,0.9996486902236938
TEST_28061,0.006915502715855837,0.9986520409584045
TEST_28062,0.011770547367632389,0.9936291575431824
TEST_28063,0.018871920183300972,0.9464515447616577
TEST_28064,0.0006097211735323071,0.9998117089271545
TEST_28065,0.05048871040344238,0.9760953187942505
TEST_28066,0.0018426767783239484,0.999779999256134
TEST_28067,0.5881300568580627,0.7717887759208679
TEST_28068,0.0012434455566108227,0.9283822774887085
TEST_28069,0.028019048273563385,0.998151957988739
TEST_28070,0.0056029572151601315,0.9970080256462097
TEST_28071,0.0011265636421740055,0.9989750385284424
TEST_28072,0.014838081784546375,0.9961643218994141
TEST_28073,0.8545226454734802,0.952613115310669
TEST_28074,0.006745146121829748,0.946114718914032
TEST_28075,0.03462935984134674,0.9976375102996826
TEST_28076,0.028353746980428696,0.897825300693512
TEST_28077,0.11007694154977798,0.8679726123809814
TEST_28078,0.00039725759415887296,0.9995255470275879
TEST_28079,0.4035705327987671,0.8915721774101257
TEST_28080,0.0007648701430298388,0.9994221925735474
TEST_28081,0.009982580319046974,0.9825147986412048
TEST_28082,0.0011844051769003272,0.9816786646842957
TEST_28083,0.0006176502211019397,0.9965971112251282
TEST_28084,0.05091758817434311,0.9910635948181152
TEST_28085,0.005309814587235451,0.9959008097648621
TEST_28086,0.052129924297332764,0.9004072546958923
TEST_28087,0.009315053932368755,0.9459896087646484
TEST_28088,0.03990890085697174,0.9902589321136475
TEST_28089,0.047860290855169296,0.8850609064102173
TEST_28090,0.027322014793753624,0.9834612607955933
TEST_28091,0.11999110877513885,0.9638770222663879
TEST_28092,0.0029078323859721422,0.9885317087173462
TEST_28093,0.010931392200291157,0.8887152075767517
TEST_28094,0.0019783983007073402,0.9324901700019836
TEST_28095,0.014822009950876236,0.9825370907783508
TEST_28096,0.0010908428812399507,0.9991592168807983
TEST_28097,0.47477108240127563,0.9159618020057678
TEST_28098,0.5762420296669006,0.5841616988182068
TEST_28099,0.004380460362881422,0.9971879124641418
TEST_28100,0.1666373759508133,0.9380939602851868
TEST_28101,0.015346717089414597,0.9780513048171997
TEST_28102,0.5440099835395813,0.9858455657958984
TEST_28103,0.016351167112588882,0.9284997582435608
TEST_28104,0.02186950296163559,0.9683558344841003
TEST_28105,0.004205323755741119,0.99970942735672
TEST_28106,0.5160045623779297,0.0034043851774185896
TEST_28107,0.028526728972792625,0.9687566161155701
TEST_28108,0.021984457969665527,0.6588923931121826
TEST_28109,0.0038820067420601845,0.99159836769104
TEST_28110,0.019670167937874794,0.9857811331748962
TEST_28111,0.018752969801425934,0.9544175863265991
TEST_28112,0.002315992023795843,0.9989451766014099
TEST_28113,0.02996589057147503,0.9996564388275146
TEST_28114,0.07764001935720444,0.6883369088172913
TEST_28115,0.5574921369552612,0.8547157645225525
TEST_28116,0.10383988916873932,0.9828474521636963
TEST_28117,0.10498204827308655,0.0910920649766922
TEST_28118,0.008721561171114445,0.9822299480438232
TEST_28119,0.0011685865465551615,0.9975926280021667
TEST_28120,0.02276407741010189,0.7175604701042175
TEST_28121,0.014988387934863567,0.9848237037658691
TEST_28122,0.0319044329226017,0.8984003067016602
TEST_28123,0.0001438739855075255,0.9975259900093079
TEST_28124,0.0011712058912962675,0.9912146329879761
TEST_28125,0.025544488802552223,0.9905085563659668
TEST_28126,0.022137636318802834,0.9974617958068848
TEST_28127,0.04129982739686966,0.7137850522994995
TEST_28128,0.9905479550361633,0.9725120663642883
TEST_28129,0.0028301049023866653,0.967941164970398
TEST_28130,0.008219774812459946,0.987439751625061
TEST_28131,0.017650935798883438,0.9794583320617676
TEST_28132,0.6247282028198242,0.8685662746429443
TEST_28133,0.03324200212955475,0.9982137680053711
TEST_28134,0.008712705224752426,0.9597963094711304
TEST_28135,0.18608307838439941,0.9342193603515625
TEST_28136,0.07307737320661545,0.9701375961303711
TEST_28137,0.005048689898103476,0.9977331161499023
TEST_28138,0.752872884273529,0.8627140522003174
TEST_28139,0.4628417193889618,0.9904676079750061
TEST_28140,1.945048325069365e-06,0.9999563694000244
TEST_28141,0.03838375583291054,0.8843042254447937
TEST_28142,0.08345706015825272,0.5317733287811279
TEST_28143,0.9653420448303223,0.007469777017831802
TEST_28144,0.005531283561140299,0.9995368719100952
TEST_28145,0.20372994244098663,0.7247336506843567
TEST_28146,0.03680681064724922,0.9698176980018616
TEST_28147,0.12490729242563248,0.9752516746520996
TEST_28148,0.05593138560652733,0.8282467126846313
TEST_28149,0.0055219619534909725,0.9182966947555542
TEST_28150,0.0005978477420285344,0.9995201826095581
TEST_28151,0.02199419029057026,0.9972206354141235
TEST_28152,0.0028679061215370893,0.994873583316803
TEST_28153,0.000928625522647053,0.9952945113182068
TEST_28154,0.003869948210194707,0.9998953342437744
TEST_28155,0.03376106545329094,0.9866052269935608
TEST_28156,0.013197189196944237,0.988677442073822
TEST_28157,0.09426247328519821,0.9984912872314453
TEST_28158,0.056148502975702286,0.6970974206924438
TEST_28159,0.03046474978327751,0.9179587364196777
TEST_28160,0.019623376429080963,0.9371874928474426
TEST_28161,0.03924179449677467,0.9929307699203491
TEST_28162,0.6702015399932861,0.9667547345161438
TEST_28163,0.0006897650309838355,0.9893341660499573
TEST_28164,0.013455457985401154,0.9937329888343811
TEST_28165,0.6434922814369202,0.7972545623779297
TEST_28166,0.03615346550941467,0.48928263783454895
TEST_28167,0.001329178223386407,0.9975231289863586
TEST_28168,0.012360310181975365,0.9967067837715149
TEST_28169,0.9991104006767273,0.00029222664306871593
TEST_28170,0.021877741441130638,0.9824309945106506
TEST_28171,0.03228835389018059,0.9910686016082764
TEST_28172,0.03139934688806534,0.9741902351379395
TEST_28173,0.9812057018280029,0.00043358872062526643
TEST_28174,0.018631353974342346,0.9855115413665771
TEST_28175,0.0312342569231987,0.9936172962188721
TEST_28176,0.793630838394165,0.15310639142990112
TEST_28177,0.1286678910255432,0.9614127278327942
TEST_28178,0.017184333875775337,0.9882431626319885
TEST_28179,0.016936494037508965,0.979339063167572
TEST_28180,0.010252350941300392,0.9938154220581055
TEST_28181,0.0031344962771981955,0.9994043111801147
TEST_28182,0.003307666862383485,0.9911758899688721
TEST_28183,0.003002369776368141,0.9934148788452148
TEST_28184,0.041690681129693985,0.9967420697212219
TEST_28185,0.4255393445491791,0.5989625453948975
TEST_28186,0.00017638469580560923,0.9999998807907104
TEST_28187,0.0036346325650811195,0.9290466904640198
TEST_28188,0.02093316614627838,0.9554815292358398
TEST_28189,0.01617119088768959,0.9959020018577576
TEST_28190,0.5222499370574951,0.7788540124893188
TEST_28191,0.10102731734514236,0.9312254190444946
TEST_28192,0.0019084402592852712,0.9936109185218811
TEST_28193,0.0035164940636605024,0.9936874508857727
TEST_28194,0.05397899076342583,0.9574412107467651
TEST_28195,0.0031228794250637293,0.9992596507072449
TEST_28196,0.01443828921765089,0.8432170152664185
TEST_28197,0.026298953220248222,0.9002853035926819
TEST_28198,0.3089366853237152,0.5151144862174988
TEST_28199,0.039162661880254745,0.9913893342018127
TEST_28200,0.9878585338592529,0.8301923274993896
TEST_28201,0.2655465602874756,0.8725337982177734
TEST_28202,0.1032041683793068,0.9935473799705505
TEST_28203,0.005020397249609232,0.9072173833847046
TEST_28204,0.028352953493595123,0.9919048547744751
TEST_28205,0.999180257320404,3.389876656001434e-05
TEST_28206,0.03297428414225578,0.974173367023468
TEST_28207,0.013954837806522846,0.9053007364273071
TEST_28208,0.0011881815735250711,0.835392415523529
TEST_28209,0.0038795589935034513,0.9873801469802856
TEST_28210,0.005501663777977228,0.9988033771514893
TEST_28211,0.05596376210451126,0.9011716842651367
TEST_28212,0.9966950416564941,0.9863240122795105
TEST_28213,0.0094205467030406,0.9006120562553406
TEST_28214,0.10414931178092957,0.9390004873275757
TEST_28215,0.0006769744795747101,0.9982569813728333
TEST_28216,0.014017611742019653,0.9541229605674744
TEST_28217,0.03350428491830826,0.9723865985870361
TEST_28218,0.01700107380747795,0.9739457964897156
TEST_28219,0.004860107786953449,0.9983687996864319
TEST_28220,0.013646484352648258,0.9876064658164978
TEST_28221,0.00189150997903198,0.9985812902450562
TEST_28222,0.01856864057481289,0.9966133236885071
TEST_28223,0.0014619318535551429,0.9954621195793152
TEST_28224,0.02715003676712513,0.9929711222648621
TEST_28225,0.0075538549572229385,0.9986853003501892
TEST_28226,0.00298134284093976,0.9982678890228271
TEST_28227,0.02995895780622959,0.9708084464073181
TEST_28228,0.029265331104397774,0.9892923831939697
TEST_28229,0.018643410876393318,0.9622461795806885
TEST_28230,0.019262636080384254,0.6954743266105652
TEST_28231,0.000170492276083678,0.9995986819267273
TEST_28232,0.06470552831888199,0.9694119095802307
TEST_28233,0.029877623543143272,0.9815249443054199
TEST_28234,0.0006674751057289541,0.9997511506080627
TEST_28235,0.011940883472561836,0.976244330406189
TEST_28236,0.06585555523633957,0.8766140341758728
TEST_28237,0.0008950841729529202,0.9965646862983704
TEST_28238,0.009250227361917496,0.9405540823936462
TEST_28239,0.0005845538107678294,0.9990214109420776
TEST_28240,0.03710426762700081,0.9887220859527588
TEST_28241,0.0012809083564206958,0.9987623691558838
TEST_28242,0.013573158532381058,0.9520711898803711
TEST_28243,0.2658698558807373,0.9624782204627991
TEST_28244,0.009428300894796848,0.9441103339195251
TEST_28245,0.013505274429917336,0.9965735673904419
TEST_28246,0.008046847768127918,0.9613571166992188
TEST_28247,0.0017742731142789125,0.9977384805679321
TEST_28248,0.036965422332286835,0.6310601234436035
TEST_28249,0.13766071200370789,0.2726310193538666
TEST_28250,0.0027400217950344086,0.9968546032905579
TEST_28251,0.5349012613296509,0.9890092015266418
TEST_28252,0.1533626765012741,0.9904860854148865
TEST_28253,0.007061788812279701,0.7143545746803284
TEST_28254,0.04059608280658722,0.940742015838623
TEST_28255,0.0055010998621582985,0.9964795708656311
TEST_28256,0.0020224554464221,0.9978321194648743
TEST_28257,0.0082596680149436,0.9894974231719971
TEST_28258,0.008220816031098366,0.9844663143157959
TEST_28259,0.003046072321012616,0.9997552037239075
TEST_28260,0.0029827323742210865,0.999840497970581
TEST_28261,0.44275930523872375,0.6406857967376709
TEST_28262,0.04904981330037117,0.9961469173431396
TEST_28263,0.03440938517451286,0.8895652890205383
TEST_28264,0.701402485370636,0.2382410168647766
TEST_28265,0.014781400561332703,0.9082594513893127
TEST_28266,0.009783030487596989,0.9942639470100403
TEST_28267,0.043968915939331055,0.8686015605926514
TEST_28268,0.05557113140821457,0.9977425336837769
TEST_28269,0.04521682858467102,0.9785951972007751
TEST_28270,0.012714654207229614,0.9994957447052002
TEST_28271,0.0010812933323904872,0.9970507621765137
TEST_28272,0.01177480723708868,0.9394776225090027
TEST_28273,0.04875550791621208,0.8392385244369507
TEST_28274,0.013216277584433556,0.9396194815635681
TEST_28275,0.005351048894226551,0.8222922086715698
TEST_28276,0.005104656796902418,0.9940885305404663
TEST_28277,0.018810952082276344,0.9921978116035461
TEST_28278,0.006946038454771042,0.9066676497459412
TEST_28279,0.07214781641960144,0.995030403137207
TEST_28280,0.009389742277562618,0.9897279143333435
TEST_28281,0.0009814556688070297,0.9983750581741333
TEST_28282,0.22437894344329834,0.9394700527191162
TEST_28283,0.9878852963447571,0.008603113703429699
TEST_28284,0.011386427097022533,0.9809960126876831
TEST_28285,0.02907681092619896,0.9782171249389648
TEST_28286,0.0009721737587824464,0.9826741814613342
TEST_28287,0.9662705063819885,0.5870577692985535
TEST_28288,0.35691869258880615,0.014478137716650963
TEST_28289,0.02651544287800789,0.13157595694065094
TEST_28290,0.11036964505910873,0.996347963809967
TEST_28291,0.0009569711401127279,0.9997261166572571
TEST_28292,0.0010016669984906912,0.994162380695343
TEST_28293,0.4578080475330353,0.615004301071167
TEST_28294,0.3772573173046112,0.8900234699249268
TEST_28295,0.9269807934761047,0.8238579630851746
TEST_28296,0.049530353397130966,0.9152656197547913
TEST_28297,0.013524365611374378,0.7253209948539734
TEST_28298,0.005287830717861652,0.9977865219116211
TEST_28299,0.008796200156211853,0.9949473142623901
TEST_28300,0.009890394285321236,0.9626895189285278
TEST_28301,0.003695434657856822,0.9914484024047852
TEST_28302,0.007359510753303766,0.9267603158950806
TEST_28303,0.0011446941643953323,0.9942411184310913
TEST_28304,0.030539317056536674,0.9939326643943787
TEST_28305,0.1421530693769455,0.9809231758117676
TEST_28306,0.002547031734138727,0.9999755620956421
TEST_28307,0.0008196809212677181,0.9989221096038818
TEST_28308,0.0014911160105839372,0.9984861016273499
TEST_28309,0.11750530451536179,0.9981932044029236
TEST_28310,0.0015504852635785937,0.9999401569366455
TEST_28311,0.10116738826036453,0.6973356008529663
TEST_28312,0.9935904741287231,0.9323016405105591
TEST_28313,0.007220068480819464,0.8009144067764282
TEST_28314,0.0013684937730431557,0.9999996423721313
TEST_28315,0.004089560825377703,0.9558901190757751
TEST_28316,0.0035380844492465258,0.992277979850769
TEST_28317,0.019704669713974,0.9593403339385986
TEST_28318,0.00019210236496292055,0.9782910346984863
TEST_28319,0.012570386752486229,0.8391030430793762
TEST_28320,0.21507252752780914,0.7004265189170837
TEST_28321,0.043473102152347565,0.9068125486373901
TEST_28322,0.003408858086913824,0.9985604882240295
TEST_28323,0.0189625546336174,0.9829922318458557
TEST_28324,0.11073636263608932,0.9894679188728333
TEST_28325,0.009087398648262024,0.9939589500427246
TEST_28326,0.048728276044130325,0.9134373664855957
TEST_28327,0.03375636413693428,0.998816967010498
TEST_28328,0.045799657702445984,0.98421311378479
TEST_28329,0.4868563115596771,0.9165183305740356
TEST_28330,0.004457710310816765,0.9759027361869812
TEST_28331,0.0002925271401181817,0.9866054654121399
TEST_28332,0.004328222945332527,0.9981479644775391
TEST_28333,0.0006496357382275164,0.9996215105056763
TEST_28334,0.0012688307324424386,0.9998146891593933
TEST_28335,0.11184649914503098,0.9678268432617188
TEST_28336,0.0008254360291175544,0.9987778067588806
TEST_28337,0.016516732051968575,0.9374573230743408
TEST_28338,0.05978340283036232,0.9739364385604858
TEST_28339,0.05495074763894081,0.8732785582542419
TEST_28340,0.0002734240551944822,0.9987936019897461
TEST_28341,0.0005845095147378743,0.994948148727417
TEST_28342,0.08755207806825638,0.888549268245697
TEST_28343,0.004827510565519333,0.9843898415565491
TEST_28344,0.021599598228931427,0.9897655248641968
TEST_28345,0.020915059372782707,0.34193187952041626
TEST_28346,0.4691305458545685,0.0011011967435479164
TEST_28347,0.01181640475988388,0.9982606768608093
TEST_28348,0.014894906431436539,0.9723446369171143
TEST_28349,0.008240129798650742,0.9743354320526123
TEST_28350,0.001701455214060843,0.9995697140693665
TEST_28351,0.026871949434280396,0.5897136926651001
TEST_28352,0.0025083175860345364,0.9978813529014587
TEST_28353,0.05512366443872452,0.9110080599784851
TEST_28354,0.008356465958058834,0.998938262462616
TEST_28355,0.044492561370134354,0.9331640005111694
TEST_28356,0.017333047464489937,0.9990829229354858
TEST_28357,0.09969693422317505,0.9759458899497986
TEST_28358,0.0038221844006329775,0.9975709319114685
TEST_28359,0.01265450194478035,0.9988289475440979
TEST_28360,0.7954571843147278,0.9727466106414795
TEST_28361,0.0007033827132545412,0.9988516569137573
TEST_28362,0.014122944325208664,0.9967126846313477
TEST_28363,0.004564061760902405,0.9986770749092102
TEST_28364,0.9999748468399048,0.0009061676100827754
TEST_28365,0.01756853610277176,0.9129799008369446
TEST_28366,0.0011097312672063708,0.9855857491493225
TEST_28367,0.00466199079528451,0.9991500377655029
TEST_28368,0.003474550088867545,0.9953304529190063
TEST_28369,0.08370812237262726,0.9456431865692139
TEST_28370,0.013138990849256516,0.9843049645423889
TEST_28371,0.21965967118740082,0.8745650053024292
TEST_28372,0.002353884279727936,0.9982736110687256
TEST_28373,0.013812132179737091,0.9994532465934753
TEST_28374,0.18242867290973663,0.9068049788475037
TEST_28375,0.0017462274990975857,0.9986492991447449
TEST_28376,0.07623516768217087,0.8464202880859375
TEST_28377,0.0019195929635316133,0.9999978542327881
TEST_28378,0.12479884922504425,0.8892598748207092
TEST_28379,0.9989462494850159,0.14667350053787231
TEST_28380,0.04641672968864441,0.9370014071464539
TEST_28381,0.008712969720363617,0.9718520641326904
TEST_28382,0.8512108325958252,0.8612295389175415
TEST_28383,0.0024497280828654766,0.9859126210212708
TEST_28384,0.002147770719602704,0.9037823677062988
TEST_28385,0.0006625155219808221,0.9982878565788269
TEST_28386,0.2538776099681854,0.34319448471069336
TEST_28387,0.8685883283615112,0.8109474778175354
TEST_28388,0.0072072697803378105,0.9866982698440552
TEST_28389,0.30179595947265625,0.6940363645553589
TEST_28390,0.010125845670700073,0.9991437196731567
TEST_28391,0.008991939947009087,0.993684709072113
TEST_28392,0.09871619194746017,0.4773275554180145
TEST_28393,0.6334524154663086,0.8589642643928528
TEST_28394,0.00811226386576891,0.9857214689254761
TEST_28395,0.989928662776947,0.520469069480896
TEST_28396,0.20579242706298828,0.8749483823776245
TEST_28397,0.00015260730287991464,0.9998582601547241
TEST_28398,0.002378073986619711,0.9965233206748962
TEST_28399,0.017384761944413185,0.9540208578109741
TEST_28400,0.0074861557222902775,0.9952310919761658
TEST_28401,0.0014170125359669328,0.9374414682388306
TEST_28402,0.9275866150856018,0.20471781492233276
TEST_28403,0.003796579549089074,0.997918426990509
TEST_28404,0.7734948396682739,0.018580690026283264
TEST_28405,0.0004070889262948185,0.9980134963989258
TEST_28406,0.019384292885661125,0.9678393006324768
TEST_28407,0.07106476277112961,0.7190980911254883
TEST_28408,0.004027239512652159,0.9953987002372742
TEST_28409,0.007203179877251387,0.9963110089302063
TEST_28410,0.003884456353262067,0.9998310804367065
TEST_28411,0.04808278754353523,0.905249834060669
TEST_28412,0.006865623872727156,0.9917844533920288
TEST_28413,0.02061912603676319,0.8879848122596741
TEST_28414,0.0052498565055429935,0.9826136231422424
TEST_28415,0.019037844613194466,0.9679386019706726
TEST_28416,0.3396129310131073,0.5204033255577087
TEST_28417,0.008414624258875847,0.9475806951522827
TEST_28418,0.04130680114030838,0.9081389904022217
TEST_28419,0.3581754267215729,0.9076321721076965
TEST_28420,0.05450284481048584,0.8350360989570618
TEST_28421,0.14050886034965515,0.9747999906539917
TEST_28422,0.006178131327033043,0.9973408579826355
TEST_28423,0.9879451990127563,0.000394317670725286
TEST_28424,0.007936364971101284,0.9969007968902588
TEST_28425,0.856393039226532,0.9514282941818237
TEST_28426,0.009204824455082417,0.9817714691162109
TEST_28427,0.0026445554103702307,0.9874320030212402
TEST_28428,0.9997820258140564,0.0003627537516877055
TEST_28429,0.05396413803100586,0.9256696105003357
TEST_28430,0.076190285384655,0.9158424139022827
TEST_28431,0.011648382060229778,0.9965932965278625
TEST_28432,0.0018259577918797731,0.9938739538192749
TEST_28433,0.011796610429883003,0.9183763265609741
TEST_28434,0.04888864606618881,0.9766891002655029
TEST_28435,0.002524218987673521,0.9964320659637451
TEST_28436,0.003735895734280348,0.981663703918457
TEST_28437,0.033327870070934296,0.9898861646652222
TEST_28438,0.002558938693255186,0.9988788962364197
TEST_28439,0.04125931113958359,0.9637548327445984
TEST_28440,0.022883176803588867,0.9973101615905762
TEST_28441,0.141593337059021,0.9974174499511719
TEST_28442,0.0007294723764061928,0.9026235938072205
TEST_28443,0.008267280645668507,0.9939742684364319
TEST_28444,0.00011328610708005726,0.9999934434890747
TEST_28445,0.5592350363731384,0.4403787851333618
TEST_28446,0.09544715285301208,0.9801412224769592
TEST_28447,0.013586713001132011,0.9958727955818176
TEST_28448,0.12722423672676086,0.8514333367347717
TEST_28449,0.012526416219770908,0.9945412278175354
TEST_28450,0.006298969034105539,0.989990234375
TEST_28451,0.0013663754798471928,0.9960201382637024
TEST_28452,0.00521760294213891,0.9997318387031555
TEST_28453,0.027923835441470146,0.8944852352142334
TEST_28454,0.8818870782852173,0.6896631121635437
TEST_28455,0.0010196330258622766,0.9975382089614868
TEST_28456,0.007585466839373112,0.9924201369285583
TEST_28457,0.004689020570367575,0.9987062215805054
TEST_28458,0.09574753046035767,0.8933862447738647
TEST_28459,0.06318198889493942,0.9793298840522766
TEST_28460,0.013965608552098274,0.9995782971382141
TEST_28461,0.9992856383323669,0.11455373466014862
TEST_28462,0.9548389911651611,0.6181392669677734
TEST_28463,0.07313599437475204,0.8556910157203674
TEST_28464,0.003978230059146881,0.9775746464729309
TEST_28465,0.00661317165941,0.3190981149673462
TEST_28466,0.006115537136793137,0.9962400197982788
TEST_28467,0.06343721598386765,0.9780027270317078
TEST_28468,0.004067590925842524,0.9757640957832336
TEST_28469,0.044969648122787476,0.37567129731178284
TEST_28470,0.008567358367145061,0.9280031323432922
TEST_28471,0.02258905954658985,0.9636496901512146
TEST_28472,0.09538622200489044,0.876402735710144
TEST_28473,0.02080133929848671,0.9229704737663269
TEST_28474,0.4915773272514343,0.9906671643257141
TEST_28475,0.05140405148267746,0.9853743314743042
TEST_28476,0.0028983415104448795,0.9929216504096985
TEST_28477,0.004419225733727217,0.9601179361343384
TEST_28478,0.2810172140598297,0.7989295721054077
TEST_28479,0.0028730074409395456,0.992629885673523
TEST_28480,0.05205608531832695,0.9958053827285767
TEST_28481,0.012526404112577438,0.9930633902549744
TEST_28482,0.011559375561773777,0.9596647620201111
TEST_28483,0.0016161237144842744,0.9999257326126099
TEST_28484,0.00973961316049099,0.9945459365844727
TEST_28485,0.009958142414689064,0.9668033123016357
TEST_28486,0.24018411338329315,0.9795613884925842
TEST_28487,0.03366217762231827,0.9782474637031555
TEST_28488,0.34913092851638794,0.6319136619567871
TEST_28489,0.012383516877889633,0.9593984484672546
TEST_28490,0.048947952687740326,0.9995465874671936
TEST_28491,0.9866464138031006,0.49002331495285034
TEST_28492,0.022402366623282433,0.9624868631362915
TEST_28493,0.010201901197433472,0.9376245141029358
TEST_28494,0.001459623919799924,0.9954018592834473
TEST_28495,0.027264054864645004,0.9206230044364929
TEST_28496,0.9954888224601746,0.478666752576828
TEST_28497,0.062424980103969574,0.6953579187393188
TEST_28498,0.0032658036798238754,0.9868196249008179
TEST_28499,0.0033810087479650974,0.8787695169448853
TEST_28500,0.002100368496030569,0.9984896183013916
TEST_28501,0.01473566610366106,0.9227251410484314
TEST_28502,0.028474003076553345,0.9995505213737488
TEST_28503,0.0071436441503465176,0.9528899788856506
TEST_28504,0.00896784570068121,0.9894140958786011
TEST_28505,0.0006361763225868344,0.9967077970504761
TEST_28506,0.016876673325896263,0.9889305233955383
TEST_28507,0.03093566559255123,0.9608873724937439
TEST_28508,0.030119678005576134,0.9893887639045715
TEST_28509,0.03692210465669632,0.4040050804615021
TEST_28510,0.04552185907959938,0.9946774244308472
TEST_28511,0.04045433923602104,0.9609944224357605
TEST_28512,0.007187762763351202,0.9227589964866638
TEST_28513,0.705673336982727,0.5988980531692505
TEST_28514,0.6297193765640259,0.9939437508583069
TEST_28515,6.511063111247495e-05,1.0
TEST_28516,0.03600367158651352,0.9976344108581543
TEST_28517,0.004597089719027281,0.9965586066246033
TEST_28518,0.03754541650414467,0.9157556891441345
TEST_28519,0.9999526739120483,0.00012690342555288225
TEST_28520,0.5320231318473816,0.9510635733604431
TEST_28521,0.017912160605192184,0.9938699007034302
TEST_28522,0.0030753726605325937,0.9975730776786804
TEST_28523,0.0036553889513015747,0.9667665362358093
TEST_28524,0.0021009051706641912,0.9943522214889526
TEST_28525,0.0020437692292034626,0.9990087151527405
TEST_28526,0.0031700371764600277,0.9999984502792358
TEST_28527,0.00664857542142272,0.995253324508667
TEST_28528,0.01232518907636404,0.999420166015625
TEST_28529,0.014192866161465645,0.9987230896949768
TEST_28530,0.01343996450304985,0.9968751668930054
TEST_28531,0.007802643347531557,0.9811014533042908
TEST_28532,0.0236614141613245,0.9391680955886841
TEST_28533,0.020555749535560608,0.9981955885887146
TEST_28534,0.0032244545873254538,0.9982238411903381
TEST_28535,0.288348525762558,0.9675495028495789
TEST_28536,0.002019640523940325,0.9948225021362305
TEST_28537,0.0008261371403932571,0.957300066947937
TEST_28538,0.002187145873904228,0.9684311747550964
TEST_28539,0.584373950958252,0.8747908473014832
TEST_28540,0.9862011075019836,0.5172329545021057
TEST_28541,0.0007566119311377406,0.9987486600875854
TEST_28542,0.004688597749918699,0.9708554744720459
TEST_28543,0.00044727319618687034,0.9825270771980286
TEST_28544,0.0028628907166421413,0.9823963642120361
TEST_28545,0.033597592264413834,0.9323580265045166
TEST_28546,0.5142553448677063,0.9803391098976135
TEST_28547,0.0021834620274603367,0.9993208646774292
TEST_28548,0.02108771540224552,0.9390565156936646
TEST_28549,0.06769737601280212,0.8169785737991333
TEST_28550,0.0036771264858543873,0.993567168712616
TEST_28551,0.009342089295387268,0.9817572236061096
TEST_28552,0.038909897208213806,0.9629573822021484
TEST_28553,0.04393062740564346,0.8577617406845093
TEST_28554,0.008490086533129215,0.9598011374473572
TEST_28555,0.018231714144349098,0.979381263256073
TEST_28556,0.0012547187507152557,0.9966086149215698
TEST_28557,0.004082889761775732,0.998846173286438
TEST_28558,0.005353816784918308,0.9984740614891052
TEST_28559,0.029286706820130348,0.9732855558395386
TEST_28560,0.011591640301048756,0.9946227073669434
TEST_28561,0.012447056360542774,0.9827552437782288
TEST_28562,0.004379975609481335,0.9730226397514343
TEST_28563,0.1753440499305725,0.8736571669578552
TEST_28564,0.29466304183006287,0.24259519577026367
TEST_28565,0.08001666516065598,0.9115241169929504
TEST_28566,0.15478897094726562,0.7587200999259949
TEST_28567,0.009307075291872025,0.9960993528366089
TEST_28568,0.9916372895240784,0.8339757919311523
TEST_28569,0.0023675921838730574,0.9789236187934875
TEST_28570,0.011829201132059097,0.9997327923774719
TEST_28571,0.0021523928735405207,0.9976964592933655
TEST_28572,0.05683407932519913,0.9200564026832581
TEST_28573,0.00526886573061347,0.9922353625297546
TEST_28574,0.004705450497567654,0.9984166622161865
TEST_28575,0.07094800472259521,0.8840351104736328
TEST_28576,0.038177914917469025,0.34701260924339294
TEST_28577,0.456581711769104,0.9001508355140686
TEST_28578,0.004734431393444538,0.9837603569030762
TEST_28579,0.00024534467956982553,0.9991539716720581
TEST_28580,0.0021475600078701973,0.9971300959587097
TEST_28581,0.8565805554389954,0.6723318099975586
TEST_28582,0.009190188720822334,0.9924072623252869
TEST_28583,0.0018974420381709933,0.9814426302909851
TEST_28584,0.020754963159561157,0.5504868626594543
TEST_28585,0.01248972862958908,0.9881309270858765
TEST_28586,0.004880283027887344,0.955092191696167
TEST_28587,0.002767040394246578,0.9274232387542725
TEST_28588,0.003588257124647498,0.9884321093559265
TEST_28589,0.9774341583251953,0.06881412863731384
TEST_28590,0.010671931318938732,0.9961445331573486
TEST_28591,0.9905533194541931,0.028064914047718048
TEST_28592,0.508394718170166,0.8913893699645996
TEST_28593,0.0030020943377166986,0.9972919821739197
TEST_28594,0.01495902519673109,0.9724736213684082
TEST_28595,0.014010652899742126,0.9761413335800171
TEST_28596,0.006325399037450552,0.8097742199897766
TEST_28597,0.5248501896858215,0.7474788427352905
TEST_28598,0.0062282332219183445,0.9992524981498718
TEST_28599,0.01304145809262991,0.9951125979423523
TEST_28600,0.027487078681588173,0.9818296432495117
TEST_28601,0.012034856714308262,0.9888647794723511
TEST_28602,0.0015451691579073668,0.9994213581085205
TEST_28603,0.00651207659393549,0.9908673763275146
TEST_28604,0.0004621549160219729,0.9985039234161377
TEST_28605,0.30932512879371643,0.970763623714447
TEST_28606,0.002540652872994542,0.9999992847442627
TEST_28607,0.03786925971508026,0.8782927989959717
TEST_28608,0.0015101309400051832,0.9864568114280701
TEST_28609,0.009827828034758568,0.9888357520103455
TEST_28610,0.001956503838300705,0.9995648264884949
TEST_28611,0.004005007911473513,0.8421689867973328
TEST_28612,0.056272879242897034,0.8075164556503296
TEST_28613,0.13389082252979279,0.990763247013092
TEST_28614,0.2821599245071411,0.4067038893699646
TEST_28615,0.9961289167404175,0.0006624909001402557
TEST_28616,0.2686688005924225,0.2587336301803589
TEST_28617,0.9832662343978882,0.07757693529129028
TEST_28618,0.021201226860284805,0.9953913688659668
TEST_28619,0.003922117408365011,0.9997461438179016
TEST_28620,0.0028567675035446882,0.9141163229942322
TEST_28621,0.9109696745872498,0.796440601348877
TEST_28622,0.02503955364227295,0.9955348968505859
TEST_28623,0.027161819860339165,0.9969817996025085
TEST_28624,0.021141422912478447,0.9986501336097717
TEST_28625,0.18527530133724213,0.8552910089492798
TEST_28626,0.05408376455307007,0.995899498462677
TEST_28627,0.007674076594412327,0.9873129725456238
TEST_28628,0.003735101083293557,0.9973651766777039
TEST_28629,0.02242381125688553,0.9556556940078735
TEST_28630,0.006435113959014416,0.9979090690612793
TEST_28631,0.003684175433591008,0.9669833779335022
TEST_28632,0.0033560916781425476,0.9968300461769104
TEST_28633,0.01860036328434944,0.9870191812515259
TEST_28634,0.058040376752614975,0.8932086229324341
TEST_28635,0.017509793862700462,0.993445634841919
TEST_28636,0.0031432751566171646,0.9892066717147827
TEST_28637,0.99959796667099,0.0001734553079586476
TEST_28638,0.02066493220627308,0.9912101030349731
TEST_28639,0.027874356135725975,0.9967700242996216
TEST_28640,0.03020515665411949,0.9243934750556946
TEST_28641,0.02665996551513672,0.9950703382492065
TEST_28642,0.007908182218670845,0.9960247278213501
TEST_28643,0.00024204098735935986,0.9985560774803162
TEST_28644,0.001739882631227374,0.9929775595664978
TEST_28645,0.03604866936802864,0.986354410648346
TEST_28646,0.42167702317237854,0.9140591621398926
TEST_28647,0.25636011362075806,0.984279990196228
TEST_28648,0.15208517014980316,0.7907475233078003
TEST_28649,0.014274872839450836,0.9891156554222107
TEST_28650,0.1758575588464737,0.8272178769111633
TEST_28651,0.013144439086318016,0.9993695616722107
TEST_28652,0.00542721850797534,0.9971948862075806
TEST_28653,0.017463982105255127,0.9991130232810974
TEST_28654,0.0006621712236665189,0.9976263642311096
TEST_28655,0.10273510217666626,0.8679428100585938
TEST_28656,0.01885037124156952,0.9515606164932251
TEST_28657,0.04342692717909813,0.9181733727455139
TEST_28658,0.18804942071437836,0.698788046836853
TEST_28659,0.02944028750061989,0.9750089049339294
TEST_28660,0.018701639026403427,0.9911342263221741
TEST_28661,0.005175957456231117,0.8589336276054382
TEST_28662,0.0007558395154774189,0.9994297623634338
TEST_28663,0.03876273334026337,0.9968948364257812
TEST_28664,0.0057073356583714485,0.9606010317802429
TEST_28665,0.018093286082148552,0.7383140921592712
TEST_28666,0.015780547633767128,0.983372151851654
TEST_28667,0.6136104464530945,0.8990280628204346
TEST_28668,0.9997560381889343,0.0006082588224671781
TEST_28669,0.006761480588465929,0.9655873775482178
TEST_28670,0.022746458649635315,0.9449226260185242
TEST_28671,0.4077065587043762,0.9222249388694763
TEST_28672,0.03009088523685932,0.9878008365631104
TEST_28673,0.03300157189369202,0.9315061569213867
TEST_28674,0.008923710323870182,0.9919488430023193
TEST_28675,0.43742501735687256,0.6154986619949341
TEST_28676,0.04820659011602402,0.2064151167869568
TEST_28677,0.00889396108686924,0.9953798055648804
TEST_28678,0.005973544903099537,0.9995673298835754
TEST_28679,0.00250797881744802,0.9817323088645935
TEST_28680,0.9993157386779785,6.037418279447593e-05
TEST_28681,0.04793400317430496,0.9662657380104065
TEST_28682,0.11890561133623123,0.9440438151359558
TEST_28683,0.006396537646651268,0.9922317266464233
TEST_28684,0.1471627950668335,0.875464141368866
TEST_28685,0.0018788859015330672,0.9981708526611328
TEST_28686,0.006139541510492563,0.9975118637084961
TEST_28687,0.0003972566919401288,0.9994018077850342
TEST_28688,0.027079889550805092,0.9685452580451965
TEST_28689,0.0004905568202957511,0.9999991655349731
TEST_28690,0.007000416982918978,0.8221024870872498
TEST_28691,0.01637393981218338,0.9736551642417908
TEST_28692,0.15974180400371552,0.028281323611736298
TEST_28693,0.0014518816024065018,0.9964415431022644
TEST_28694,0.07272275537252426,0.841272234916687
TEST_28695,0.0020313882268965244,0.9959356784820557
TEST_28696,0.01838163658976555,0.9860187768936157
TEST_28697,0.0013525846879929304,0.9998045563697815
TEST_28698,0.0669761598110199,0.9774632453918457
TEST_28699,0.001040776027366519,0.9969444870948792
TEST_28700,0.08973843604326248,0.8806368112564087
TEST_28701,0.017759473994374275,0.7323116660118103
TEST_28702,0.055298324674367905,0.9532766938209534
TEST_28703,0.019626524299383163,0.9828640222549438
TEST_28704,0.036783233284950256,0.982174277305603
TEST_28705,0.3330152928829193,0.7881746292114258
TEST_28706,0.0021227742545306683,0.9990538954734802
TEST_28707,0.039482481777668,0.9090515971183777
TEST_28708,0.7875121831893921,0.9566039443016052
TEST_28709,0.003763378830626607,0.9987136125564575
TEST_28710,0.005083973985165358,0.9905863404273987
TEST_28711,0.35709071159362793,0.9598481059074402
TEST_28712,0.12019918859004974,0.9910257458686829
TEST_28713,0.07977907359600067,0.964549720287323
TEST_28714,0.006666041444987059,0.9876258969306946
TEST_28715,0.9996951818466187,0.04952766373753548
TEST_28716,0.011375406756997108,0.10963103175163269
TEST_28717,0.03017466887831688,0.9290968179702759
TEST_28718,0.0038775985594838858,0.9860066175460815
TEST_28719,0.017194347456097603,0.9757330417633057
TEST_28720,0.003797526704147458,0.942399263381958
TEST_28721,0.9459649324417114,0.30512839555740356
TEST_28722,0.013032193295657635,0.9958387613296509
TEST_28723,0.002126834588125348,0.9990441203117371
TEST_28724,0.0069299666211009026,0.9282480478286743
TEST_28725,0.01221766322851181,0.9578037261962891
TEST_28726,0.024895526468753815,0.9925988912582397
TEST_28727,0.0030832584016025066,0.9730437397956848
TEST_28728,0.8896251916885376,0.7799534201622009
TEST_28729,0.004991584923118353,0.999991774559021
TEST_28730,0.013093087822198868,0.9855465888977051
TEST_28731,0.33591219782829285,0.652553379535675
TEST_28732,0.0009723326656967402,0.9973493814468384
TEST_28733,0.009286104701459408,0.9941458702087402
TEST_28734,0.007010231725871563,0.9946203231811523
TEST_28735,0.04309481382369995,0.673957347869873
TEST_28736,0.011067185550928116,0.9701099991798401
TEST_28737,0.0025583095848560333,0.9976401329040527
TEST_28738,0.01588493213057518,0.9078437685966492
TEST_28739,0.038556359708309174,0.9600021243095398
TEST_28740,0.07950334250926971,0.9037567973136902
TEST_28741,0.7899947762489319,0.9328969120979309
TEST_28742,0.03561210632324219,0.9550085663795471
TEST_28743,0.013837173581123352,0.9528787732124329
TEST_28744,0.002483047777786851,0.9960243701934814
TEST_28745,0.1878022700548172,0.7903928160667419
TEST_28746,0.9989510774612427,2.384783874731511e-05
TEST_28747,0.0011588030029088259,0.998263418674469
TEST_28748,0.02921351231634617,0.9904839992523193
TEST_28749,7.605880091432482e-05,0.9998372793197632
TEST_28750,0.005659181158989668,0.9422322511672974
TEST_28751,0.03782675787806511,0.9008397459983826
TEST_28752,0.007934896275401115,0.9306700229644775
TEST_28753,0.031817302107810974,0.9656354188919067
TEST_28754,0.002852501580491662,0.9994015693664551
TEST_28755,0.0162458885461092,0.9998568296432495
TEST_28756,0.03399413079023361,0.9607039093971252
TEST_28757,0.04419348016381264,0.9805020689964294
TEST_28758,0.023178594186902046,0.9856120347976685
TEST_28759,0.009214840829372406,0.9796127080917358
TEST_28760,0.01240834966301918,0.9261958599090576
TEST_28761,0.0008257778245024383,0.9993234872817993
TEST_28762,0.0006661862134933472,0.9986746311187744
TEST_28763,0.09515894949436188,0.9847114086151123
TEST_28764,0.039742082357406616,0.9669235348701477
TEST_28765,0.9996399879455566,6.953669071663171e-05
TEST_28766,0.15083950757980347,0.038798678666353226
TEST_28767,0.00022092672588769346,0.9999994039535522
TEST_28768,0.03307086601853371,0.91544109582901
TEST_28769,0.01738577149808407,0.9910570383071899
TEST_28770,0.04498215392231941,0.7899929285049438
TEST_28771,0.08102986961603165,0.9897480010986328
TEST_28772,0.9383441209793091,0.9794170260429382
TEST_28773,0.008340115658938885,0.9731676578521729
TEST_28774,0.0026061423122882843,0.8877997994422913
TEST_28775,0.995841920375824,0.4864659905433655
TEST_28776,0.015659678727388382,0.9630717039108276
TEST_28777,0.013385246507823467,0.9994277358055115
TEST_28778,0.4922899007797241,0.995776891708374
TEST_28779,0.6236234903335571,0.22158877551555634
TEST_28780,0.09728703647851944,0.9179264903068542
TEST_28781,0.05900350213050842,0.9817571043968201
TEST_28782,0.003678073873743415,0.9994807839393616
TEST_28783,0.22063997387886047,0.9490697383880615
TEST_28784,0.03494160994887352,0.9977666139602661
TEST_28785,0.002262359019368887,0.9998342990875244
TEST_28786,0.03313956409692764,0.865081250667572
TEST_28787,0.05383826419711113,0.9889206290245056
TEST_28788,0.054387178272008896,0.8156000375747681
TEST_28789,0.0031880976166576147,0.9753480553627014
TEST_28790,0.0037106729578226805,0.9749873876571655
TEST_28791,0.0016723417211323977,0.977168083190918
TEST_28792,0.05267956480383873,0.853095293045044
TEST_28793,0.0007553196046501398,0.9979153275489807
TEST_28794,0.06496419757604599,0.9847212433815002
TEST_28795,0.017771657556295395,0.9969518184661865
TEST_28796,0.059020038694143295,0.9946160912513733
TEST_28797,0.002105619991198182,0.9998612403869629
TEST_28798,0.356039822101593,0.993145227432251
TEST_28799,0.08256863057613373,0.8722545504570007
TEST_28800,0.006391296628862619,0.9947184324264526
TEST_28801,0.11028193682432175,0.9756538271903992
TEST_28802,0.0201838631182909,0.9905800223350525
TEST_28803,0.010618587024509907,0.9665247797966003
TEST_28804,0.17201662063598633,0.9980440139770508
TEST_28805,0.005460149608552456,0.9579840898513794
TEST_28806,0.002868350362405181,0.9967764019966125
TEST_28807,0.002299139741808176,0.9998670816421509
TEST_28808,0.2885200083255768,0.8741642832756042
TEST_28809,0.452097624540329,0.8399002552032471
TEST_28810,0.032438501715660095,0.993514895439148
TEST_28811,0.0013218580279499292,0.9966874718666077
TEST_28812,0.0007792948163114488,0.9954778552055359
TEST_28813,0.005356605164706707,0.9909558892250061
TEST_28814,0.25797805190086365,0.9009028077125549
TEST_28815,0.9991951584815979,3.491407187539153e-05
TEST_28816,0.12121722102165222,0.8097580671310425
TEST_28817,0.019535504281520844,0.9595886468887329
TEST_28818,0.01565748266875744,0.989007830619812
TEST_28819,0.0008664461201988161,0.9892228841781616
TEST_28820,0.01415299903601408,0.9987326264381409
TEST_28821,0.017153244465589523,0.8833875060081482
TEST_28822,0.005299896001815796,0.9809399247169495
TEST_28823,0.9052252173423767,0.4562221169471741
TEST_28824,0.02620653249323368,0.9425594210624695
TEST_28825,0.3227832019329071,0.02467377670109272
TEST_28826,0.1230383813381195,0.5963137745857239
TEST_28827,0.0007943681557662785,0.9840296506881714
TEST_28828,0.041554395109415054,0.9327458739280701
TEST_28829,0.008469450287520885,0.9994211196899414
TEST_28830,0.032712824642658234,0.917154848575592
TEST_28831,0.05412428826093674,0.9812393188476562
TEST_28832,0.32113760709762573,0.9641922116279602
TEST_28833,0.015011362731456757,0.9414955973625183
TEST_28834,0.27503180503845215,0.919799268245697
TEST_28835,0.015845220535993576,0.9848554730415344
TEST_28836,0.0049791219644248486,0.996441662311554
TEST_28837,0.20801211893558502,0.9066364765167236
TEST_28838,0.0005366762634366751,0.9780622124671936
TEST_28839,0.02706240862607956,0.9990566372871399
TEST_28840,0.006386750843375921,0.9989290833473206
TEST_28841,0.024333709850907326,0.9861828088760376
TEST_28842,0.00736938277259469,0.9926097989082336
TEST_28843,0.02177228406071663,0.9926931858062744
TEST_28844,0.0022311615757644176,0.9962573051452637
TEST_28845,0.0020297078881412745,0.9910405278205872
TEST_28846,0.0071231285110116005,0.9922540187835693
TEST_28847,0.04517940431833267,0.9319345951080322
TEST_28848,0.05934809893369675,0.5626664757728577
TEST_28849,0.0034328473266214132,0.9885444045066833
TEST_28850,0.004651576280593872,0.9953552484512329
TEST_28851,0.0002101307618431747,0.9997740387916565
TEST_28852,0.003747616894543171,0.9880439639091492
TEST_28853,0.025522368028759956,0.9152462482452393
TEST_28854,0.8552861213684082,0.9183353781700134
TEST_28855,0.0009359599789604545,0.9994326233863831
TEST_28856,0.03751301020383835,0.8957294225692749
TEST_28857,0.0001106417621485889,0.999630331993103
TEST_28858,0.12308105826377869,0.9981914162635803
TEST_28859,0.01607963629066944,0.985883891582489
TEST_28860,0.07207902520895004,0.7822026014328003
TEST_28861,0.11855106800794601,0.9931821227073669
TEST_28862,0.021344471722841263,0.9904258847236633
TEST_28863,0.005646771285682917,0.9944462776184082
TEST_28864,0.0024078944697976112,0.9999234676361084
TEST_28865,0.05670423060655594,0.9065445065498352
TEST_28866,0.4196459650993347,0.9329878687858582
TEST_28867,0.008548673242330551,0.9967343807220459
TEST_28868,0.5052602291107178,0.8452427387237549
TEST_28869,0.005827305838465691,0.9976152181625366
TEST_28870,0.014012017287313938,0.9973363280296326
TEST_28871,0.0121470270678401,0.9941931366920471
TEST_28872,0.7423372268676758,0.962274968624115
TEST_28873,0.0038917013444006443,0.9873989820480347
TEST_28874,0.11595220863819122,0.6445828676223755
TEST_28875,0.01290035992860794,0.9733662009239197
TEST_28876,0.00456447945907712,0.9918396472930908
TEST_28877,0.010501337237656116,0.9717335104942322
TEST_28878,0.07629883289337158,0.7091615200042725
TEST_28879,0.0017219301080331206,0.999188244342804
TEST_28880,0.04409421980381012,0.9937764406204224
TEST_28881,0.0004968425491824746,0.9983407258987427
TEST_28882,0.035406701266765594,0.8977909088134766
TEST_28883,0.08533237129449844,0.9809173345565796
TEST_28884,0.29541894793510437,0.9040743112564087
TEST_28885,0.015403499826788902,0.9990025162696838
TEST_28886,0.08740728348493576,0.8728655576705933
TEST_28887,0.006515513639897108,0.9311622381210327
TEST_28888,0.023199761286377907,0.9737845063209534
TEST_28889,0.0055561973713338375,0.9206833839416504
TEST_28890,0.06884502619504929,0.8726730346679688
TEST_28891,0.05392155423760414,0.47685250639915466
TEST_28892,0.04199293628334999,0.9826430082321167
TEST_28893,0.01163723785430193,0.9799820184707642
TEST_28894,0.030339455232024193,0.8241488933563232
TEST_28895,0.002503302413970232,0.9978657364845276
TEST_28896,0.0012441445142030716,0.993206262588501
TEST_28897,0.0039966776967048645,0.9951748847961426
TEST_28898,0.0011108244070783257,0.9986321330070496
TEST_28899,0.0178571417927742,0.928134560585022
TEST_28900,0.04948614910244942,0.99489426612854
TEST_28901,0.570716381072998,0.9769440293312073
TEST_28902,0.027265876531600952,0.9899888038635254
TEST_28903,0.007836545817553997,0.9930658340454102
TEST_28904,0.02451634220778942,0.9155333042144775
TEST_28905,0.5441835522651672,0.9434993267059326
TEST_28906,0.08825477212667465,0.9764940142631531
TEST_28907,0.1640407145023346,0.7297700047492981
TEST_28908,0.010692784562706947,0.9766273498535156
TEST_28909,0.0110165411606431,0.998445451259613
TEST_28910,0.0007484355010092258,0.9972489476203918
TEST_28911,0.01823524758219719,0.9298665523529053
TEST_28912,0.0022614237386733294,0.9930453896522522
TEST_28913,0.016199680045247078,0.9942318797111511
TEST_28914,0.9953045845031738,0.015747372061014175
TEST_28915,0.006555265747010708,0.9999760389328003
TEST_28916,0.0015173446154221892,0.9947690367698669
TEST_28917,0.02442789450287819,0.9999603033065796
TEST_28918,0.026762420311570168,0.9977309107780457
TEST_28919,0.0008969457121565938,1.0
TEST_28920,0.11701582372188568,0.9966042041778564
TEST_28921,0.00033627645461820066,0.9996854066848755
TEST_28922,0.0031824244651943445,0.9996803998947144
TEST_28923,0.0800335556268692,0.9990424513816833
TEST_28924,0.5251917839050293,0.7822094559669495
TEST_28925,0.03606625646352768,0.9502114057540894
TEST_28926,0.024259353056550026,0.9424635767936707
TEST_28927,0.001502176746726036,0.9987200498580933
TEST_28928,0.062363386154174805,0.9380163550376892
TEST_28929,0.03942907974123955,0.985496461391449
TEST_28930,0.00042892113560810685,0.9998258948326111
TEST_28931,0.0019593138713389635,0.9849012494087219
TEST_28932,0.009573318995535374,0.8767440319061279
TEST_28933,0.3261720836162567,0.8552031517028809
TEST_28934,0.004520030692219734,0.9990938901901245
TEST_28935,0.0009872927330434322,0.994099497795105
TEST_28936,0.12440235167741776,0.7133340239524841
TEST_28937,0.0067998082377016544,0.994499683380127
TEST_28938,0.09462139755487442,0.9885433912277222
TEST_28939,0.0016292204381898046,0.9986228942871094
TEST_28940,0.12656831741333008,0.9093371629714966
TEST_28941,0.8149952292442322,0.5600181221961975
TEST_28942,0.05069204419851303,0.8960838317871094
TEST_28943,0.008641714230179787,0.9990719556808472
TEST_28944,0.011525058187544346,0.9744487404823303
TEST_28945,0.9948562383651733,0.014516541734337807
TEST_28946,0.00351591594517231,0.9999644756317139
TEST_28947,0.0041471258737146854,0.9974079728126526
TEST_28948,0.004578088875859976,0.9867013096809387
TEST_28949,0.000378883647499606,0.9987514019012451
TEST_28950,0.03644755482673645,0.9909229874610901
TEST_28951,0.0016497406177222729,0.9980727434158325
TEST_28952,0.004893778823316097,0.9951525926589966
TEST_28953,0.9939245581626892,0.6040758490562439
TEST_28954,0.0591864287853241,0.9878249168395996
TEST_28955,0.011232960969209671,0.9720556735992432
TEST_28956,0.003828013315796852,0.9910650849342346
TEST_28957,0.034595515578985214,0.9987595081329346
TEST_28958,0.0009862271836027503,0.9997757077217102
TEST_28959,0.019096389412879944,0.9688037037849426
TEST_28960,0.4263485074043274,0.8884923458099365
TEST_28961,0.03720640391111374,0.8315281271934509
TEST_28962,0.7858344912528992,0.994976282119751
TEST_28963,0.4854837656021118,0.9790160655975342
TEST_28964,0.026996372267603874,0.9945228099822998
TEST_28965,0.011483862064778805,0.9932147264480591
TEST_28966,0.004142372403293848,0.9953639507293701
TEST_28967,0.03304243087768555,0.869225263595581
TEST_28968,0.0465196892619133,0.9686124324798584
TEST_28969,0.028437061235308647,0.8973916172981262
TEST_28970,0.00032940099481493235,0.9999089241027832
TEST_28971,0.9957192540168762,0.005148202646523714
TEST_28972,0.04527755454182625,0.08143271505832672
TEST_28973,0.0002946948807220906,0.9981186985969543
TEST_28974,0.9945588707923889,0.5089432597160339
TEST_28975,0.028538327664136887,0.9834501147270203
TEST_28976,0.0015434096567332745,0.9551897048950195
TEST_28977,0.005463586654514074,0.9996583461761475
TEST_28978,0.01015823520720005,0.9971016049385071
TEST_28979,0.0003891988599207252,0.9987340569496155
TEST_28980,0.0002715698501560837,0.9998173117637634
TEST_28981,0.9260219931602478,0.6331998109817505
TEST_28982,0.04107719659805298,0.890587568283081
TEST_28983,0.4318062365055084,0.8756934404373169
TEST_28984,0.04066028073430061,0.9226166605949402
TEST_28985,0.00817516352981329,0.9715924859046936
TEST_28986,0.002138354815542698,0.9988131523132324
TEST_28987,0.0016847957158461213,0.978228747844696
TEST_28988,0.016097692772746086,0.9583438634872437
TEST_28989,0.0019635267090052366,0.9984065890312195
TEST_28990,0.01203017495572567,0.9870747327804565
TEST_28991,0.45244690775871277,0.9296356439590454
TEST_28992,0.9919296503067017,0.8155510425567627
TEST_28993,0.9853100776672363,0.06144034117460251
TEST_28994,0.46243560314178467,0.5714024305343628
TEST_28995,0.0038142765406519175,1.0
TEST_28996,0.04842384159564972,0.9509932994842529
TEST_28997,0.007831123657524586,0.9722009897232056
TEST_28998,0.07835808396339417,0.9905183911323547
TEST_28999,0.005365544930100441,0.997528612613678
TEST_29000,0.021996354684233665,0.9692087173461914
TEST_29001,0.9750308990478516,0.007438969798386097
TEST_29002,0.026817115023732185,0.9265081882476807
TEST_29003,0.006877085193991661,0.7048409581184387
TEST_29004,0.012697236612439156,0.9967453479766846
TEST_29005,0.03574121743440628,0.8454908132553101
TEST_29006,0.001585992518812418,0.9976773858070374
TEST_29007,0.03015206754207611,0.6758646368980408
TEST_29008,0.028347961604595184,0.970305323600769
TEST_29009,0.11323438584804535,0.9964691400527954
TEST_29010,0.0024391666520386934,0.9148775339126587
TEST_29011,0.2792612910270691,0.9666159152984619
TEST_29012,0.0894870012998581,0.3651273548603058
TEST_29013,0.007692745421081781,0.9993115663528442
TEST_29014,0.023875346407294273,0.9883782267570496
TEST_29015,0.02832241728901863,0.9147404432296753
TEST_29016,0.0030107242055237293,0.9741524457931519
TEST_29017,0.9140609502792358,0.5363673567771912
TEST_29018,0.9997714161872864,0.00010784194455482066
TEST_29019,0.0015940419398248196,0.9873055219650269
TEST_29020,0.00021409441251307726,0.9996548891067505
TEST_29021,0.00844295509159565,0.9910075068473816
TEST_29022,0.037223756313323975,0.8896351456642151
TEST_29023,0.00226236111484468,0.999873161315918
TEST_29024,0.01723575033247471,0.9676373600959778
TEST_29025,0.1371835321187973,0.9705672860145569
TEST_29026,0.0025722344871610403,0.9999186992645264
TEST_29027,0.0027133228722959757,0.9955906867980957
TEST_29028,0.1870153397321701,0.9906745553016663
TEST_29029,0.001751977950334549,0.9814668297767639
TEST_29030,0.009861317463219166,0.9974393844604492
TEST_29031,0.06636326014995575,0.6738223433494568
TEST_29032,0.7270178198814392,0.4553278088569641
TEST_29033,0.15723127126693726,0.9220718741416931
TEST_29034,0.010308966971933842,0.9931738972663879
TEST_29035,0.45665043592453003,0.8970977663993835
TEST_29036,0.018668707460165024,0.9148507714271545
TEST_29037,0.007250531110912561,0.9946603178977966
TEST_29038,0.034839365631341934,0.8671754598617554
TEST_29039,0.9971495270729065,0.00035480959923006594
TEST_29040,0.0110528115183115,0.9540108442306519
TEST_29041,0.18256087601184845,0.9134888052940369
TEST_29042,0.0061536249704658985,0.9947803020477295
TEST_29043,0.004737250041216612,0.9999936819076538
TEST_29044,0.009066074155271053,0.9639585018157959
TEST_29045,0.0137759605422616,0.9980496168136597
TEST_29046,0.00746140256524086,0.9956148862838745
TEST_29047,0.04439931362867355,0.9944650530815125
TEST_29048,0.0023654578253626823,0.9938534498214722
TEST_29049,0.0014834144385531545,0.9977567791938782
TEST_29050,0.283668577671051,0.9107590317726135
TEST_29051,0.010437395423650742,0.9908968806266785
TEST_29052,0.015268833376467228,0.8779267072677612
TEST_29053,0.04516719654202461,0.960534930229187
TEST_29054,0.016331223770976067,0.9199236631393433
TEST_29055,0.03178548812866211,0.9900612831115723
TEST_29056,0.007992231287062168,0.9942506551742554
TEST_29057,0.04057200625538826,0.9923406839370728
TEST_29058,0.07050305604934692,0.7884355187416077
TEST_29059,0.7300093770027161,0.5164424777030945
TEST_29060,0.0005120404530316591,0.9980085492134094
TEST_29061,0.02939707785844803,0.6858153343200684
TEST_29062,0.06425785273313522,0.9256253242492676
TEST_29063,0.00013466710515785962,0.9999393224716187
TEST_29064,0.005093283019959927,0.999235987663269
TEST_29065,0.0134405717253685,0.9827949404716492
TEST_29066,0.3164256513118744,0.9664350748062134
TEST_29067,0.013204040005803108,0.9729951024055481
TEST_29068,0.0003126820083707571,0.9998077750205994
TEST_29069,0.005818765144795179,0.9635046720504761
TEST_29070,0.04037976637482643,0.8839330077171326
TEST_29071,0.014191512018442154,0.9924331903457642
TEST_29072,0.011786388233304024,0.996951699256897
TEST_29073,0.3800981342792511,0.5915454030036926
TEST_29074,0.0036591002717614174,0.9976149797439575
TEST_29075,0.01484917476773262,0.9879562258720398
TEST_29076,0.07600999623537064,0.8940527439117432
TEST_29077,0.0016837454168125987,0.9761568903923035
TEST_29078,0.001788071938790381,0.9959436058998108
TEST_29079,0.001124106696806848,0.997078537940979
TEST_29080,0.00021958854631520808,0.9995416402816772
TEST_29081,0.00823114812374115,0.9932071566581726
TEST_29082,0.011243913322687149,0.9912651181221008
TEST_29083,0.003456640988588333,0.9818768501281738
TEST_29084,0.6903749108314514,0.8437868356704712
TEST_29085,0.011432594619691372,0.9686919450759888
TEST_29086,0.005336248315870762,0.9775441288948059
TEST_29087,0.04084523767232895,0.9146806001663208
TEST_29088,0.05492382496595383,0.8345734477043152
TEST_29089,0.0072447434067726135,0.9948257803916931
TEST_29090,0.013222716748714447,0.8973630666732788
TEST_29091,0.015396032482385635,0.9998983144760132
TEST_29092,0.030211519449949265,0.977695882320404
TEST_29093,0.048383403569459915,0.9917951226234436
TEST_29094,0.008621247485280037,0.9544255137443542
TEST_29095,0.2161601185798645,0.9510853290557861
TEST_29096,0.016555894166231155,0.892409086227417
TEST_29097,0.2342069149017334,0.7490130662918091
TEST_29098,0.019787322729825974,0.9903916120529175
TEST_29099,0.0522647500038147,0.740509033203125
TEST_29100,0.008664710447192192,0.9738432765007019
TEST_29101,0.013600996695458889,0.9982779026031494
TEST_29102,0.003953343257308006,0.990951657295227
TEST_29103,0.047108475118875504,0.8984448313713074
TEST_29104,0.4565253257751465,0.8265100121498108
TEST_29105,0.9374666213989258,0.9513601064682007
TEST_29106,0.1898973137140274,0.9822466969490051
TEST_29107,0.7232928276062012,0.9885154366493225
TEST_29108,0.0008905024151317775,0.9984790682792664
TEST_29109,0.032172609120607376,0.9893969297409058
TEST_29110,0.0015978902811184525,0.9973305463790894
TEST_29111,0.036392197012901306,0.9219362735748291
TEST_29112,0.02406282350420952,0.9866713881492615
TEST_29113,0.03731606900691986,0.9631913900375366
TEST_29114,0.009107928723096848,0.9854094386100769
TEST_29115,0.39743974804878235,0.7984522581100464
TEST_29116,0.0008395150653086603,0.9905717372894287
TEST_29117,0.037237513810396194,0.9277905225753784
TEST_29118,0.013749437406659126,0.9602316617965698
TEST_29119,0.7044220566749573,0.5875375270843506
TEST_29120,0.019534872844815254,0.9999830722808838
TEST_29121,0.08742804080247879,0.9742703437805176
TEST_29122,0.05065828934311867,0.9024598598480225
TEST_29123,0.0257797259837389,0.9634774327278137
TEST_29124,0.04333028569817543,0.9988471269607544
TEST_29125,0.15105725824832916,0.9035959243774414
TEST_29126,0.025871647521853447,0.6569701433181763
TEST_29127,0.011912137269973755,0.8588764071464539
TEST_29128,0.004507462028414011,0.9805639386177063
TEST_29129,0.024842005223035812,0.9666643738746643
TEST_29130,0.3583998382091522,0.975929856300354
TEST_29131,0.026699168607592583,0.9694700241088867
TEST_29132,0.005322305951267481,0.9999896287918091
TEST_29133,0.005424768663942814,0.40511345863342285
TEST_29134,0.048102039843797684,0.8833822011947632
TEST_29135,0.05882151052355766,0.9950405955314636
TEST_29136,0.00021568004740402102,0.9999067783355713
TEST_29137,0.0029418235644698143,0.977029025554657
TEST_29138,0.009301756508648396,0.9943976402282715
TEST_29139,0.09897081553936005,0.8513920307159424
TEST_29140,0.013157770968973637,0.9970064759254456
TEST_29141,0.003691453253850341,0.9693395495414734
TEST_29142,0.003698074258863926,0.9329874515533447
TEST_29143,0.005382545292377472,0.9961175918579102
TEST_29144,0.03037690557539463,0.9920538663864136
TEST_29145,0.006153359543532133,0.9959927201271057
TEST_29146,0.00812476221472025,0.9654050469398499
TEST_29147,0.9999973773956299,0.00017097707313951105
TEST_29148,0.0417599119246006,0.9624800086021423
TEST_29149,0.002098385477438569,0.9508562684059143
TEST_29150,0.0005869519663974643,0.9988075494766235
TEST_29151,0.0004995193448849022,0.9986003041267395
TEST_29152,0.05205653980374336,0.9776511788368225
TEST_29153,0.003758262377232313,0.990290105342865
TEST_29154,0.0037276274524629116,0.9794420599937439
TEST_29155,0.011298248544335365,0.9971984624862671
TEST_29156,0.173065185546875,0.32365769147872925
TEST_29157,0.18171507120132446,0.9533534049987793
TEST_29158,0.028685586526989937,0.6036126613616943
TEST_29159,0.003965647891163826,0.9830584526062012
TEST_29160,0.09502936899662018,0.8086904883384705
TEST_29161,0.005233943462371826,0.9813814163208008
TEST_29162,0.0024886310566216707,0.9981483221054077
TEST_29163,0.6208746433258057,0.8068806529045105
TEST_29164,0.08475390076637268,0.9068884253501892
TEST_29165,0.008416896685957909,0.9986488223075867
TEST_29166,0.014627404510974884,0.9641701579093933
TEST_29167,0.19702978432178497,0.9970647692680359
TEST_29168,0.00046317718806676567,0.9997525811195374
TEST_29169,0.005622547119855881,0.9903898239135742
TEST_29170,0.18847401440143585,0.9959000945091248
TEST_29171,0.001901378738693893,0.9880661964416504
TEST_29172,0.0001889638660941273,0.9997617602348328
TEST_29173,0.03205760568380356,0.9889858961105347
TEST_29174,0.00021182454656809568,0.9970412850379944
TEST_29175,0.00083876185817644,0.9985719919204712
TEST_29176,0.11570087820291519,0.9672598838806152
TEST_29177,0.004545259289443493,0.9950658082962036
TEST_29178,0.001948396791703999,0.9885214567184448
TEST_29179,0.03532184287905693,0.7834415435791016
TEST_29180,0.08944500982761383,0.9778799414634705
TEST_29181,0.02384641394019127,0.9969711303710938
TEST_29182,0.0021453071385622025,0.9983281493186951
TEST_29183,0.009366449899971485,0.964107096195221
TEST_29184,0.06448183953762054,0.829533040523529
TEST_29185,0.0028143625240772963,0.9884127974510193
TEST_29186,0.01956791616976261,0.9984948635101318
TEST_29187,7.341911987168714e-05,0.9995998740196228
TEST_29188,0.0006393376388587058,0.9978845715522766
TEST_29189,0.023303328081965446,0.9941036105155945
TEST_29190,0.01576201245188713,0.9983229041099548
TEST_29191,0.0340733602643013,0.8797706365585327
TEST_29192,0.019916629418730736,0.9270185828208923
TEST_29193,0.022333091124892235,0.9840150475502014
TEST_29194,0.27779221534729004,0.2689981460571289
TEST_29195,0.004707979038357735,0.9932518601417542
TEST_29196,0.0047699203714728355,0.989815354347229
TEST_29197,0.008335932157933712,0.9828406572341919
TEST_29198,0.011833622120320797,0.975468635559082
TEST_29199,0.0010100199142470956,0.9980265498161316
TEST_29200,0.01818915642797947,0.9823880791664124
TEST_29201,0.0041397023014724255,0.9927374720573425
TEST_29202,0.08177339285612106,0.9964160919189453
TEST_29203,0.002732004737481475,0.9888168573379517
TEST_29204,0.689643919467926,0.7490602135658264
TEST_29205,0.008206808939576149,0.9960755705833435
TEST_29206,0.0013792141107842326,0.9982095956802368
TEST_29207,0.0045024193823337555,0.9960007071495056
TEST_29208,0.003390529192984104,1.0
TEST_29209,0.017612498253583908,0.9999122619628906
TEST_29210,0.0032706656493246555,0.9904637336730957
TEST_29211,0.1400664746761322,0.9857974648475647
TEST_29212,0.0071767461486160755,0.9988811612129211
TEST_29213,0.05599680915474892,0.9726535677909851
TEST_29214,0.02697664313018322,0.9828586578369141
TEST_29215,0.9647147059440613,0.9221972823143005
TEST_29216,0.01601390913128853,0.9977109432220459
TEST_29217,0.014094929210841656,0.9886654615402222
TEST_29218,0.0014256088761612773,0.9902313351631165
TEST_29219,0.0019084338564425707,0.9995414018630981
TEST_29220,0.970876157283783,0.8400598764419556
TEST_29221,0.0021767292637377977,0.9936323761940002
TEST_29222,0.009109322912991047,0.9973794221878052
TEST_29223,0.02068352699279785,0.9407365322113037
TEST_29224,0.003850522916764021,0.9974637031555176
TEST_29225,0.07896582782268524,0.987761378288269
TEST_29226,0.5553349852561951,0.8308238387107849
TEST_29227,0.004975015763193369,0.9903458952903748
TEST_29228,0.0013803059700876474,0.9994760155677795
TEST_29229,0.0020521366968750954,0.9089099168777466
TEST_29230,0.01061064563691616,0.9964565634727478
TEST_29231,0.23554444313049316,0.9193534255027771
TEST_29232,0.031212277710437775,0.939601719379425
TEST_29233,0.20120622217655182,0.9884418845176697
TEST_29234,0.009170216508209705,0.988497257232666
TEST_29235,0.9992008805274963,0.03906511142849922
TEST_29236,0.0195015836507082,0.9696317315101624
TEST_29237,0.03730398416519165,0.8869500756263733
TEST_29238,0.008378769271075726,0.9472744464874268
TEST_29239,0.002770467661321163,0.9848119020462036
TEST_29240,0.026058580726385117,0.9542216062545776
TEST_29241,0.2751051187515259,0.7362905740737915
TEST_29242,0.07232934236526489,0.9429993033409119
TEST_29243,0.16375479102134705,0.7754276990890503
TEST_29244,0.03467092290520668,0.9662734270095825
TEST_29245,0.02809819206595421,0.7433822751045227
TEST_29246,0.006119213066995144,0.9813843965530396
TEST_29247,0.014811317436397076,0.9816074371337891
TEST_29248,0.14678499102592468,0.8700337409973145
TEST_29249,0.009011596441268921,0.9900733232498169
TEST_29250,0.00230788835324347,0.9634705781936646
TEST_29251,0.0025626933202147484,0.9993175268173218
TEST_29252,0.13783015310764313,0.9775658845901489
TEST_29253,0.956531286239624,0.051938496530056
TEST_29254,0.0005864014383405447,0.9976906776428223
TEST_29255,0.008337457664310932,0.9971990585327148
TEST_29256,0.10572046786546707,0.9933727979660034
TEST_29257,0.0020524119026958942,0.8870379328727722
TEST_29258,0.027280809357762337,0.9989171028137207
TEST_29259,0.011295894160866737,0.9766736626625061
TEST_29260,0.22218967974185944,0.9532463550567627
TEST_29261,0.02100900560617447,0.9924052357673645
TEST_29262,0.030724627897143364,0.9375157952308655
TEST_29263,0.021741501986980438,0.9985896944999695
TEST_29264,0.004841419402509928,0.9752782583236694
TEST_29265,0.0013534422032535076,0.9780958890914917
TEST_29266,0.04226025566458702,0.9947417974472046
TEST_29267,0.030856283381581306,0.9713224768638611
TEST_29268,0.0484781377017498,0.9203994274139404
TEST_29269,0.004007203504443169,0.998050332069397
TEST_29270,0.005448479205369949,0.9998354911804199
TEST_29271,0.017498347908258438,0.9901536107063293
TEST_29272,0.02992156520485878,0.8932974338531494
TEST_29273,0.0026870088186115026,0.992009162902832
TEST_29274,0.011373315937817097,0.9939720034599304
TEST_29275,0.003579661250114441,0.9468021392822266
TEST_29276,0.00309953186661005,0.9988297820091248
TEST_29277,0.04654635488986969,0.9078183174133301
TEST_29278,0.34640249609947205,0.4271310567855835
TEST_29279,0.033104058355093,0.9943687319755554
TEST_29280,0.051040444523096085,0.8271723389625549
TEST_29281,0.009671558625996113,0.8860679268836975
TEST_29282,0.03385990485548973,0.8901302814483643
TEST_29283,0.01352173276245594,0.995519757270813
TEST_29284,0.006097128614783287,0.9981568455696106
TEST_29285,0.015873083844780922,0.9998947381973267
TEST_29286,0.0071275439113378525,0.9960634112358093
TEST_29287,7.583009573863819e-05,0.999840259552002
TEST_29288,0.04676702991127968,0.634850263595581
TEST_29289,0.01873914711177349,0.9971538782119751
TEST_29290,0.060571301728487015,0.9284838438034058
TEST_29291,0.00011854638432851061,0.9999911785125732
TEST_29292,0.13666655123233795,0.9506095051765442
TEST_29293,0.04629078507423401,0.9982789754867554
TEST_29294,0.009153100661933422,0.9852317571640015
TEST_29295,0.033422041684389114,0.9105802774429321
TEST_29296,0.0593411959707737,0.9966465830802917
TEST_29297,0.0044840313494205475,0.9860068559646606
TEST_29298,0.0003080001915805042,0.9978432655334473
TEST_29299,0.0016588459257036448,0.9895535707473755
TEST_29300,0.015120343305170536,0.9978858828544617
TEST_29301,0.04114412143826485,0.9865226149559021
TEST_29302,0.018097784370183945,0.8892386555671692
TEST_29303,0.06573362648487091,0.9089028239250183
TEST_29304,0.8563491702079773,0.010947545990347862
TEST_29305,0.03375334292650223,0.9774141311645508
TEST_29306,0.021987857297062874,0.9665942788124084
TEST_29307,0.926128625869751,0.09644384682178497
TEST_29308,0.0007591600297018886,0.9980155229568481
TEST_29309,0.10771072655916214,0.9868997931480408
TEST_29310,0.001594659173861146,0.9941383600234985
TEST_29311,0.00555202504619956,0.8952318429946899
TEST_29312,0.0022370077203959227,0.9995723366737366
TEST_29313,0.7059343457221985,0.8165286779403687
TEST_29314,0.06553094834089279,0.8759954571723938
TEST_29315,0.023165810853242874,0.8707917928695679
TEST_29316,0.02220917120575905,0.9907436966896057
TEST_29317,0.016150115057826042,0.9965305924415588
TEST_29318,0.17708739638328552,0.9875465035438538
TEST_29319,0.015410314314067364,0.9685852527618408
TEST_29320,0.00818914920091629,0.9283714890480042
TEST_29321,0.4817221760749817,0.9775353074073792
TEST_29322,0.0008056547958403826,0.9996316432952881
TEST_29323,0.005274464376270771,0.21160154044628143
TEST_29324,0.010131812654435635,0.9990750551223755
TEST_29325,0.001551331370137632,0.9988038539886475
TEST_29326,0.03439553827047348,0.9975784420967102
TEST_29327,0.8091930150985718,0.940840482711792
TEST_29328,0.0015049270587041974,0.9923581480979919
TEST_29329,0.012112709693610668,0.9972648620605469
TEST_29330,0.017212243750691414,0.9196597337722778
TEST_29331,0.9982000589370728,0.0008450480527244508
TEST_29332,0.0015629951376467943,0.9959595799446106
TEST_29333,0.05131115764379501,0.9979121088981628
TEST_29334,0.035979535430669785,0.7123584747314453
TEST_29335,0.006676352117210627,0.9953426122665405
TEST_29336,0.000779699650593102,0.9963183403015137
TEST_29337,0.006653259973973036,0.9963035583496094
TEST_29338,0.000884776993189007,0.9980694651603699
TEST_29339,0.361596018075943,0.9405030608177185
TEST_29340,0.003582996316254139,0.9973727464675903
TEST_29341,0.00868959166109562,0.9091373682022095
TEST_29342,0.707901656627655,0.898516833782196
TEST_29343,0.00025339325657114387,0.99967360496521
TEST_29344,0.002814579289406538,0.9807232022285461
TEST_29345,0.039384495466947556,0.8892462253570557
TEST_29346,0.001217140699736774,0.999756395816803
TEST_29347,0.004166760481894016,0.9918822646141052
TEST_29348,0.013657927513122559,0.9956991672515869
TEST_29349,0.003148856107145548,0.9971078038215637
TEST_29350,0.011578546836972237,0.993696391582489
TEST_29351,0.008373454213142395,0.999950647354126
TEST_29352,0.00725858099758625,0.8880399465560913
TEST_29353,0.1302691102027893,0.9540863037109375
TEST_29354,0.06344334781169891,0.6226474642753601
TEST_29355,0.002272503450512886,0.9992014765739441
TEST_29356,0.010447141714394093,0.9986990690231323
TEST_29357,0.01308418344706297,0.9974924325942993
TEST_29358,0.0051507530733942986,0.9879021644592285
TEST_29359,0.04390883818268776,0.9871886372566223
TEST_29360,0.010608588345348835,0.9998791217803955
TEST_29361,0.018179701641201973,0.9523985981941223
TEST_29362,0.017585184425115585,0.8280477523803711
TEST_29363,0.003591422690078616,0.9996205568313599
TEST_29364,0.002481356030330062,0.979221761226654
TEST_29365,0.0032685103360563517,0.9871824979782104
TEST_29366,0.18253101408481598,0.884254515171051
TEST_29367,0.9155974984169006,0.0007873289869166911
TEST_29368,0.26222968101501465,0.8669139742851257
TEST_29369,0.0023524840362370014,0.9984317421913147
TEST_29370,0.03373885527253151,0.9995661377906799
TEST_29371,0.8349021673202515,0.9753255248069763
TEST_29372,0.2594831883907318,0.9435259699821472
TEST_29373,0.002352970652282238,0.9927908182144165
TEST_29374,0.03259294107556343,0.7093591690063477
TEST_29375,0.9312384724617004,0.9908135533332825
TEST_29376,0.9903550148010254,0.027503641322255135
TEST_29377,0.002128870692104101,0.9988133907318115
TEST_29378,0.004346352536231279,0.9807352423667908
TEST_29379,0.14129409193992615,0.9934699535369873
TEST_29380,0.03951404243707657,0.8885877728462219
TEST_29381,1.782838262442965e-05,0.9999632835388184
TEST_29382,0.3126462996006012,0.9680763483047485
TEST_29383,0.03418845683336258,0.9851146936416626
TEST_29384,0.0029841663781553507,0.9933546781539917
TEST_29385,0.001037507550790906,0.9990090131759644
TEST_29386,0.010309302248060703,0.8026824593544006
TEST_29387,0.004991272464394569,0.9990369081497192
TEST_29388,0.10470174252986908,0.975886344909668
TEST_29389,0.013751675374805927,0.9100002646446228
TEST_29390,0.04043792560696602,0.9670684337615967
TEST_29391,0.015183702111244202,0.9997461438179016
TEST_29392,0.001308077946305275,0.9980794191360474
TEST_29393,0.026450876146554947,0.781591534614563
TEST_29394,0.008943856693804264,0.9988886713981628
TEST_29395,0.04871039092540741,0.9787676930427551
TEST_29396,0.3338044285774231,0.9966832995414734
TEST_29397,0.0379721038043499,0.9289059638977051
TEST_29398,0.28171098232269287,0.945488691329956
TEST_29399,0.002805747091770172,0.9853631258010864
TEST_29400,0.05498790368437767,0.982093870639801
TEST_29401,0.7447263598442078,0.8930625319480896
TEST_29402,0.011769354343414307,0.9935141801834106
TEST_29403,0.012674935162067413,0.7496933937072754
TEST_29404,0.020376555621623993,0.9111213088035583
TEST_29405,0.18395352363586426,0.8587537407875061
TEST_29406,0.0032434125896543264,0.9475083351135254
TEST_29407,0.009772984310984612,0.9948965907096863
TEST_29408,0.04733608290553093,0.9041470885276794
TEST_29409,0.009037937968969345,0.9477428197860718
TEST_29410,0.05458230525255203,0.9579880237579346
TEST_29411,0.005562848877161741,0.9960479140281677
TEST_29412,0.003289259737357497,0.9752048850059509
TEST_29413,0.030220668762922287,0.9184074401855469
TEST_29414,0.0037493337877094746,0.9823878407478333
TEST_29415,0.048277560621500015,0.9926296472549438
TEST_29416,0.0046371775679290295,0.9963234663009644
TEST_29417,0.013639651238918304,0.9939365983009338
TEST_29418,0.004393099807202816,0.9141035079956055
TEST_29419,0.021128002554178238,0.9145638346672058
TEST_29420,0.9393171072006226,0.8728070855140686
TEST_29421,0.11426476389169693,0.9908850789070129
TEST_29422,0.07465285062789917,0.8916754722595215
TEST_29423,0.01259122509509325,0.9925858378410339
TEST_29424,0.2371341735124588,0.9890133142471313
TEST_29425,0.028877833858132362,0.9217396378517151
TEST_29426,0.06856846064329147,0.9984205961227417
TEST_29427,0.0040001031011343,0.9944599866867065
TEST_29428,0.03358800336718559,0.11649735271930695
TEST_29429,0.00470467796549201,0.9623501300811768
TEST_29430,0.038668159395456314,0.9817230105400085
TEST_29431,0.15725985169410706,0.5112144351005554
TEST_29432,0.08658076077699661,0.9234409928321838
TEST_29433,0.0024122383911162615,0.9982036352157593
TEST_29434,0.002560550579801202,0.9971241354942322
TEST_29435,0.0002902242122218013,0.9984473586082458
TEST_29436,0.001693090540356934,0.9982878565788269
TEST_29437,0.013168374076485634,0.9996148347854614
TEST_29438,0.0004974073963239789,0.9965075850486755
TEST_29439,0.005833618808537722,0.9923955202102661
TEST_29440,0.0033468252513557673,0.9847874045372009
TEST_29441,0.006987170781940222,0.9916154742240906
TEST_29442,0.012621121481060982,0.9798278212547302
TEST_29443,0.001148440409451723,0.9935529232025146
TEST_29444,0.030459705740213394,0.9630575776100159
TEST_29445,0.0019831436220556498,0.9959562420845032
TEST_29446,0.3753824234008789,0.982463002204895
TEST_29447,0.001185080036520958,0.9970265030860901
TEST_29448,0.007096630055457354,0.8307682871818542
TEST_29449,0.012162725441157818,0.9455904364585876
TEST_29450,0.019908979535102844,0.9971280694007874
TEST_29451,0.07552606612443924,0.2664394974708557
TEST_29452,0.014139631763100624,0.9990987777709961
TEST_29453,0.10456661134958267,0.7958796620368958
TEST_29454,0.18047453463077545,0.8128647208213806
TEST_29455,0.9850741624832153,0.4186391830444336
TEST_29456,0.9991012811660767,0.2544940710067749
TEST_29457,0.01692858152091503,0.9791463017463684
TEST_29458,0.014117003418505192,0.9830149412155151
TEST_29459,0.0019387169741094112,0.9997841715812683
TEST_29460,0.0017921344842761755,0.9998112320899963
TEST_29461,0.00015822923160158098,0.9997161030769348
TEST_29462,0.00393453985452652,0.9824719429016113
TEST_29463,0.0022800550796091557,0.999769389629364
TEST_29464,0.014746977016329765,0.9966443777084351
TEST_29465,0.04265227168798447,0.8682273626327515
TEST_29466,9.26402208278887e-05,0.9999451637268066
TEST_29467,0.06289179623126984,0.8692717552185059
TEST_29468,0.1636132299900055,0.9881070852279663
TEST_29469,0.011337636969983578,0.9989771842956543
TEST_29470,0.15659616887569427,0.8715179562568665
TEST_29471,0.18892329931259155,0.47408780455589294
TEST_29472,0.5017173290252686,0.962531566619873
TEST_29473,0.02872740663588047,0.9080343842506409
TEST_29474,0.0003499907033983618,0.9997431635856628
TEST_29475,0.03220846876502037,0.9994582533836365
TEST_29476,0.7917510867118835,0.0009006417822092772
TEST_29477,0.013229449279606342,0.9199221134185791
TEST_29478,0.0051792701706290245,0.9970169067382812
TEST_29479,0.011845427565276623,0.9944361448287964
TEST_29480,0.001301893382333219,0.994403064250946
TEST_29481,0.03395891562104225,0.9925084710121155
TEST_29482,0.33032581210136414,0.08699296414852142
TEST_29483,0.0018472790252417326,0.9573686718940735
TEST_29484,0.0376853309571743,0.8982962369918823
TEST_29485,0.0843692347407341,0.9640379548072815
TEST_29486,0.09478860348463058,0.9734078645706177
TEST_29487,0.9997865557670593,9.678601782070473e-05
TEST_29488,0.21834047138690948,0.2831733226776123
TEST_29489,0.031641844660043716,0.6670253276824951
TEST_29490,0.010037114843726158,0.9982678890228271
TEST_29491,0.00175247504375875,0.9997518658638
TEST_29492,0.0020646180491894484,0.9985775947570801
TEST_29493,0.033412717282772064,0.9347732067108154
TEST_29494,0.07169212400913239,0.7568107843399048
TEST_29495,0.015624534338712692,0.9855158925056458
TEST_29496,0.0039129070937633514,0.9761534929275513
TEST_29497,0.03926531597971916,0.5069300532341003
TEST_29498,0.0021159923635423183,0.9987088441848755
TEST_29499,0.00046453106915578246,0.9862193465232849
TEST_29500,0.032937295734882355,0.9872967004776001
TEST_29501,0.011812825687229633,0.9990928173065186
TEST_29502,0.7572315335273743,0.8547489643096924
TEST_29503,0.016297170892357826,0.9811429977416992
TEST_29504,0.007032156456261873,0.9454556107521057
TEST_29505,0.025349024683237076,0.9763662815093994
TEST_29506,0.033336155116558075,0.9601699113845825
TEST_29507,0.056721191853284836,0.8779489994049072
TEST_29508,0.0049952850677073,0.9938255548477173
TEST_29509,0.1596965342760086,0.9773374795913696
TEST_29510,0.02402041293680668,0.9913672804832458
TEST_29511,0.011941756121814251,0.9894827604293823
TEST_29512,0.012132707983255386,0.9925783276557922
TEST_29513,0.9564535021781921,0.9244380593299866
TEST_29514,0.0034915609285235405,0.9987884163856506
TEST_29515,0.1454140543937683,0.7527147531509399
TEST_29516,0.038886792957782745,0.6204464435577393
TEST_29517,0.05877389386296272,0.9010314345359802
TEST_29518,0.0004780470044352114,0.9978159666061401
TEST_29519,0.01266835443675518,0.9800208210945129
TEST_29520,0.03789239004254341,0.9951239228248596
TEST_29521,0.9742864370346069,0.5751708745956421
TEST_29522,0.003560466691851616,0.9896785020828247
TEST_29523,0.00024414644576609135,0.99996018409729
TEST_29524,0.005502832587808371,0.9637089967727661
TEST_29525,0.0010247135069221258,0.9998775720596313
TEST_29526,0.013832957483828068,0.9854082465171814
TEST_29527,0.03786330297589302,0.8764597773551941
TEST_29528,0.0030116417910903692,0.9790905714035034
TEST_29529,0.009038451127707958,0.9993909597396851
TEST_29530,0.0027468514163047075,0.9985901713371277
TEST_29531,0.0006213128799572587,0.9996340274810791
TEST_29532,0.4050661027431488,0.9941440224647522
TEST_29533,0.8904253244400024,0.714562714099884
TEST_29534,0.006039089523255825,0.9239652156829834
TEST_29535,0.0017275449354201555,0.9947652816772461
TEST_29536,0.013468864373862743,0.9934234619140625
TEST_29537,0.05927269905805588,0.9835267663002014
TEST_29538,0.004028718452900648,0.43583786487579346
TEST_29539,0.004746377933770418,0.989687979221344
TEST_29540,0.20554573833942413,0.7926541566848755
TEST_29541,0.013820916414260864,0.9893492460250854
TEST_29542,0.010779131203889847,0.9999486207962036
TEST_29543,0.277538001537323,0.9347025752067566
TEST_29544,0.8183678984642029,0.656195878982544
TEST_29545,0.03028631955385208,0.9827309250831604
TEST_29546,0.013241182081401348,0.9491143822669983
TEST_29547,0.027006840333342552,0.9832077026367188
TEST_29548,0.10906583070755005,0.7650584578514099
TEST_29549,0.01246872078627348,0.9909729957580566
TEST_29550,0.011469229124486446,0.9953279495239258
TEST_29551,0.015690337866544724,0.9966894388198853
TEST_29552,0.006904371082782745,0.9879509806632996
TEST_29553,0.0027164071798324585,0.8971514105796814
TEST_29554,0.9026505947113037,0.08750766515731812
TEST_29555,0.0005555415991693735,0.997840404510498
TEST_29556,0.0073469253256917,0.9980449676513672
TEST_29557,0.040085189044475555,0.990439772605896
TEST_29558,0.1013765037059784,0.8550435304641724
TEST_29559,0.006918214727193117,0.9552441239356995
TEST_29560,0.9344143867492676,0.7725003957748413
TEST_29561,0.011897065676748753,0.9823586344718933
TEST_29562,0.019370807334780693,0.9998069405555725
TEST_29563,0.0031716530211269855,0.9994723200798035
TEST_29564,0.006206266116350889,0.9984228610992432
TEST_29565,0.030648818239569664,0.9536217451095581
TEST_29566,0.36062848567962646,0.5010753870010376
TEST_29567,0.4524320662021637,0.9999291896820068
TEST_29568,0.004975568037480116,0.9990887641906738
TEST_29569,0.8166714906692505,0.7308475971221924
TEST_29570,0.00931951217353344,0.9644102454185486
TEST_29571,0.009430973790585995,0.9473267793655396
TEST_29572,0.007327070459723473,0.9958896040916443
TEST_29573,0.05503084510564804,0.9172847867012024
TEST_29574,0.011132045648992062,0.9976435303688049
TEST_29575,0.0010384643683210015,0.9722299575805664
TEST_29576,0.011165942065417767,0.9891491532325745
TEST_29577,0.01590709388256073,0.9338061809539795
TEST_29578,0.00654054107144475,0.9999998807907104
TEST_29579,0.021777382120490074,0.9797272682189941
TEST_29580,0.006696298252791166,0.9960438013076782
TEST_29581,0.006879501976072788,0.9974614381790161
TEST_29582,0.42301827669143677,0.6515858173370361
TEST_29583,0.0012572231935337186,0.9971477389335632
TEST_29584,0.0019384827464818954,0.9967329502105713
TEST_29585,0.15837667882442474,0.9079079031944275
TEST_29586,0.0010625988943502307,0.9830785393714905
TEST_29587,0.002174199325963855,0.9990984201431274
TEST_29588,0.017493871971964836,0.9139224290847778
TEST_29589,0.019016306847333908,0.9396706223487854
TEST_29590,0.939713180065155,0.4600346088409424
TEST_29591,0.03245604783296585,0.9009226560592651
TEST_29592,0.00042425846913829446,0.9991907477378845
TEST_29593,0.9936860203742981,0.04042886570096016
TEST_29594,0.009899863973259926,0.995716392993927
TEST_29595,0.004150955937802792,0.999723494052887
TEST_29596,0.004713890608400106,0.9997231364250183
TEST_29597,0.0161582101136446,0.981517493724823
TEST_29598,0.006228165235370398,0.992760181427002
TEST_29599,0.0012873017694801092,0.9983307719230652
TEST_29600,0.008714938536286354,0.9981257319450378
TEST_29601,0.0033739192876964808,0.9945072531700134
TEST_29602,0.04762761667370796,0.9815172553062439
TEST_29603,0.9990725517272949,0.0661286860704422
TEST_29604,0.043404608964920044,0.9991276860237122
TEST_29605,0.04009570926427841,0.9584391117095947
TEST_29606,0.05264633893966675,0.9355093836784363
TEST_29607,0.03659322112798691,0.9592311978340149
TEST_29608,0.03972199559211731,0.8321864008903503
TEST_29609,0.006753581576049328,0.9795750975608826
TEST_29610,0.19530834257602692,0.8813548684120178
TEST_29611,0.002581123961135745,0.9993000030517578
TEST_29612,0.46191349625587463,0.9915789365768433
TEST_29613,0.0013372666435316205,0.9999614953994751
TEST_29614,0.632548987865448,0.5318324565887451
TEST_29615,0.032948579639196396,0.9758793115615845
TEST_29616,0.07212979346513748,0.9549744129180908
TEST_29617,0.143270343542099,0.9135033488273621
TEST_29618,0.01279081404209137,0.8676764965057373
TEST_29619,0.004003843758255243,0.996401309967041
TEST_29620,0.04686739295721054,0.9767867922782898
TEST_29621,0.13474643230438232,0.8872235417366028
TEST_29622,0.005531619768589735,0.9978063702583313
TEST_29623,0.034162551164627075,0.9797979593276978
TEST_29624,0.0014297162415459752,0.9832020401954651
TEST_29625,0.000722735479939729,0.9999837875366211
TEST_29626,0.12110031396150589,0.9911478757858276
TEST_29627,0.9207135438919067,0.9761858582496643
TEST_29628,0.012460093013942242,0.9927480816841125
TEST_29629,0.0031033826526254416,0.9922113418579102
TEST_29630,0.010611466132104397,0.9801810383796692
TEST_29631,0.007184009999036789,0.9755529165267944
TEST_29632,0.035961661487817764,0.967606782913208
TEST_29633,0.30255231261253357,0.7718684077262878
TEST_29634,0.9745026230812073,0.8498991131782532
TEST_29635,0.012807202525436878,0.9901583790779114
TEST_29636,0.00621282821521163,0.9979074001312256
TEST_29637,0.031501200050115585,0.996882438659668
TEST_29638,0.0018151391996070743,0.9694355130195618
TEST_29639,0.11893521249294281,0.9638575911521912
TEST_29640,0.008019027300179005,0.9985784292221069
TEST_29641,0.001871795509941876,0.9986912608146667
TEST_29642,0.7206926941871643,0.9562408924102783
TEST_29643,0.00125103909522295,0.9999861717224121
TEST_29644,0.01072445698082447,0.9684153199195862
TEST_29645,0.07651636004447937,0.9036509394645691
TEST_29646,0.09448351711034775,0.927007257938385
TEST_29647,0.03070022538304329,0.8324117660522461
TEST_29648,0.016995767131447792,0.9961562752723694
TEST_29649,0.020908020436763763,0.8351231813430786
TEST_29650,0.006727863103151321,0.9975863695144653
TEST_29651,0.03411012515425682,0.9636098146438599
TEST_29652,0.23357966542243958,0.14504334330558777
TEST_29653,0.0011368596460670233,0.9999314546585083
TEST_29654,0.005173070356249809,0.9701926708221436
TEST_29655,0.029942378401756287,0.9342536330223083
TEST_29656,0.0227560643106699,0.9836376905441284
TEST_29657,0.0038561748806387186,0.9974838495254517
TEST_29658,7.47731828596443e-05,0.9997817873954773
TEST_29659,0.6290940642356873,0.8733582496643066
TEST_29660,0.004004132933914661,0.9929488897323608
TEST_29661,0.07119547575712204,0.9704146981239319
TEST_29662,0.0010486391838639975,0.9900078773498535
TEST_29663,0.7198120951652527,0.31620365381240845
TEST_29664,0.00019404341583140194,0.9997487664222717
TEST_29665,0.991155743598938,0.002184363082051277
TEST_29666,0.02952641062438488,0.8845908045768738
TEST_29667,0.384367972612381,0.7564706206321716
TEST_29668,0.08612348884344101,0.9868136644363403
TEST_29669,0.10970370471477509,0.9334922432899475
TEST_29670,0.014213088899850845,0.9987730383872986
TEST_29671,0.0004760008305311203,0.9975637197494507
TEST_29672,0.014106011018157005,0.9953038692474365
TEST_29673,0.006614901125431061,0.9913630485534668
TEST_29674,0.9763477444648743,0.0035191618371754885
TEST_29675,1.0074912097479682e-05,0.9992877840995789
TEST_29676,0.011389750987291336,0.9985392093658447
TEST_29677,0.013181890361011028,0.9945464134216309
TEST_29678,0.022356482222676277,0.9067869186401367
TEST_29679,0.8276551961898804,0.025909876450896263
TEST_29680,0.05647195503115654,0.9336966276168823
TEST_29681,0.9851387143135071,0.36981484293937683
TEST_29682,0.0022288858890533447,0.9999969005584717
TEST_29683,0.12289948761463165,0.772731363773346
TEST_29684,0.12952207028865814,0.9073731899261475
TEST_29685,0.0024295453913509846,0.9976339340209961
TEST_29686,0.8572081327438354,0.6061378121376038
TEST_29687,0.05875474214553833,0.9256736040115356
TEST_29688,0.0280609093606472,0.9993683695793152
TEST_29689,0.0011610875371843576,0.99887615442276
TEST_29690,0.0005448866868391633,0.9985989928245544
TEST_29691,0.01387495081871748,0.9984949827194214
TEST_29692,0.9665206670761108,0.33737945556640625
TEST_29693,0.00780321191996336,0.9784547686576843
TEST_29694,0.006677509285509586,0.9835237860679626
TEST_29695,0.018926924094557762,0.9984234571456909
TEST_29696,0.0025390004739165306,0.9947894811630249
TEST_29697,0.009406411089003086,0.9987764954566956
TEST_29698,0.0016185304848477244,0.9966689944267273
TEST_29699,0.10813421756029129,0.8618244528770447
TEST_29700,0.0648965910077095,0.9852415919303894
TEST_29701,0.005421471316367388,0.9580721855163574
TEST_29702,0.027527736499905586,0.9979451298713684
TEST_29703,0.03759291395545006,0.9079204797744751
TEST_29704,0.003597546834498644,0.9971060156822205
TEST_29705,0.3433225750923157,0.17752017080783844
TEST_29706,0.07322375476360321,0.9733283519744873
TEST_29707,0.04680216684937477,0.9807661771774292
TEST_29708,0.011085434816777706,0.9697657823562622
TEST_29709,0.041153378784656525,0.8858099579811096
TEST_29710,0.004172240849584341,0.9976381063461304
TEST_29711,0.030710827559232712,0.9657226800918579
TEST_29712,0.0009132187115028501,0.992285966873169
TEST_29713,0.04544273018836975,0.8980725407600403
TEST_29714,0.024184895679354668,0.6278259754180908
TEST_29715,0.003689221339300275,0.9807794094085693
TEST_29716,0.00986661296337843,0.9925837516784668
TEST_29717,0.13960954546928406,0.9290636777877808
TEST_29718,0.0013218511594459414,0.9984579086303711
TEST_29719,0.08085400611162186,0.061082933098077774
TEST_29720,0.0005518471007235348,0.9974662065505981
TEST_29721,0.01780853420495987,0.9681808948516846
TEST_29722,0.2787979245185852,0.8663347959518433
TEST_29723,0.07026706635951996,0.8018099665641785
TEST_29724,0.0006368127069436014,0.9982513785362244
TEST_29725,0.0012851463397964835,0.9989349246025085
TEST_29726,0.0026374224107712507,0.9980875849723816
TEST_29727,0.0026036298368126154,0.9869788885116577
TEST_29728,0.21603403985500336,0.8469430208206177
TEST_29729,0.999995231628418,4.744330453831935e-06
TEST_29730,0.002515394240617752,0.9976358413696289
TEST_29731,0.03590967133641243,0.5973537564277649
TEST_29732,0.45304879546165466,0.1124521940946579
TEST_29733,0.11567974090576172,0.9950501322746277
TEST_29734,0.005476212128996849,0.9512819647789001
TEST_29735,0.10220738500356674,0.973048210144043
TEST_29736,0.04017934948205948,0.9824042916297913
TEST_29737,0.9876668453216553,0.001799276564270258
TEST_29738,0.831887423992157,0.8889917731285095
TEST_29739,0.06774647533893585,0.8748862743377686
TEST_29740,0.1981172263622284,0.9446653127670288
TEST_29741,0.0167328380048275,0.8986778855323792
TEST_29742,0.0012879511341452599,0.9984546899795532
TEST_29743,0.0029895524494349957,0.9869546294212341
TEST_29744,0.025437792763113976,0.9875043034553528
TEST_29745,0.018593115732073784,0.9713698029518127
TEST_29746,0.6565961241722107,0.38414618372917175
TEST_29747,0.3457498550415039,0.9769760966300964
TEST_29748,0.0244083683937788,0.9963975548744202
TEST_29749,0.038310568779706955,0.9762365221977234
TEST_29750,0.0999663919210434,0.9963037967681885
TEST_29751,1.0,1.8169499753639684e-06
TEST_29752,0.00593453086912632,0.9883885979652405
TEST_29753,0.000801456393674016,0.9998787641525269
TEST_29754,0.00014973185898270458,0.9989416003227234
TEST_29755,0.009833295829594135,0.9976620674133301
TEST_29756,0.0034806064795702696,0.9973469972610474
TEST_29757,0.9178467392921448,0.5445114374160767
TEST_29758,0.020085331052541733,0.9971742630004883
TEST_29759,0.004124111030250788,0.9978662133216858
TEST_29760,0.00031329519697465,0.9920539855957031
TEST_29761,0.06668302416801453,0.9867732524871826
TEST_29762,0.04254656657576561,0.9185447692871094
TEST_29763,0.03251699358224869,0.9709652662277222
TEST_29764,0.012071844190359116,0.9886930584907532
TEST_29765,0.26531538367271423,0.9941698312759399
TEST_29766,0.014155001379549503,0.9284909963607788
TEST_29767,0.014379172585904598,0.9941601753234863
TEST_29768,0.021091021597385406,0.958836019039154
TEST_29769,0.8093227744102478,0.9061766862869263
TEST_29770,0.8462677597999573,0.9143701195716858
TEST_29771,0.9173646569252014,0.9422861337661743
TEST_29772,0.03219243139028549,0.9572650194168091
TEST_29773,0.016478149220347404,0.9864422082901001
TEST_29774,0.006001567468047142,0.9878530502319336
TEST_29775,0.05636352673172951,0.908535897731781
TEST_29776,0.0008628350333310664,0.9994590878486633
TEST_29777,0.33778658509254456,0.0070426021702587605
TEST_29778,0.0035208764020353556,0.9877336025238037
TEST_29779,0.02088896557688713,0.9821932315826416
TEST_29780,0.009008160792291164,0.985565721988678
TEST_29781,0.0008376883924938738,0.9977073669433594
TEST_29782,0.012192909605801105,0.994499921798706
TEST_29783,0.047256872057914734,0.984751284122467
TEST_29784,0.00015291610907297581,0.999963641166687
TEST_29785,0.04491617903113365,0.9744386672973633
TEST_29786,0.017405986785888672,0.8984925150871277
TEST_29787,0.010122095234692097,0.9784009456634521
TEST_29788,0.02853480540215969,0.9837406277656555
TEST_29789,0.050406694412231445,0.9992904663085938
TEST_29790,0.005741409491747618,0.9963688850402832
TEST_29791,0.03603820130228996,0.9877458214759827
TEST_29792,0.00515757268294692,0.9526282548904419
TEST_29793,0.038491543382406235,0.896174967288971
TEST_29794,0.9704850912094116,0.4912896752357483
TEST_29795,0.0016579641960561275,0.9958508014678955
TEST_29796,0.36987119913101196,0.923252522945404
TEST_29797,0.03374340757727623,0.8702888488769531
TEST_29798,0.0030627616215497255,0.9998086094856262
TEST_29799,0.0666758120059967,0.9957374334335327
TEST_29800,0.369850754737854,0.9920536279678345
TEST_29801,0.010604009963572025,0.9876833558082581
TEST_29802,0.04369925707578659,0.988474428653717
TEST_29803,0.030851976945996284,0.936456024646759
TEST_29804,0.6777104735374451,0.9815239310264587
TEST_29805,0.00642012245953083,0.9981833100318909
TEST_29806,0.017024213448166847,0.20693951845169067
TEST_29807,0.468395859003067,0.8250302672386169
TEST_29808,0.0005379361682571471,0.9983590245246887
TEST_29809,0.048059843480587006,0.8759055733680725
TEST_29810,0.09400688856840134,0.9560776352882385
TEST_29811,0.004895704332739115,0.9795148372650146
TEST_29812,0.0002893947239499539,0.9979413151741028
TEST_29813,6.220614159246907e-05,0.999721109867096
TEST_29814,0.017533566802740097,0.9868265390396118
TEST_29815,0.023252952843904495,0.9911189675331116
TEST_29816,0.03204438090324402,0.6920824646949768
TEST_29817,0.016559109091758728,0.99564528465271
TEST_29818,0.004478941205888987,0.9965996146202087
TEST_29819,0.0003493495169095695,0.9999970197677612
TEST_29820,0.08508115261793137,0.9979096055030823
TEST_29821,0.05478641763329506,0.9579389095306396
TEST_29822,0.9994768500328064,0.0010676932288333774
TEST_29823,0.12848226726055145,0.9776681661605835
TEST_29824,0.0003871392400469631,0.9992347955703735
TEST_29825,0.8245753645896912,0.2881835699081421
TEST_29826,0.10849237442016602,0.9727968573570251
TEST_29827,0.0013477928005158901,0.9994493126869202
TEST_29828,0.03928723186254501,0.9694207310676575
TEST_29829,0.0057060616090893745,0.9906519651412964
TEST_29830,0.00626749312505126,0.999996542930603
TEST_29831,0.013927948661148548,0.999082088470459
TEST_29832,0.28817662596702576,0.959733247756958
TEST_29833,0.002780772978439927,0.9856303334236145
TEST_29834,0.04767407104372978,0.9944725632667542
TEST_29835,0.004817981272935867,0.98781418800354
TEST_29836,0.0007816670113243163,0.9998881816864014
TEST_29837,0.9814993739128113,0.8953596949577332
TEST_29838,0.005449982825666666,0.9995375871658325
TEST_29839,0.0019060041522607207,0.9600788354873657
TEST_29840,0.021226413547992706,0.9603360295295715
TEST_29841,0.01505808811634779,0.9923438429832458
TEST_29842,0.034553010016679764,0.9118742942810059
TEST_29843,0.8160328269004822,0.10951106250286102
TEST_29844,0.002762303687632084,0.996609091758728
TEST_29845,0.02335837483406067,0.9884364604949951
TEST_29846,0.02856573648750782,0.9969618916511536
TEST_29847,0.5860854387283325,0.8337339162826538
TEST_29848,0.18252794444561005,0.829221785068512
TEST_29849,0.030873669311404228,0.9957597851753235
TEST_29850,0.003051858162507415,0.987217128276825
TEST_29851,0.03632613644003868,0.983849048614502
TEST_29852,0.5900020003318787,0.9151132702827454
TEST_29853,0.011949150823056698,0.8573854565620422
TEST_29854,0.0005189582007005811,0.9992280006408691
TEST_29855,0.7235909700393677,0.5405111908912659
TEST_29856,0.04925723001360893,0.932908833026886
TEST_29857,0.002113303868100047,0.9963924288749695
TEST_29858,0.0009544220520183444,0.9860055446624756
TEST_29859,0.0017916042124852538,0.9918495416641235
TEST_29860,0.012022469192743301,0.9954676628112793
TEST_29861,0.003438891377300024,0.9979140162467957
TEST_29862,0.015905257314443588,0.9804823398590088
TEST_29863,0.01635580137372017,0.9998853206634521
TEST_29864,0.02441987581551075,0.9962838292121887
TEST_29865,0.0010912878205999732,0.9965672492980957
TEST_29866,0.00582145806401968,0.9641002416610718
TEST_29867,0.0024284219834953547,0.9944696426391602
TEST_29868,0.04710034281015396,0.9900068044662476
TEST_29869,0.0072772870771586895,0.9853633642196655
TEST_29870,0.02717438153922558,0.9104022979736328
TEST_29871,0.12139198929071426,0.9587555527687073
TEST_29872,0.011828371323645115,0.9474999904632568
TEST_29873,5.0249131163582206e-05,0.9986974596977234
TEST_29874,0.9983565211296082,0.02398165501654148
TEST_29875,0.1733088493347168,0.9334716200828552
TEST_29876,0.0020899930968880653,0.997102677822113
TEST_29877,0.00438564782962203,0.9793786406517029
TEST_29878,0.20199277997016907,0.712781548500061
TEST_29879,0.07793297618627548,0.9446776509284973
TEST_29880,0.026460159569978714,0.9977095127105713
TEST_29881,0.0029891885351389647,0.9622940421104431
TEST_29882,0.15104985237121582,0.8983775973320007
TEST_29883,0.01245036255568266,0.9881979823112488
TEST_29884,0.003764161840081215,0.9611621499061584
TEST_29885,0.0006734783528372645,0.9996159076690674
TEST_29886,0.48700055480003357,0.9145702123641968
TEST_29887,0.008664374239742756,0.9903916120529175
TEST_29888,0.2506145238876343,0.9407930970191956
TEST_29889,0.5983632206916809,0.40559113025665283
TEST_29890,0.031023729592561722,0.9622407555580139
TEST_29891,0.23651061952114105,0.994492769241333
TEST_29892,0.9997609257698059,6.757626397302374e-05
TEST_29893,0.0015457049012184143,0.9976503252983093
TEST_29894,0.035358306020498276,0.9569286704063416
TEST_29895,0.05085482820868492,0.8458985686302185
TEST_29896,0.9993274211883545,0.020029384642839432
TEST_29897,0.9990624785423279,1.020948911900632e-05
TEST_29898,0.0070383925922214985,0.9926747679710388
TEST_29899,0.7523014545440674,0.8963701128959656
TEST_29900,0.0015155777800828218,0.9964319467544556
TEST_29901,0.02652738243341446,0.9843785166740417
TEST_29902,0.005636897869408131,0.995499312877655
TEST_29903,0.010775440372526646,0.9275901913642883
TEST_29904,0.0033743618987500668,0.9887003302574158
TEST_29905,0.022282637655735016,0.9728769063949585
TEST_29906,0.000550795579329133,0.9993652701377869
TEST_29907,0.01184058841317892,0.9532703161239624
TEST_29908,0.005590153392404318,0.9554837942123413
TEST_29909,0.003504322376102209,0.8937641978263855
TEST_29910,0.0007875053561292589,0.9996206760406494
TEST_29911,0.007023364771157503,0.9881116151809692
TEST_29912,0.7046061158180237,0.21732495725154877
TEST_29913,0.0021935219410806894,0.9931607246398926
TEST_29914,0.0397762767970562,0.9378345012664795
TEST_29915,0.035763341933488846,0.9569849967956543
TEST_29916,0.07908768206834793,0.8633622527122498
TEST_29917,0.0001850613916758448,0.999954104423523
TEST_29918,0.00040936568984761834,0.9967016577720642
TEST_29919,0.0153559735044837,0.9945607781410217
TEST_29920,0.8638173341751099,0.4378211796283722
TEST_29921,0.01426045410335064,0.968841016292572
TEST_29922,0.9243447780609131,0.03683364763855934
TEST_29923,0.0012038208078593016,0.9944979548454285
TEST_29924,0.00385418813675642,0.9996693134307861
TEST_29925,0.04817561060190201,0.9229283928871155
TEST_29926,6.1962439623641785e-09,0.999997615814209
TEST_29927,0.009915655478835106,0.9785647392272949
TEST_29928,0.001348963938653469,0.9962435960769653
TEST_29929,0.0003424956521485001,0.999724805355072
TEST_29930,0.0053114392794668674,0.9174163937568665
TEST_29931,0.018850769847631454,0.9822302460670471
TEST_29932,0.2594761848449707,0.8851688504219055
TEST_29933,0.0022136096376925707,0.9906697273254395
TEST_29934,0.00261149974539876,0.9812167286872864
TEST_29935,0.07942719012498856,0.9777090549468994
TEST_29936,0.0066466862335801125,0.9344102144241333
TEST_29937,0.7335686683654785,0.635532796382904
TEST_29938,0.010493581183254719,0.9167441725730896
TEST_29939,0.0038581974804401398,0.9896620512008667
TEST_29940,0.002588610863313079,0.9938020706176758
TEST_29941,0.004965036176145077,0.9681218266487122
TEST_29942,0.0060081928968429565,0.9979294538497925
TEST_29943,0.0002907143789343536,0.9949127435684204
TEST_29944,0.170129656791687,0.27364641427993774
TEST_29945,0.13117189705371857,0.8458361625671387
TEST_29946,0.008734808303415775,0.9984704852104187
TEST_29947,0.03177495673298836,0.9067758917808533
TEST_29948,0.0033621564507484436,0.9986446499824524
TEST_29949,0.06755872070789337,0.46491673588752747
TEST_29950,0.0027030841447412968,0.9952332377433777
TEST_29951,0.04686259105801582,0.9885308742523193
TEST_29952,0.8683823943138123,0.11537858098745346
TEST_29953,0.01888643205165863,0.9384174346923828
TEST_29954,0.9250996112823486,0.9593742489814758
TEST_29955,0.027370717376470566,0.8601451516151428
TEST_29956,0.00878892745822668,0.8551912903785706
TEST_29957,0.08063547313213348,0.695899486541748
TEST_29958,0.012974531389772892,0.9723960757255554
TEST_29959,0.0008339848718605936,0.9851293563842773
TEST_29960,0.11851923912763596,0.8469384908676147
TEST_29961,0.004912514705210924,0.9989776611328125
TEST_29962,0.0411531887948513,0.9882115721702576
TEST_29963,0.005840819329023361,0.9818642139434814
TEST_29964,0.0010222903219982982,0.9932343363761902
TEST_29965,0.8933947682380676,0.009968838654458523
TEST_29966,0.00898541510105133,0.9968133568763733
TEST_29967,0.023133251816034317,0.9518717527389526
TEST_29968,0.5115619897842407,0.02134435996413231
TEST_29969,0.01010072696954012,0.9960565567016602
TEST_29970,0.0007466142997145653,0.9984171390533447
TEST_29971,0.015022690407931805,0.9255301356315613
TEST_29972,0.0023402213118970394,0.9996248483657837
TEST_29973,0.053860798478126526,0.9686315655708313
TEST_29974,0.1258450150489807,0.9377009272575378
TEST_29975,0.042427048087120056,0.9962539672851562
TEST_29976,0.009959138929843903,0.8795300722122192
TEST_29977,0.06565644592046738,0.893856942653656
TEST_29978,0.005685337819159031,0.9831420183181763
TEST_29979,0.0205971859395504,0.9843223690986633
TEST_29980,0.017594652250409126,0.9971891045570374
TEST_29981,0.02487332932651043,0.9877339601516724
TEST_29982,0.030186373740434647,0.887529194355011
TEST_29983,0.8416404128074646,0.7975429892539978
TEST_29984,0.005623531062155962,0.9501225352287292
TEST_29985,0.12567226588726044,0.9843125939369202
TEST_29986,0.0065926443785429,0.9936498999595642
TEST_29987,0.006616072729229927,0.9988076686859131
TEST_29988,0.8228899836540222,0.8490912318229675
TEST_29989,0.059738341718912125,0.7862013578414917
TEST_29990,0.002054657554253936,0.9933069348335266
TEST_29991,0.018215736374258995,0.9079018235206604
TEST_29992,0.0024580128956586123,0.9979380965232849
TEST_29993,0.13727998733520508,0.9609866142272949
TEST_29994,0.1052679643034935,0.9874318838119507
TEST_29995,0.013569212518632412,0.9979013204574585
TEST_29996,0.030010107904672623,0.9755002856254578
TEST_29997,0.0813564732670784,0.9901335835456848
TEST_29998,0.11982161551713943,0.9335107803344727
TEST_29999,0.8216298818588257,0.9138249754905701
TEST_30000,0.008066099137067795,0.9800080060958862
TEST_30001,0.0431438572704792,0.9913779497146606
TEST_30002,0.05620504915714264,0.845464289188385
TEST_30003,0.012545871548354626,0.9994001388549805
TEST_30004,0.001116471947170794,0.9985625147819519
TEST_30005,0.032434895634651184,0.9112571477890015
TEST_30006,0.7742438316345215,0.6880794763565063
TEST_30007,0.0029281359165906906,0.9896482825279236
TEST_30008,0.0005830194568261504,0.9856019616127014
TEST_30009,0.018887730315327644,0.9908549785614014
TEST_30010,0.0012752133188769221,0.9325084090232849
TEST_30011,0.0026116538792848587,0.9983251690864563
TEST_30012,0.04281914606690407,0.9852994680404663
TEST_30013,0.006391942035406828,0.9745845794677734
TEST_30014,0.020019343122839928,0.9946582913398743
TEST_30015,0.9960768818855286,0.2286105901002884
TEST_30016,0.006647891830652952,0.9999997615814209
TEST_30017,0.851073682308197,0.9123891592025757
TEST_30018,0.01362007949501276,0.8712229132652283
TEST_30019,0.25144004821777344,0.9673799276351929
TEST_30020,0.24176189303398132,0.905137300491333
TEST_30021,0.015858134254813194,0.9210799932479858
TEST_30022,0.4930941164493561,0.1052822470664978
TEST_30023,0.002171859610825777,0.9874093532562256
TEST_30024,0.009992104023694992,0.9835669994354248
TEST_30025,0.06882134824991226,0.9988300204277039
TEST_30026,0.01821557804942131,0.9858330488204956
TEST_30027,0.14920616149902344,0.9562568068504333
TEST_30028,0.29210183024406433,0.9053211212158203
TEST_30029,0.0011895133648067713,0.9973540306091309
TEST_30030,0.03397132456302643,0.8647050857543945
TEST_30031,0.003384931245818734,0.9981434345245361
TEST_30032,0.0066495612263679504,0.9975969195365906
TEST_30033,0.0038138744421303272,0.9956048727035522
TEST_30034,0.5000817179679871,0.9910003542900085
TEST_30035,0.9657451510429382,0.022095488384366035
TEST_30036,0.03103264607489109,0.922890841960907
TEST_30037,0.14672178030014038,0.9852665662765503
TEST_30038,0.0036735297180712223,0.9610962867736816
TEST_30039,0.7617120146751404,0.03983372449874878
TEST_30040,0.022810671478509903,0.941145122051239
TEST_30041,0.13982762396335602,0.8358504772186279
TEST_30042,0.49881988763809204,0.860831618309021
TEST_30043,0.0032781322952359915,0.9890268445014954
TEST_30044,0.06220284476876259,0.8351016044616699
TEST_30045,0.002574966289103031,0.9985313415527344
TEST_30046,0.001041455427184701,0.9999792575836182
TEST_30047,0.0023930976167321205,0.9441113471984863
TEST_30048,0.03496252000331879,0.9867954254150391
TEST_30049,0.05484877899289131,0.9986569881439209
TEST_30050,0.9739921689033508,0.9731569290161133
TEST_30051,0.0020751680713146925,0.9988204836845398
TEST_30052,0.9379514455795288,0.5147321820259094
TEST_30053,0.06510820984840393,0.6060807108879089
TEST_30054,0.0013627620646730065,0.9890614748001099
TEST_30055,0.0459563285112381,0.9793867468833923
TEST_30056,0.0791558027267456,0.8851032853126526
TEST_30057,0.0096805514767766,0.9952589869499207
TEST_30058,0.0041915979236364365,0.9408777356147766
TEST_30059,0.018238278105854988,0.9455196857452393
TEST_30060,0.00876266323029995,0.9990872144699097
TEST_30061,3.388971526874229e-05,0.9999963045120239
TEST_30062,0.009472286328673363,0.9943084120750427
TEST_30063,0.0028733802028000355,0.9991430044174194
TEST_30064,0.0009400464477948844,0.9780805706977844
TEST_30065,0.013305945321917534,0.9701096415519714
TEST_30066,0.03402833268046379,0.9570494294166565
TEST_30067,0.9908445477485657,0.9791799187660217
TEST_30068,0.009858938865363598,0.9871729612350464
TEST_30069,0.02506352588534355,0.9907920360565186
TEST_30070,0.010210620239377022,0.9996732473373413
TEST_30071,0.03182630240917206,0.9960457682609558
TEST_30072,0.031113386154174805,0.9835152626037598
TEST_30073,0.000924537016544491,0.9938122034072876
TEST_30074,0.006490821484476328,0.9962599277496338
TEST_30075,0.5832086205482483,0.994023859500885
TEST_30076,0.03605269268155098,0.9547222852706909
TEST_30077,0.033433422446250916,0.9630270600318909
TEST_30078,0.008530103601515293,0.995597779750824
TEST_30079,0.04190043732523918,0.8093541860580444
TEST_30080,0.035803165286779404,0.8434423804283142
TEST_30081,0.04634921997785568,0.8376992344856262
TEST_30082,0.9788256287574768,0.1475704312324524
TEST_30083,0.021090708673000336,0.9818414449691772
TEST_30084,0.008833905681967735,0.8980350494384766
TEST_30085,0.02616214193403721,0.9997709393501282
TEST_30086,0.06151244044303894,0.5991773009300232
TEST_30087,0.0007562601822428405,0.9988598823547363
TEST_30088,0.0007119576330296695,0.9994391798973083
TEST_30089,0.23493090271949768,0.9496480822563171
TEST_30090,0.008534855209290981,0.9665088653564453
TEST_30091,0.0665241926908493,0.9301907420158386
TEST_30092,0.001740136882290244,0.963044285774231
TEST_30093,0.03651021793484688,0.8883417844772339
TEST_30094,0.016691824421286583,0.9956718683242798
TEST_30095,0.142039492726326,0.9476826190948486
TEST_30096,0.043129123747348785,0.9789038896560669
TEST_30097,0.0005874845082871616,0.9972073435783386
TEST_30098,0.019222626462578773,0.9287123084068298
TEST_30099,0.1385858952999115,0.43922439217567444
TEST_30100,0.003432945115491748,0.9940225481987
TEST_30101,0.013685549609363079,0.9973695278167725
TEST_30102,0.0023284058552235365,0.9889905452728271
TEST_30103,0.02212805114686489,0.8259629607200623
TEST_30104,0.004030053969472647,0.9950942993164062
TEST_30105,0.0616215243935585,0.890326976776123
TEST_30106,0.0022380189038813114,0.9861948490142822
TEST_30107,0.006358917336910963,0.9388632774353027
TEST_30108,0.001030518440529704,0.9986878037452698
TEST_30109,0.0014993601944297552,0.9907922744750977
TEST_30110,0.24496114253997803,0.4912783205509186
TEST_30111,0.02062242291867733,0.909747302532196
TEST_30112,0.03476006165146828,0.9222075343132019
TEST_30113,0.15999628603458405,0.9901056885719299
TEST_30114,0.05265457183122635,0.989386796951294
TEST_30115,0.03736414015293121,0.986653745174408
TEST_30116,0.8816239833831787,0.8877583742141724
TEST_30117,0.04434901848435402,0.7826488018035889
TEST_30118,0.008213778026401997,0.9904139637947083
TEST_30119,0.006141659803688526,0.9988454580307007
TEST_30120,0.016300251707434654,0.9933698177337646
TEST_30121,0.003638597670942545,0.9999969005584717
TEST_30122,0.30973491072654724,0.41759100556373596
TEST_30123,0.6311665177345276,0.20280180871486664
TEST_30124,0.006582493428140879,0.9856581091880798
TEST_30125,0.00528405187651515,0.9953054785728455
TEST_30126,0.0032869158312678337,0.9774406552314758
TEST_30127,0.024751322343945503,0.9829049110412598
TEST_30128,0.002256526378914714,0.9998886585235596
TEST_30129,0.009332341141998768,0.9744074940681458
TEST_30130,0.014815869741141796,0.8997110724449158
TEST_30131,0.005233084317296743,0.9996432065963745
TEST_30132,0.0019687928725034,0.997319757938385
TEST_30133,0.003477733349427581,0.9686487913131714
TEST_30134,0.012254116125404835,0.9988189339637756
TEST_30135,0.009264681488275528,0.9977310299873352
TEST_30136,0.002605767920613289,0.9974779486656189
TEST_30137,0.12295228987932205,0.14222852885723114
TEST_30138,0.3533391058444977,0.4116862416267395
TEST_30139,0.004644159693270922,0.9294486045837402
TEST_30140,0.0009460598230361938,0.9947376847267151
TEST_30141,0.01062741782516241,0.9685894250869751
TEST_30142,0.017963189631700516,0.8201338052749634
TEST_30143,0.002139164600521326,0.9997740387916565
TEST_30144,0.004167845007032156,0.9996107220649719
TEST_30145,0.48756587505340576,0.8768205642700195
TEST_30146,0.011027712374925613,0.998371422290802
TEST_30147,0.07225853949785233,0.9883225560188293
TEST_30148,0.01046704687178135,0.9955891370773315
TEST_30149,0.0010416543809697032,0.9996637105941772
TEST_30150,0.014640165492892265,0.9991018772125244
TEST_30151,0.04076104611158371,0.9043552279472351
TEST_30152,0.005242468789219856,0.9418267607688904
TEST_30153,0.08292674273252487,0.9542221426963806
TEST_30154,0.05002621188759804,0.9921427965164185
TEST_30155,0.009930763393640518,0.9966048002243042
TEST_30156,0.00954130757600069,0.9991148114204407
TEST_30157,0.0007540268707089126,0.9991464614868164
TEST_30158,0.00831733550876379,0.9911240339279175
TEST_30159,0.057821452617645264,0.9596816301345825
TEST_30160,0.4415622055530548,0.9154093265533447
TEST_30161,0.031786881387233734,0.9666074514389038
TEST_30162,0.0057698204182088375,0.8056891560554504
TEST_30163,0.02319798432290554,0.9993578791618347
TEST_30164,0.0036604879423975945,0.9947307109832764
TEST_30165,0.018026554957032204,0.9815145134925842
TEST_30166,4.887316390522756e-05,0.9999094009399414
TEST_30167,0.015702227130532265,0.9616844654083252
TEST_30168,0.00524386391043663,0.9963321089744568
TEST_30169,0.013372029177844524,0.9912080764770508
TEST_30170,0.4658006727695465,0.8821816444396973
TEST_30171,0.002176464069634676,0.9464100003242493
TEST_30172,0.008284194394946098,0.9896888732910156
TEST_30173,0.0007738512358628213,0.9993739724159241
TEST_30174,0.001623268355615437,0.9937425255775452
TEST_30175,0.07044705003499985,0.9492217898368835
TEST_30176,0.0009671420557424426,0.9990535378456116
TEST_30177,0.14542055130004883,0.9147846102714539
TEST_30178,0.03938337787985802,0.9767309427261353
TEST_30179,0.04757368192076683,0.8668377995491028
TEST_30180,0.007959912531077862,0.9256303310394287
TEST_30181,0.019168497994542122,0.9146836996078491
TEST_30182,0.04495653510093689,0.997461199760437
TEST_30183,0.49342647194862366,0.9494050741195679
TEST_30184,0.01125938817858696,0.9978744983673096
TEST_30185,0.02700038067996502,0.6929435133934021
TEST_30186,0.0033991539385169744,0.9975622892379761
TEST_30187,0.002257827902212739,0.9457533359527588
TEST_30188,0.012754630297422409,0.9514715671539307
TEST_30189,0.008111554197967052,0.977077066898346
TEST_30190,0.1461993306875229,0.8898067474365234
TEST_30191,0.022934217005968094,0.9699384570121765
TEST_30192,0.016874071210622787,0.9355661869049072
TEST_30193,0.30441221594810486,0.8986104726791382
TEST_30194,0.0004338777216617018,0.997892439365387
TEST_30195,0.2540905475616455,0.12632064521312714
TEST_30196,0.005524614825844765,0.9990357160568237
TEST_30197,0.0035404625814408064,0.9963423609733582
TEST_30198,0.004207582678645849,0.9999687671661377
TEST_30199,0.020601781085133553,0.9287294149398804
TEST_30200,0.02940521575510502,0.9722326397895813
TEST_30201,0.9618983864784241,0.36012396216392517
TEST_30202,0.030211839824914932,0.9453191161155701
TEST_30203,0.02913432940840721,0.9811603426933289
TEST_30204,0.03889761492609978,0.9887841939926147
TEST_30205,0.003266284940764308,0.9723818302154541
TEST_30206,0.009344878606498241,0.9661593437194824
TEST_30207,0.008802508935332298,0.9956089854240417
TEST_30208,0.5012659430503845,0.9810419082641602
TEST_30209,0.012857760302722454,0.9930631518363953
TEST_30210,0.001037226407788694,0.9994238615036011
TEST_30211,0.0013316015247255564,0.9989427924156189
TEST_30212,0.013624782674014568,0.9987183809280396
TEST_30213,0.021281009539961815,0.9939407110214233
TEST_30214,0.026722325012087822,0.9899133443832397
TEST_30215,0.0015740718226879835,0.9999960660934448
TEST_30216,0.9026106595993042,0.9320396184921265
TEST_30217,0.004238450434058905,0.9993841648101807
TEST_30218,0.03968978673219681,0.9067091941833496
TEST_30219,0.004714257549494505,0.9916627407073975
TEST_30220,0.015933053568005562,0.979949414730072
TEST_30221,2.665110514499247e-06,0.9997625946998596
TEST_30222,0.45771536231040955,0.18385598063468933
TEST_30223,0.025988951325416565,0.9777120351791382
TEST_30224,0.12496713548898697,0.8654305338859558
TEST_30225,0.008410257287323475,0.9675689339637756
TEST_30226,0.015330643393099308,0.9936953186988831
TEST_30227,0.023017188534140587,0.13155293464660645
TEST_30228,0.08441098034381866,0.9918276071548462
TEST_30229,0.0018061221344396472,0.9943734407424927
TEST_30230,0.010324093513190746,0.9972108006477356
TEST_30231,0.32079923152923584,0.8526071310043335
TEST_30232,0.39907100796699524,0.655705451965332
TEST_30233,0.022456424310803413,0.9695925116539001
TEST_30234,0.029508747160434723,0.9956464171409607
TEST_30235,0.0005637704744003713,0.9999938011169434
TEST_30236,0.04233315587043762,0.9941563606262207
TEST_30237,0.05787748470902443,0.4564214050769806
TEST_30238,0.0023072613403201103,0.9059392809867859
TEST_30239,0.13922154903411865,0.8611942529678345
TEST_30240,0.004597229417413473,0.984680712223053
TEST_30241,0.02089858241379261,0.9960401058197021
TEST_30242,0.047832075506448746,0.9969758987426758
TEST_30243,0.010265487246215343,0.9732551574707031
TEST_30244,0.0033461670391261578,0.9981890320777893
TEST_30245,0.5841132998466492,0.5545535087585449
TEST_30246,0.004496084526181221,0.9979643821716309
TEST_30247,0.9331439733505249,0.7151408195495605
TEST_30248,0.009602398611605167,0.9968575239181519
TEST_30249,0.0016441951738670468,0.997896671295166
TEST_30250,0.029153382405638695,0.880179226398468
TEST_30251,0.007842649705708027,0.9706786870956421
TEST_30252,0.8786318302154541,0.09850636124610901
TEST_30253,0.017299244180321693,0.9877780079841614
TEST_30254,0.0011365493992343545,0.9989206790924072
TEST_30255,0.053447917103767395,0.9879670739173889
TEST_30256,0.1467849463224411,0.9788098335266113
TEST_30257,0.05469878762960434,0.3695833683013916
TEST_30258,0.0007834190619178116,0.9992415904998779
TEST_30259,0.005635644309222698,0.9025012254714966
TEST_30260,0.0016880905022844672,0.9980351328849792
TEST_30261,0.001285033067688346,0.995881199836731
TEST_30262,0.03446086123585701,0.9950066804885864
TEST_30263,0.03818116337060928,0.9198480844497681
TEST_30264,0.0053376201540231705,0.9876234531402588
TEST_30265,0.2150755673646927,0.9744677543640137
TEST_30266,0.04676353186368942,0.9794691801071167
TEST_30267,0.3183419704437256,0.9185608625411987
TEST_30268,0.0023546842858195305,0.9943557977676392
TEST_30269,0.010692440904676914,0.9758660793304443
TEST_30270,0.04229704663157463,0.8742113709449768
TEST_30271,0.372989684343338,0.9493156671524048
TEST_30272,0.001097274012863636,0.9900044798851013
TEST_30273,0.008682274259626865,0.9234702587127686
TEST_30274,0.060791611671447754,0.745880663394928
TEST_30275,0.00491921603679657,0.9862826466560364
TEST_30276,0.0038154127541929483,0.9885635375976562
TEST_30277,0.00029610839555971324,0.9992389678955078
TEST_30278,0.01901928149163723,0.9988719820976257
TEST_30279,0.7852455973625183,0.17086584866046906
TEST_30280,0.024470129981637,0.978975236415863
TEST_30281,0.011742159724235535,0.9990608096122742
TEST_30282,0.054791755974292755,0.8144301176071167
TEST_30283,0.021610397845506668,0.9391270875930786
TEST_30284,0.3878002464771271,0.9947866201400757
TEST_30285,0.9566265940666199,0.9728863835334778
TEST_30286,0.000614503282122314,0.9997349381446838
TEST_30287,0.0034950582776218653,0.989280641078949
TEST_30288,0.032094575464725494,0.5066092610359192
TEST_30289,0.0012347801821306348,0.9336568713188171
TEST_30290,0.00288411951623857,0.9964672327041626
TEST_30291,0.02570420503616333,0.9987209439277649
TEST_30292,0.01061381958425045,0.9768803119659424
TEST_30293,0.0067454176023602486,0.9474706053733826
TEST_30294,0.503687858581543,0.8655481338500977
TEST_30295,0.06691428273916245,0.9469606280326843
TEST_30296,0.9903616905212402,0.21423211693763733
TEST_30297,0.026866091415286064,0.9796598553657532
TEST_30298,0.9987554550170898,2.3345733097812627e-06
TEST_30299,0.2044958472251892,0.8279006481170654
TEST_30300,0.055896613746881485,0.9982885718345642
TEST_30301,0.011688045226037502,0.9506558179855347
TEST_30302,0.0077278087846934795,0.9979599714279175
TEST_30303,0.0034695249050855637,0.9793649911880493
TEST_30304,0.1818457841873169,0.9780647158622742
TEST_30305,0.0013147451682016253,0.9885864853858948
TEST_30306,0.005038080271333456,0.9990083575248718
TEST_30307,0.003606094978749752,0.99744713306427
TEST_30308,0.09351756423711777,0.8550214171409607
TEST_30309,0.027109375223517418,0.8877071738243103
TEST_30310,0.9912130236625671,0.0025453774724155664
TEST_30311,0.002389437286183238,0.9999728202819824
TEST_30312,0.018328895792365074,0.9982985854148865
TEST_30313,0.014090768061578274,0.9611061811447144
TEST_30314,0.006012574303895235,0.9983863830566406
TEST_30315,0.0801347941160202,0.9829351902008057
TEST_30316,0.015343417413532734,0.9026585221290588
TEST_30317,0.0010129532311111689,0.9980669617652893
TEST_30318,0.9153993725776672,0.1356513947248459
TEST_30319,0.0011211637174710631,0.9998295307159424
TEST_30320,0.8124610185623169,0.5206354856491089
TEST_30321,0.005285631399601698,0.9863545298576355
TEST_30322,0.9986080527305603,0.9295065402984619
TEST_30323,6.611601293116109e-07,0.9990932941436768
TEST_30324,0.10388290137052536,0.8425372838973999
TEST_30325,0.0037978440523147583,0.9929158687591553
TEST_30326,0.09982510656118393,0.9593346118927002
TEST_30327,0.05779307708144188,0.8674090504646301
TEST_30328,0.026352010667324066,0.7693760395050049
TEST_30329,0.013627762906253338,0.8980746269226074
TEST_30330,0.022210177034139633,0.9614643454551697
TEST_30331,0.4992566406726837,0.1817566603422165
TEST_30332,0.016055136919021606,0.6848799586296082
TEST_30333,0.007286089472472668,0.9997093081474304
TEST_30334,0.2749063968658447,0.9598599672317505
TEST_30335,0.7865871787071228,0.6682556867599487
TEST_30336,0.00010801350435940549,0.9983317255973816
TEST_30337,0.08441805839538574,0.3575614392757416
TEST_30338,0.007168429903686047,0.9998176693916321
TEST_30339,1.9330470877321204e-06,0.9999988079071045
TEST_30340,0.8709158897399902,0.903769314289093
TEST_30341,0.006121803540736437,0.9459131956100464
TEST_30342,0.0471491813659668,0.8601180911064148
TEST_30343,0.004947506822645664,0.9870660901069641
TEST_30344,0.0033158024307340384,0.9845342636108398
TEST_30345,0.013310265727341175,0.9508649706840515
TEST_30346,0.022222677245736122,0.9876523017883301
TEST_30347,0.00018773225019685924,0.9998094439506531
TEST_30348,0.004565071314573288,0.9994725584983826
TEST_30349,0.0366067998111248,0.9984990358352661
TEST_30350,0.05074677616357803,0.9783254861831665
TEST_30351,0.0011971285566687584,0.9949496984481812
TEST_30352,0.0005499903345480561,0.9934822916984558
TEST_30353,0.006424364168196917,0.9868329167366028
TEST_30354,0.029565902426838875,0.927141547203064
TEST_30355,0.0246278028935194,0.9563866853713989
TEST_30356,0.03841276466846466,0.889982283115387
TEST_30357,0.022879421710968018,0.9930958151817322
TEST_30358,0.011644392274320126,0.954858660697937
TEST_30359,0.0016706119058653712,0.9999760389328003
TEST_30360,1.6731445384721155e-06,0.9997468590736389
TEST_30361,0.040587373077869415,0.9403272867202759
TEST_30362,0.0036444978322833776,0.9752374291419983
TEST_30363,0.039377544075250626,0.8687729239463806
TEST_30364,0.0012454611714929342,0.9579134583473206
TEST_30365,0.004315660800784826,0.9975671768188477
TEST_30366,0.008006337098777294,0.9722266793251038
TEST_30367,0.06727253645658493,0.8970925807952881
TEST_30368,0.009369743056595325,0.9935861229896545
TEST_30369,0.33769410848617554,0.9743804335594177
TEST_30370,0.00831635296344757,0.9929587841033936
TEST_30371,0.26614099740982056,0.9820898771286011
TEST_30372,0.024058975279331207,0.839705228805542
TEST_30373,0.03534006327390671,0.9459531903266907
TEST_30374,0.34003975987434387,0.9300966858863831
TEST_30375,0.006392356473952532,0.9937777519226074
TEST_30376,0.0015405332669615746,0.9992536902427673
TEST_30377,0.014937265776097775,0.9395507574081421
TEST_30378,0.05450095236301422,0.8751815557479858
TEST_30379,0.0066557531245052814,0.9996774196624756
TEST_30380,0.011546910740435123,0.9891007542610168
TEST_30381,0.015591016039252281,0.9561440944671631
TEST_30382,0.48103976249694824,0.8750701546669006
TEST_30383,0.019871549680829048,0.9854182004928589
TEST_30384,0.009242840111255646,0.9922347068786621
TEST_30385,0.36799824237823486,0.24849320948123932
TEST_30386,0.13002917170524597,0.4052320420742035
TEST_30387,0.03886062279343605,0.9935598373413086
TEST_30388,0.0077431583777070045,0.9988659620285034
TEST_30389,0.9996814727783203,0.008525623939931393
TEST_30390,0.013877298682928085,0.9989579916000366
TEST_30391,0.04206898808479309,0.9871217608451843
TEST_30392,0.006647863890975714,0.9845865964889526
TEST_30393,0.003309376072138548,0.988375186920166
TEST_30394,0.0006682755192741752,0.9989602565765381
TEST_30395,0.21913759410381317,0.9045156240463257
TEST_30396,0.03870636224746704,0.9924155473709106
TEST_30397,0.036960016936063766,0.9988909363746643
TEST_30398,0.004882066510617733,0.9961051940917969
TEST_30399,0.5090911984443665,0.964660108089447
TEST_30400,0.018713241443037987,0.9332622289657593
TEST_30401,0.017178036272525787,0.9828199148178101
TEST_30402,0.0029815358575433493,0.9985986351966858
TEST_30403,0.012388101778924465,0.9596109390258789
TEST_30404,0.9999939203262329,1.853733664347601e-07
TEST_30405,0.042223505675792694,0.9375185966491699
TEST_30406,0.01131085678935051,0.9997082352638245
TEST_30407,0.003153871512040496,0.995549201965332
TEST_30408,0.001722303219139576,0.9995507597923279
TEST_30409,0.022043105214834213,0.9238175749778748
TEST_30410,0.035700198262929916,0.8980665802955627
TEST_30411,0.18232764303684235,0.9720073342323303
TEST_30412,0.006624702829867601,0.9729048013687134
TEST_30413,0.007028385065495968,0.9970519542694092
TEST_30414,0.0007297929259948432,0.9999973773956299
TEST_30415,0.10060500353574753,0.9781524538993835
TEST_30416,0.0018785892752930522,0.9957122802734375
TEST_30417,0.019501909613609314,0.9859981536865234
TEST_30418,0.018373988568782806,0.9992642998695374
TEST_30419,0.06933333724737167,0.9157896041870117
TEST_30420,0.003331654006615281,0.99444580078125
TEST_30421,0.038353417068719864,0.8960186243057251
TEST_30422,0.018253790214657784,0.9819586873054504
TEST_30423,0.0065519437193870544,0.9846342206001282
TEST_30424,0.054510410875082016,0.8722482919692993
TEST_30425,0.06595663726329803,0.9960173964500427
TEST_30426,0.011193848215043545,0.9192442297935486
TEST_30427,0.007403308060020208,0.9829739332199097
TEST_30428,0.054021205753088,0.7903388142585754
TEST_30429,0.02855217270553112,0.9975696206092834
TEST_30430,0.3696380853652954,0.9623315930366516
TEST_30431,0.17968520522117615,0.21843121945858002
TEST_30432,0.014478675089776516,0.9220280051231384
TEST_30433,0.006435483228415251,0.9926159381866455
TEST_30434,0.012001882307231426,0.9598895311355591
TEST_30435,0.007014690898358822,0.9963386058807373
TEST_30436,0.26459580659866333,0.988672137260437
TEST_30437,0.022585764527320862,0.9826775193214417
TEST_30438,0.014477593824267387,0.9136983752250671
TEST_30439,0.019434399902820587,0.9089115262031555
TEST_30440,0.11436019837856293,0.6975212097167969
TEST_30441,0.34563595056533813,0.9396272897720337
TEST_30442,0.010156882926821709,0.9996032118797302
TEST_30443,0.8967273235321045,0.7163980007171631
TEST_30444,0.002332523465156555,0.9995437264442444
TEST_30445,0.00024351871979888529,0.9996976852416992
TEST_30446,0.03794052079319954,0.9977790713310242
TEST_30447,0.24497373402118683,0.7826598882675171
TEST_30448,0.0035064229741692543,0.9029819965362549
TEST_30449,0.017135195434093475,0.5450727343559265
TEST_30450,0.058885231614112854,0.9903897643089294
TEST_30451,0.037441667169332504,0.8733178973197937
TEST_30452,0.0005805444670841098,0.9998024106025696
TEST_30453,0.017133262008428574,0.9946190118789673
TEST_30454,0.001408869749866426,0.9925561547279358
TEST_30455,0.44497692584991455,0.8825088739395142
TEST_30456,0.005252457223832607,0.9924814701080322
TEST_30457,0.1238696426153183,0.9756753444671631
TEST_30458,0.0037133130244910717,0.9979256391525269
TEST_30459,0.005463309586048126,0.9798475503921509
TEST_30460,0.022568516433238983,0.9879778623580933
TEST_30461,0.20243892073631287,0.920190155506134
TEST_30462,0.737909734249115,0.764951765537262
TEST_30463,0.9995146989822388,0.0004525716358330101
TEST_30464,0.21144984662532806,0.7798269391059875
TEST_30465,0.9972484707832336,0.9187494516372681
TEST_30466,0.14034120738506317,0.6373341083526611
TEST_30467,0.005237991455942392,0.9954861998558044
TEST_30468,0.022115666419267654,0.8083546161651611
TEST_30469,0.0008019926608540118,0.9996956586837769
TEST_30470,0.008737499825656414,0.9976958632469177
TEST_30471,0.0010234558722004294,0.999742329120636
TEST_30472,0.01188229862600565,0.9990873336791992
TEST_30473,0.23057284951210022,0.9058279395103455
TEST_30474,0.005581298843026161,0.9915056824684143
TEST_30475,0.0026441251393407583,0.9957026839256287
TEST_30476,3.0366962278094434e-07,0.999988317489624
TEST_30477,0.01428224891424179,0.9970530271530151
TEST_30478,0.034087564796209335,0.8418793678283691
TEST_30479,0.003406258998438716,0.9968709349632263
TEST_30480,0.0011276486329734325,0.9994520545005798
TEST_30481,0.025875205174088478,0.8469991087913513
TEST_30482,0.001138495048508048,0.9941672086715698
TEST_30483,0.006627426948398352,0.9854556918144226
TEST_30484,0.5356809496879578,0.5065425038337708
TEST_30485,2.4513185053365305e-05,0.9990584254264832
TEST_30486,0.03722136467695236,0.9901084899902344
TEST_30487,0.005134900566190481,0.5372678637504578
TEST_30488,0.007280604913830757,0.9669622182846069
TEST_30489,0.017859574407339096,0.9987853169441223
TEST_30490,0.9824568033218384,0.894568145275116
TEST_30491,0.002161635784432292,0.9516728520393372
TEST_30492,0.0748099684715271,0.993598461151123
TEST_30493,0.009643315337598324,0.9942349791526794
TEST_30494,0.07012578845024109,0.8571171164512634
TEST_30495,0.032430946826934814,0.9939302206039429
TEST_30496,0.07685787230730057,0.9926706552505493
TEST_30497,0.033842287957668304,0.9789126515388489
TEST_30498,0.8801183700561523,0.7964345812797546
TEST_30499,0.04541851580142975,0.8739836812019348
TEST_30500,0.0007949004648253322,0.9927623867988586
TEST_30501,0.0002211724640801549,0.9984810948371887
TEST_30502,0.030965926125645638,0.9959040284156799
TEST_30503,0.026339713484048843,0.9242043495178223
TEST_30504,0.09730523824691772,0.9611905813217163
TEST_30505,0.02540901117026806,0.9708295464515686
TEST_30506,0.03770009055733681,0.9928640127182007
TEST_30507,0.056783527135849,0.8162386417388916
TEST_30508,0.0032344285864382982,0.9975231289863586
TEST_30509,0.03456103056669235,0.8942446708679199
TEST_30510,0.002265739254653454,0.9999649524688721
TEST_30511,0.015203827992081642,0.9733068943023682
TEST_30512,0.0003481022722553462,0.9997339844703674
TEST_30513,0.018373358994722366,0.9430122375488281
TEST_30514,0.0074306754395365715,0.9820194840431213
TEST_30515,0.010290928184986115,0.9527716040611267
TEST_30516,0.001137058949097991,0.9981512427330017
TEST_30517,0.00875161588191986,0.9751017093658447
TEST_30518,0.0014440433587878942,0.9995957016944885
TEST_30519,0.01905118115246296,0.9749168753623962
TEST_30520,0.8266502618789673,0.8474556803703308
TEST_30521,0.017444340512156487,0.964195728302002
TEST_30522,0.001622107345610857,0.9999998807907104
TEST_30523,0.08201553672552109,0.9665311574935913
TEST_30524,0.005134091712534428,0.9906195402145386
TEST_30525,0.9665706753730774,0.024023644626140594
TEST_30526,0.3023122251033783,0.8994625210762024
TEST_30527,0.003362135263159871,0.9992983341217041
TEST_30528,0.027338044717907906,0.9415605664253235
TEST_30529,0.021228943020105362,0.8639798760414124
TEST_30530,0.0037687011063098907,0.9773494601249695
TEST_30531,0.005387413315474987,0.998503565788269
TEST_30532,0.0004242760478518903,0.9937534928321838
TEST_30533,0.861846387386322,0.48570892214775085
TEST_30534,0.0004596468643285334,0.996840238571167
TEST_30535,0.002347456756979227,0.9964814186096191
TEST_30536,0.02523181587457657,0.9963632225990295
TEST_30537,0.007130284793674946,0.9972150325775146
TEST_30538,0.0012663677334785461,0.9937096834182739
TEST_30539,0.37604328989982605,0.011088540777564049
TEST_30540,0.005152591038495302,0.9946447610855103
TEST_30541,0.005132099613547325,0.9952095150947571
TEST_30542,0.09525191783905029,0.9669151902198792
TEST_30543,0.0039824629202485085,0.9954503178596497
TEST_30544,0.0017453524051234126,0.9994875192642212
TEST_30545,0.022081131115555763,0.6451119780540466
TEST_30546,0.005365412682294846,0.99700528383255
TEST_30547,0.009753594174981117,0.9014519453048706
TEST_30548,0.006457533687353134,0.9987496137619019
TEST_30549,0.022856460884213448,0.9855805039405823
TEST_30550,0.9507907629013062,0.9045134782791138
TEST_30551,0.34016868472099304,0.9739490747451782
TEST_30552,0.001644013449549675,0.9999566078186035
TEST_30553,0.007863109931349754,0.8719361424446106
TEST_30554,0.20245793461799622,0.9101970195770264
TEST_30555,0.00503148278221488,0.9987090826034546
TEST_30556,0.008342004381120205,0.9950059056282043
TEST_30557,0.04924848675727844,0.9883450269699097
TEST_30558,0.04096778482198715,0.9917415380477905
TEST_30559,0.045154038816690445,0.9699081778526306
TEST_30560,0.0038789857644587755,0.9980165958404541
TEST_30561,0.004614928737282753,0.9961524605751038
TEST_30562,1.9225681171519682e-05,0.9979666471481323
TEST_30563,0.055451489984989166,0.9626094698905945
TEST_30564,0.05219794064760208,0.8947765231132507
TEST_30565,0.5764845609664917,0.856961727142334
TEST_30566,0.44575396180152893,0.8724417686462402
TEST_30567,0.4280517101287842,0.9900546073913574
TEST_30568,0.0013011705595999956,0.9977578520774841
TEST_30569,0.15555766224861145,0.9991317391395569
TEST_30570,0.03277691826224327,0.8944990634918213
TEST_30571,0.06432461738586426,0.9659215807914734
TEST_30572,0.0019986415281891823,0.9937093257904053
TEST_30573,0.014604995027184486,0.9902856945991516
TEST_30574,0.16959992051124573,0.897912859916687
TEST_30575,0.5907514691352844,0.6872966885566711
TEST_30576,0.002068093977868557,0.9990652203559875
TEST_30577,0.00030204441281966865,0.9976921081542969
TEST_30578,0.0028092488646507263,0.9989150762557983
TEST_30579,0.18139293789863586,0.9932704567909241
TEST_30580,0.9987712502479553,0.7111892700195312
TEST_30581,0.0010454724542796612,0.9946052432060242
TEST_30582,0.003722905647009611,0.9981511235237122
TEST_30583,0.0027191846165806055,0.8168534636497498
TEST_30584,0.027043120935559273,0.985163152217865
TEST_30585,0.009934383444488049,0.9598758220672607
TEST_30586,0.05556372180581093,0.9968361854553223
TEST_30587,0.0039571961387991905,0.9927061200141907
TEST_30588,0.06962358206510544,0.7631246447563171
TEST_30589,0.9641334414482117,0.7455407381057739
TEST_30590,0.06327367573976517,0.9819186925888062
TEST_30591,0.017002275213599205,0.9823042154312134
TEST_30592,0.025592360645532608,0.9996519088745117
TEST_30593,0.0035362355411052704,0.9902727007865906
TEST_30594,0.6391589045524597,0.9198673367500305
TEST_30595,0.0277255792170763,0.887591540813446
TEST_30596,0.012096310965716839,0.9986238479614258
TEST_30597,0.016203800216317177,0.96308434009552
TEST_30598,0.6377847194671631,0.9528445601463318
TEST_30599,0.0023921714164316654,0.9951440095901489
TEST_30600,0.008541621267795563,0.7677271366119385
TEST_30601,0.008770071901381016,0.9510307908058167
TEST_30602,0.0019130063010379672,0.9997909665107727
TEST_30603,0.16592355072498322,0.2867942750453949
TEST_30604,0.004438804928213358,0.9958587288856506
TEST_30605,0.009213034063577652,0.9909538626670837
TEST_30606,0.0303120668977499,0.9908870458602905
TEST_30607,0.006428480613976717,0.9983834028244019
TEST_30608,0.0011605140753090382,0.9999854564666748
TEST_30609,0.013795176520943642,0.9988352656364441
TEST_30610,0.08405395597219467,0.84018874168396
TEST_30611,0.002142936224117875,0.9926153421401978
TEST_30612,0.08857989311218262,0.8884334564208984
TEST_30613,0.34464097023010254,0.006510457023978233
TEST_30614,0.027934672310948372,0.8914670944213867
TEST_30615,0.04583657160401344,0.9999551773071289
TEST_30616,0.003436785889789462,0.9965031147003174
TEST_30617,0.0008371916483156383,0.9989197254180908
TEST_30618,0.0036246103700250387,0.9959331154823303
TEST_30619,0.9184830784797668,0.9041054844856262
TEST_30620,0.004372915718704462,0.9973347783088684
TEST_30621,0.005088119301944971,0.9695516228675842
TEST_30622,0.0016003624768927693,0.9843584299087524
TEST_30623,0.3551361858844757,0.8354296088218689
TEST_30624,0.9182179570198059,0.06105322763323784
TEST_30625,0.03042398765683174,0.9693334698677063
TEST_30626,0.022140035405755043,0.999902606010437
TEST_30627,0.046268098056316376,0.8837894797325134
TEST_30628,0.9996540546417236,0.4349680542945862
TEST_30629,0.0859343633055687,0.6089229583740234
TEST_30630,0.014054433442652225,0.9921707510948181
TEST_30631,0.0018409508047625422,0.9866160154342651
TEST_30632,0.4931231737136841,0.9446346759796143
TEST_30633,0.002574941609054804,0.9944362640380859
TEST_30634,0.02980770729482174,0.9977905750274658
TEST_30635,0.007902919314801693,0.9990448355674744
TEST_30636,0.0021870501805096865,0.9922345876693726
TEST_30637,0.007103345822542906,0.9187951683998108
TEST_30638,3.520144900903688e-06,0.9999998807907104
TEST_30639,0.00523358304053545,0.9855133891105652
TEST_30640,0.001746086054481566,0.997474730014801
TEST_30641,0.06360732018947601,0.9863241314888
TEST_30642,0.005278806202113628,0.9992340803146362
TEST_30643,0.40241673588752747,0.7686489224433899
TEST_30644,0.013379308395087719,0.9392601251602173
TEST_30645,0.00030486052855849266,0.9998260140419006
TEST_30646,0.09956242144107819,0.9706934094429016
TEST_30647,0.055137235671281815,0.9373883008956909
TEST_30648,0.0008515618974342942,0.9997237324714661
TEST_30649,0.016738487407565117,0.9940633177757263
TEST_30650,0.032816093415021896,0.9951756000518799
TEST_30651,0.004155823495239019,0.952349841594696
TEST_30652,0.9909219145774841,0.9835616946220398
TEST_30653,0.12415886670351028,0.9498884081840515
TEST_30654,0.006946182809770107,0.996911883354187
TEST_30655,0.8770334124565125,0.9704551100730896
TEST_30656,0.00850746501237154,0.9779923558235168
TEST_30657,0.5040318369865417,0.9850021004676819
TEST_30658,0.0008847921853885055,0.9981196522712708
TEST_30659,0.03327213227748871,0.9428911209106445
TEST_30660,0.7302639484405518,0.975395143032074
TEST_30661,0.013032971881330013,0.9887768626213074
TEST_30662,0.029753582552075386,0.9192990064620972
TEST_30663,0.0011391791049391031,0.9988728165626526
TEST_30664,0.02458243817090988,0.9764019250869751
TEST_30665,0.018979115411639214,0.9340869188308716
TEST_30666,0.005169322248548269,0.9999377727508545
TEST_30667,0.0005519764963537455,0.9998261332511902
TEST_30668,0.0010601578978821635,0.9989670515060425
TEST_30669,0.13451102375984192,0.9042131900787354
TEST_30670,0.20114274322986603,0.9737719297409058
TEST_30671,0.017725560814142227,0.9590685367584229
TEST_30672,0.011425865814089775,0.9993385672569275
TEST_30673,0.005744752939790487,0.9988927245140076
TEST_30674,0.012357608415186405,0.9950758814811707
TEST_30675,0.25736114382743835,0.9947691559791565
TEST_30676,0.002492509549483657,0.9698874354362488
TEST_30677,0.012697074562311172,0.9889152646064758
TEST_30678,0.18944022059440613,0.8826722502708435
TEST_30679,0.00844715628772974,0.9912670254707336
TEST_30680,8.563819574192166e-05,0.9996680021286011
TEST_30681,0.8359403610229492,0.006361617241054773
TEST_30682,0.0009052705718204379,0.9980136156082153
TEST_30683,0.0005557956174015999,0.9995483756065369
TEST_30684,0.03142744302749634,0.9801304340362549
TEST_30685,0.008108020760118961,0.6550140976905823
TEST_30686,0.1811458319425583,0.8964425325393677
TEST_30687,0.0008649114170111716,0.999239444732666
TEST_30688,0.0006676411139778793,0.9999266862869263
TEST_30689,0.00642021419480443,0.38522955775260925
TEST_30690,0.011349337175488472,0.9888243079185486
TEST_30691,0.020685015246272087,0.9697956442832947
TEST_30692,0.02041783556342125,0.9709436893463135
TEST_30693,0.012945764698088169,0.9819576740264893
TEST_30694,0.4704042077064514,0.3580217957496643
TEST_30695,0.0004142864781897515,0.9885815978050232
TEST_30696,0.010485068894922733,0.9727914333343506
TEST_30697,0.2691243588924408,0.9733555912971497
TEST_30698,0.9968428611755371,0.03378568962216377
TEST_30699,0.005369868129491806,0.9931907057762146
TEST_30700,0.2692093551158905,0.9560513496398926
TEST_30701,0.7785788178443909,0.018745675683021545
TEST_30702,0.07516615837812424,0.9687291383743286
TEST_30703,0.05237087234854698,0.8875791430473328
TEST_30704,0.006622701417654753,0.982914924621582
TEST_30705,0.0013242666609585285,0.9555770754814148
TEST_30706,0.06750936806201935,0.9043158888816833
TEST_30707,0.0015986284706741571,0.9917634725570679
TEST_30708,0.2538358271121979,0.839837372303009
TEST_30709,0.05763740465044975,0.9106589555740356
TEST_30710,0.007347387727349997,0.9993595480918884
TEST_30711,0.032029490917921066,0.9964050054550171
TEST_30712,0.00015757592336740345,0.9999254941940308
TEST_30713,0.0007914120214991271,0.9962584972381592
TEST_30714,0.008997363969683647,0.9929569959640503
TEST_30715,0.01301723625510931,0.9769784808158875
TEST_30716,0.011434055864810944,0.9925687909126282
TEST_30717,0.01520333532243967,0.9808897972106934
TEST_30718,0.00044143086415715516,0.9992616772651672
TEST_30719,0.10518167167901993,0.815476655960083
TEST_30720,0.12656265497207642,0.8200260400772095
TEST_30721,0.004798554349690676,0.9991618394851685
TEST_30722,0.026890035718679428,0.9742098450660706
TEST_30723,0.0007520524086430669,0.9991519451141357
TEST_30724,0.000829556433018297,0.014405680820345879
TEST_30725,0.0005629344377666712,0.9953487515449524
TEST_30726,0.016634803265333176,0.9871587753295898
TEST_30727,0.0026434839237481356,0.9995532631874084
TEST_30728,0.298623651266098,0.7711463570594788
TEST_30729,0.0080919424071908,0.9966346621513367
TEST_30730,0.00855039618909359,0.9404235482215881
TEST_30731,0.07281823456287384,0.7303235530853271
TEST_30732,0.0032560734543949366,0.9928633570671082
TEST_30733,0.9945805668830872,0.0053078955970704556
TEST_30734,0.01632861979305744,0.99991774559021
TEST_30735,0.9268918037414551,0.5300540328025818
TEST_30736,0.00397994602099061,0.9983178377151489
TEST_30737,0.06557736545801163,0.9997406601905823
TEST_30738,0.0005665742792189121,0.9991071820259094
TEST_30739,7.669894694117829e-05,0.9998235106468201
TEST_30740,0.0067298454232513905,0.9845889210700989
TEST_30741,0.010066390968859196,0.9826844334602356
TEST_30742,0.07162882387638092,0.9363720417022705
TEST_30743,0.004519153386354446,0.9901435375213623
TEST_30744,0.2854142487049103,0.9360057711601257
TEST_30745,0.0023004505783319473,0.9980065226554871
TEST_30746,0.9801903367042542,0.46652016043663025
TEST_30747,0.01625761389732361,0.9929500818252563
TEST_30748,0.04175657033920288,0.8765872716903687
TEST_30749,3.468191835054313e-06,0.9998084902763367
TEST_30750,0.03261147066950798,0.9991393089294434
TEST_30751,0.39755094051361084,0.7302806973457336
TEST_30752,0.00736789358779788,0.9977031350135803
TEST_30753,0.0035586280282586813,0.9673404693603516
TEST_30754,0.013304387219250202,0.9733821153640747
TEST_30755,0.8919620513916016,0.11884966492652893
TEST_30756,0.0028651973698288202,0.9752020239830017
TEST_30757,0.1704045832157135,0.9428625106811523
TEST_30758,0.7258660197257996,0.8905624747276306
TEST_30759,0.0011513150529935956,0.9754616022109985
TEST_30760,0.00561253447085619,0.9904741644859314
TEST_30761,0.0011345493840053678,0.9967508316040039
TEST_30762,0.5631822943687439,0.9608513712882996
TEST_30763,0.0183413028717041,0.9993014335632324
TEST_30764,0.02219500206410885,0.9236301779747009
TEST_30765,0.005056250374764204,0.9180071353912354
TEST_30766,0.020549284294247627,0.9885026216506958
TEST_30767,0.00700233643874526,0.8671804070472717
TEST_30768,0.048511385917663574,0.9717550277709961
TEST_30769,0.08664818108081818,0.7610579133033752
TEST_30770,0.791681170463562,0.2361016571521759
TEST_30771,0.1969599425792694,0.986894965171814
TEST_30772,0.0019156783819198608,0.99566251039505
TEST_30773,0.18976585566997528,0.8731718063354492
TEST_30774,0.9191485047340393,0.9870290756225586
TEST_30775,0.0020256261341273785,0.9992706179618835
TEST_30776,0.0032755471765995026,0.9947484135627747
TEST_30777,0.023242780938744545,0.9649295210838318
TEST_30778,0.9995629191398621,0.00034472119295969605
TEST_30779,0.001485782559029758,0.9997256398200989
TEST_30780,0.15566933155059814,0.843235433101654
TEST_30781,0.9938323497772217,0.9530819654464722
TEST_30782,0.0008506681770086288,0.9993764758110046
TEST_30783,0.015058455057442188,0.9861300587654114
TEST_30784,0.0029842089861631393,0.9940160512924194
TEST_30785,0.22054894268512726,0.8947557210922241
TEST_30786,0.014463897794485092,0.9826127290725708
TEST_30787,0.00479480717331171,0.9847796559333801
TEST_30788,0.03761216625571251,0.562134325504303
TEST_30789,0.002252047648653388,0.9982635378837585
TEST_30790,0.0026596628595143557,0.9687454700469971
TEST_30791,0.0007214634097181261,0.9973351359367371
TEST_30792,0.009390238672494888,0.9985498785972595
TEST_30793,0.034653645008802414,0.8715706467628479
TEST_30794,1.3597289580502547e-05,0.9999470710754395
TEST_30795,0.0017479404341429472,0.6576610207557678
TEST_30796,0.0014878764050081372,0.9987066984176636
TEST_30797,0.008984969928860664,0.9973940849304199
TEST_30798,0.006090001203119755,0.99814772605896
TEST_30799,0.002746319631114602,0.9968355298042297
TEST_30800,0.9857473969459534,0.9007038474082947
TEST_30801,0.11897508800029755,0.9909647703170776
TEST_30802,0.07017107307910919,0.974785327911377
TEST_30803,0.024202531203627586,0.9232579469680786
TEST_30804,0.03432838246226311,0.8736732006072998
TEST_30805,0.0003977196756750345,0.9992063641548157
TEST_30806,0.011134056374430656,0.9910209774971008
TEST_30807,0.0014924812130630016,0.9995307922363281
TEST_30808,0.07573136687278748,0.9700384140014648
TEST_30809,0.03028694912791252,0.9547394514083862
TEST_30810,0.0012904960894957185,0.9991637468338013
TEST_30811,0.03623054549098015,0.9677032232284546
TEST_30812,0.07431784272193909,0.8761451840400696
TEST_30813,0.228902667760849,0.9651193618774414
TEST_30814,0.01709897629916668,0.9992055296897888
TEST_30815,0.3042808175086975,0.713407039642334
TEST_30816,0.06673096865415573,0.9638304710388184
TEST_30817,0.02677267976105213,0.9962339997291565
TEST_30818,0.012389834970235825,0.9848077297210693
TEST_30819,0.3543086051940918,0.44942665100097656
TEST_30820,0.035025857388973236,0.996955156326294
TEST_30821,0.017662862315773964,0.7922055125236511
TEST_30822,0.028377678245306015,0.9870391488075256
TEST_30823,0.0033338982611894608,0.9519504308700562
TEST_30824,0.036339059472084045,0.9921028017997742
TEST_30825,0.03419102355837822,0.8657366633415222
TEST_30826,0.11777616292238235,0.9991449117660522
TEST_30827,0.025805534794926643,0.9826263189315796
TEST_30828,0.0316702164709568,0.9123997688293457
TEST_30829,0.0013986077392473817,0.9879591464996338
TEST_30830,0.013203895650804043,0.906617283821106
TEST_30831,0.002746324986219406,0.9879288077354431
TEST_30832,0.001164772897027433,0.9994176626205444
TEST_30833,0.0920710414648056,0.861450731754303
TEST_30834,0.006056810263544321,0.9993923902511597
TEST_30835,0.9983855485916138,0.7983682751655579
TEST_30836,0.08308934420347214,0.8303666710853577
TEST_30837,0.009183382615447044,0.9351794123649597
TEST_30838,0.6240348219871521,0.9881643056869507
TEST_30839,0.0010654132347553968,0.9992502331733704
TEST_30840,0.002915474120527506,0.9987097978591919
TEST_30841,0.00437721936032176,0.9983916878700256
TEST_30842,0.0033016675151884556,0.9957727789878845
TEST_30843,0.00569714093580842,0.9831739068031311
TEST_30844,0.0011206803610548377,0.9996181726455688
TEST_30845,0.7257524728775024,0.5711610317230225
TEST_30846,0.010803609155118465,0.9925352334976196
TEST_30847,0.11946137249469757,0.8947110772132874
TEST_30848,0.0028830799274146557,0.9942871928215027
TEST_30849,2.0827612388529815e-05,0.9996973276138306
TEST_30850,0.004653744399547577,0.9799168705940247
TEST_30851,0.005723996087908745,0.9948615431785583
TEST_30852,0.007053458131849766,0.9993552565574646
TEST_30853,0.006025563459843397,0.9979773163795471
TEST_30854,0.0450538694858551,0.9630542397499084
TEST_30855,0.963931143283844,0.8380266427993774
TEST_30856,0.010552027262747288,0.9944440722465515
TEST_30857,0.0836094468832016,0.8740716576576233
TEST_30858,0.04721352458000183,0.7880009412765503
TEST_30859,0.020943013951182365,0.9824333190917969
TEST_30860,0.0006494672270491719,0.9961744546890259
TEST_30861,0.3835951089859009,0.8312434554100037
TEST_30862,0.04429201781749725,0.9793776869773865
TEST_30863,0.03949704021215439,0.9905794262886047
TEST_30864,0.004758048802614212,0.9982471466064453
TEST_30865,0.0008005045237950981,0.998514711856842
TEST_30866,0.20209991931915283,0.8804322481155396
TEST_30867,0.01222584955394268,0.9450681209564209
TEST_30868,0.015482636168599129,0.9320191144943237
TEST_30869,0.03968687728047371,0.9181842803955078
TEST_30870,0.13039588928222656,0.49550533294677734
TEST_30871,0.9258074760437012,0.8756204843521118
TEST_30872,0.1739368587732315,0.8926624655723572
TEST_30873,0.009138551540672779,0.8557867407798767
TEST_30874,0.9999814033508301,4.335980520409066e-06
TEST_30875,0.0002831894380506128,0.9999022483825684
TEST_30876,0.015356910414993763,0.3741201162338257
TEST_30877,0.0007223935681395233,0.9989116191864014
TEST_30878,0.0021502349991351366,0.9994125366210938
TEST_30879,0.6358980536460876,0.9844451546669006
TEST_30880,0.9743647575378418,0.9456649422645569
TEST_30881,0.00044047838309779763,0.9952510595321655
TEST_30882,0.009263032115995884,0.9864850044250488
TEST_30883,0.0015475325053557754,0.9994056224822998
TEST_30884,0.2852635681629181,0.7367435693740845
TEST_30885,0.01814989559352398,0.9972615242004395
TEST_30886,0.02693890780210495,0.8579036593437195
TEST_30887,0.5093584060668945,0.9098145961761475
TEST_30888,0.0002408600557828322,0.9995624423027039
TEST_30889,0.08763855695724487,0.9886441230773926
TEST_30890,0.0062746042385697365,0.996878981590271
TEST_30891,0.09215592592954636,0.3959812521934509
TEST_30892,0.9685492515563965,0.010445150546729565
TEST_30893,0.024552466347813606,0.944844663143158
TEST_30894,0.09020818024873734,0.0014115417143329978
TEST_30895,0.03352820873260498,0.8515422940254211
TEST_30896,0.0042581818997859955,0.9980409741401672
TEST_30897,0.0003067193611059338,0.9965204000473022
TEST_30898,0.032015204429626465,0.9939800500869751
TEST_30899,0.03149181604385376,0.9833874702453613
TEST_30900,0.0023047251161187887,0.6670010685920715
TEST_30901,0.009272659197449684,0.880855143070221
TEST_30902,0.012528321705758572,0.9255574941635132
TEST_30903,0.9837111830711365,0.8288348913192749
TEST_30904,0.08240548521280289,0.9711146950721741
TEST_30905,0.002792451996356249,0.9982873797416687
TEST_30906,0.11530052870512009,0.9095487594604492
TEST_30907,0.017559723928570747,0.9902737736701965
TEST_30908,0.0004152175970375538,0.9999819993972778
TEST_30909,0.03573470935225487,0.9822937846183777
TEST_30910,0.02698700502514839,0.8947367668151855
TEST_30911,0.000852130469866097,0.9925469756126404
TEST_30912,0.002954438328742981,0.9958972930908203
TEST_30913,0.011335236951708794,0.8366724848747253
TEST_30914,0.03822769224643707,0.9134647250175476
TEST_30915,0.010549154132604599,0.9850563406944275
TEST_30916,0.0012397723039612174,0.9994322657585144
TEST_30917,0.8779760599136353,0.25712302327156067
TEST_30918,0.010311025194823742,0.9838500022888184
TEST_30919,0.007694798521697521,0.9876723885536194
TEST_30920,0.02997078187763691,0.9759442806243896
TEST_30921,0.04083467647433281,0.9237750172615051
TEST_30922,0.021952133625745773,0.9773484468460083
TEST_30923,0.0013564630644395947,0.9999293088912964
TEST_30924,0.006346233654767275,0.9998371601104736
TEST_30925,0.3291442394256592,0.918206512928009
TEST_30926,0.015671133995056152,0.9807813167572021
TEST_30927,0.0012782021658495069,0.999993085861206
TEST_30928,0.008155603893101215,0.9990155696868896
TEST_30929,0.018234623596072197,0.9764734506607056
TEST_30930,0.009656718000769615,0.9946222305297852
TEST_30931,0.0005090196500532329,0.9953508377075195
TEST_30932,0.04100864753127098,0.8480802774429321
TEST_30933,0.0016672640340402722,0.9861154556274414
TEST_30934,0.00032033154275268316,0.9997277855873108
TEST_30935,0.0010972133604809642,0.9983881711959839
TEST_30936,0.005712679587304592,0.039418697357177734
TEST_30937,0.11745626479387283,0.9294339418411255
TEST_30938,0.004469107370823622,0.9922106266021729
TEST_30939,0.0010630701435729861,0.9998852014541626
TEST_30940,0.011256814002990723,0.9967918992042542
TEST_30941,0.005500406492501497,0.997307300567627
TEST_30942,0.1468595415353775,0.8992319703102112
TEST_30943,0.10623422265052795,0.9893566966056824
TEST_30944,0.006316189654171467,0.8768439292907715
TEST_30945,0.999950647354126,0.001618341775611043
TEST_30946,0.007137166801840067,0.976581335067749
TEST_30947,0.0016542201628908515,0.9986729621887207
TEST_30948,0.0014679996529594064,0.9978756904602051
TEST_30949,0.026865419000387192,0.9973215460777283
TEST_30950,0.23334552347660065,0.39978063106536865
TEST_30951,0.00986519642174244,0.988795280456543
TEST_30952,0.025522558018565178,0.8710726499557495
TEST_30953,0.0028758517000824213,0.9996564388275146
TEST_30954,0.02250751107931137,0.975897490978241
TEST_30955,0.01821729727089405,0.9834082126617432
TEST_30956,0.06406282633543015,0.8192592263221741
TEST_30957,0.0051683043129742146,0.9938365817070007
TEST_30958,0.04195522889494896,0.13807477056980133
TEST_30959,0.011853734962642193,0.902148962020874
TEST_30960,0.02677365578711033,0.9984601736068726
TEST_30961,0.0013634624192491174,0.9994156360626221
TEST_30962,0.04479249194264412,0.9386790990829468
TEST_30963,0.009050683118402958,0.9877288341522217
TEST_30964,0.9496743083000183,0.9337337613105774
TEST_30965,0.9985023736953735,0.5055881142616272
TEST_30966,0.014235381036996841,0.9850642085075378
TEST_30967,0.0006375146913342178,0.9904521703720093
TEST_30968,0.07831140607595444,0.4964170455932617
TEST_30969,0.00703531363978982,0.9793216586112976
TEST_30970,0.002667210530489683,0.9974755644798279
TEST_30971,0.03598930686712265,0.9859391450881958
TEST_30972,0.08196389675140381,0.9900116324424744
TEST_30973,0.0007125587435439229,0.994950532913208
TEST_30974,0.001485233660787344,0.9906987547874451
TEST_30975,0.016123656183481216,0.940839409828186
TEST_30976,0.007060825824737549,0.9839028120040894
TEST_30977,0.0004319216823205352,0.9964573979377747
TEST_30978,0.005255230702459812,0.9871100187301636
TEST_30979,0.005912663880735636,0.9278609156608582
TEST_30980,0.3237503170967102,0.9402539134025574
TEST_30981,0.1096443459391594,0.9502683877944946
TEST_30982,0.0005533664370886981,0.998613715171814
TEST_30983,0.0007357937283813953,0.9956782460212708
TEST_30984,0.923798143863678,0.5375843644142151
TEST_30985,0.005133862607181072,0.9995365142822266
TEST_30986,0.011480040848255157,0.9830564260482788
TEST_30987,0.002101789228618145,0.9968321919441223
TEST_30988,0.42538920044898987,0.9865140318870544
TEST_30989,0.023628896102309227,0.9969919919967651
TEST_30990,0.0016318121924996376,0.999224066734314
TEST_30991,0.0018524624174460769,0.9962663054466248
TEST_30992,0.7142425775527954,0.9700352549552917
TEST_30993,0.03546309843659401,0.9661093950271606
TEST_30994,0.01477331854403019,0.9911195635795593
TEST_30995,0.01347261667251587,0.9362010955810547
TEST_30996,0.0648297443985939,0.9774197340011597
TEST_30997,0.016542693600058556,0.9974424839019775
TEST_30998,0.024891503155231476,0.9691076278686523
TEST_30999,0.9998853206634521,0.6475049257278442
TEST_31000,0.005192803218960762,0.9916229844093323
TEST_31001,0.019101114943623543,0.8977998495101929
TEST_31002,0.12126331031322479,0.7248870730400085
TEST_31003,0.0010127756977453828,0.996351957321167
TEST_31004,0.05467839911580086,0.9426876902580261
TEST_31005,0.19040407240390778,0.8247764110565186
TEST_31006,0.0042896275408566,0.937830924987793
TEST_31007,0.00015725038247182965,0.9999964237213135
TEST_31008,0.10267025977373123,0.7335256338119507
TEST_31009,0.012915529310703278,0.9423677325248718
TEST_31010,0.8195492029190063,0.5035553574562073
TEST_31011,0.017238793894648552,0.8063252568244934
TEST_31012,0.06378921866416931,0.8767881989479065
TEST_31013,0.00013814997510053217,0.9996966123580933
TEST_31014,0.02392810583114624,0.9283323884010315
TEST_31015,0.002949677873402834,0.9931675791740417
TEST_31016,0.00958731397986412,0.9989598989486694
TEST_31017,0.006036986596882343,0.9855986833572388
TEST_31018,0.30646923184394836,0.8832879662513733
TEST_31019,0.005434255115687847,0.9999096393585205
TEST_31020,0.009045706130564213,0.9830582141876221
TEST_31021,0.00580369820818305,0.8487633466720581
TEST_31022,0.008647982962429523,0.9997356534004211
TEST_31023,0.003220871789380908,0.9875296354293823
TEST_31024,0.006918136030435562,0.9991781115531921
TEST_31025,0.13273365795612335,0.9938496947288513
TEST_31026,0.002682116813957691,0.9902459383010864
TEST_31027,0.002512500621378422,0.8796398639678955
TEST_31028,0.03425942733883858,0.9942436814308167
TEST_31029,0.019752398133277893,0.9929735660552979
TEST_31030,0.04227625951170921,0.9284343719482422
TEST_31031,0.012807575985789299,0.9973279237747192
TEST_31032,0.00897191558033228,0.9994682669639587
TEST_31033,0.03379656374454498,0.998257577419281
TEST_31034,0.9751846790313721,0.2076302170753479
TEST_31035,0.009897143580019474,0.9836099147796631
TEST_31036,0.0059583596885204315,0.9087072014808655
TEST_31037,0.17761492729187012,0.7644926905632019
TEST_31038,0.0024871944915503263,0.9491928815841675
TEST_31039,0.030643774196505547,0.9759480357170105
TEST_31040,0.9072933197021484,0.900646984577179
TEST_31041,0.005417939741164446,0.9973165392875671
TEST_31042,1.4273751730797812e-05,0.9999979734420776
TEST_31043,0.0010455332230776548,0.9987736344337463
TEST_31044,0.01286015659570694,0.9989995360374451
TEST_31045,0.0008669878588989377,0.9991583824157715
TEST_31046,0.014315423555672169,0.8849671483039856
TEST_31047,0.0024004788137972355,0.99891197681427
TEST_31048,0.01617409847676754,0.9526426196098328
TEST_31049,0.03585334122180939,0.9797072410583496
TEST_31050,0.02390531450510025,0.9209985136985779
TEST_31051,0.036805253475904465,0.9768440127372742
TEST_31052,0.02058582380414009,0.9210913181304932
TEST_31053,0.08354268968105316,0.9698034524917603
TEST_31054,0.0047765071503818035,0.991513192653656
TEST_31055,0.012434436939656734,0.9882241487503052
TEST_31056,0.2751501500606537,0.7502716779708862
TEST_31057,0.014638514257967472,0.9963744282722473
TEST_31058,0.005772247910499573,0.9633917212486267
TEST_31059,0.026029618456959724,0.9625214338302612
TEST_31060,0.023576462641358376,0.9826850295066833
TEST_31061,0.031392186880111694,0.8987749218940735
TEST_31062,0.0025293314829468727,0.994088888168335
TEST_31063,0.27395620942115784,0.9366300702095032
TEST_31064,0.022445769980549812,0.9946315288543701
TEST_31065,0.08571115136146545,0.9988840222358704
TEST_31066,0.000736720219720155,0.978465735912323
TEST_31067,0.0003137049498036504,0.999846339225769
TEST_31068,0.5883764028549194,0.8955457806587219
TEST_31069,0.001011578948237002,0.9998252987861633
TEST_31070,0.006094935815781355,0.9969569444656372
TEST_31071,0.000983508420176804,0.9979763627052307
TEST_31072,0.014565492980182171,0.8869837522506714
TEST_31073,0.031993865966796875,0.8735733032226562
TEST_31074,0.0010298534762114286,0.9998632669448853
TEST_31075,0.08046349138021469,0.9890334606170654
TEST_31076,0.0694674551486969,0.9979299306869507
TEST_31077,0.018868423998355865,0.9193433523178101
TEST_31078,0.18705108761787415,0.8918936848640442
TEST_31079,0.2061639428138733,0.8574873208999634
TEST_31080,0.3751259744167328,0.11129935085773468
TEST_31081,0.002750492887571454,0.9940218329429626
TEST_31082,0.05766552686691284,0.5943766832351685
TEST_31083,0.0732429102063179,0.9710157513618469
TEST_31084,0.9535245299339294,0.5240616202354431
TEST_31085,0.7473796010017395,0.6876814365386963
TEST_31086,0.009644025936722755,0.9050157070159912
TEST_31087,0.2593177258968353,0.9888555407524109
TEST_31088,0.4051329493522644,0.967698335647583
TEST_31089,0.01167044322937727,0.9919331669807434
TEST_31090,0.007673215586692095,0.9614776372909546
TEST_31091,0.6982704401016235,0.24777854979038239
TEST_31092,0.04469570890069008,0.8894335627555847
TEST_31093,0.010403630323708057,0.9712087512016296
TEST_31094,0.008361821994185448,0.9982951283454895
TEST_31095,0.015610032714903355,0.8768611550331116
TEST_31096,0.2852262258529663,0.8477704524993896
TEST_31097,0.00021648357505910099,0.9992471933364868
TEST_31098,0.0011462217662483454,0.9912257790565491
TEST_31099,0.0018610948463901877,0.9974960684776306
TEST_31100,0.03744461014866829,0.8396479487419128
TEST_31101,0.38078588247299194,0.8631232976913452
TEST_31102,0.7845978736877441,0.4828294813632965
TEST_31103,0.05654696747660637,0.8907784223556519
TEST_31104,0.0007791362586431205,0.9962173104286194
TEST_31105,0.002644456923007965,0.9645290970802307
TEST_31106,0.01831032708287239,0.982858419418335
TEST_31107,0.03841705247759819,0.9847927093505859
TEST_31108,0.14713293313980103,0.8953012228012085
TEST_31109,0.057103708386421204,0.8715227842330933
TEST_31110,0.0050342190079391,0.9872685670852661
TEST_31111,0.2648830711841583,0.5774837732315063
TEST_31112,0.038089703768491745,0.9932810664176941
TEST_31113,0.0002749735431279987,0.9944735169410706
TEST_31114,0.18125511705875397,0.520513117313385
TEST_31115,0.002094477182254195,0.994280219078064
TEST_31116,0.01019546203315258,0.793584406375885
TEST_31117,0.002517178887501359,0.9971147775650024
TEST_31118,0.004399630706757307,0.9986572265625
TEST_31119,0.006996741984039545,0.9973381161689758
TEST_31120,0.02113158255815506,0.9752755165100098
TEST_31121,0.0005283617647364736,0.9997443556785583
TEST_31122,0.0005452737677842379,0.9997833371162415
TEST_31123,0.010703160427510738,0.904711127281189
TEST_31124,0.016724146902561188,0.9544718861579895
TEST_31125,0.09304554760456085,0.8638738393783569
TEST_31126,0.04271499067544937,0.8999531269073486
TEST_31127,0.03257330134510994,0.9604271650314331
TEST_31128,0.9277121424674988,0.42368385195732117
TEST_31129,0.05992991477251053,0.9102742671966553
TEST_31130,0.948722243309021,0.7216097712516785
TEST_31131,0.2673604488372803,0.9743348360061646
TEST_31132,0.024000199511647224,0.9705832004547119
TEST_31133,0.0020832326263189316,0.9916509985923767
TEST_31134,0.0023626191541552544,1.0
TEST_31135,0.07355159521102905,0.9288772940635681
TEST_31136,0.0030978010036051273,0.9977501034736633
TEST_31137,0.013349187560379505,0.9894461035728455
TEST_31138,0.0030263110529631376,0.975385844707489
TEST_31139,0.0008824864635244012,0.9980265498161316
TEST_31140,0.03375275433063507,0.9895582795143127
TEST_31141,0.04897676408290863,0.8467355370521545
TEST_31142,0.01756569743156433,0.9180318713188171
TEST_31143,0.10449086874723434,0.7289807200431824
TEST_31144,0.20501510798931122,0.46796292066574097
TEST_31145,0.8260440826416016,0.8304538726806641
TEST_31146,0.27190396189689636,0.8654349446296692
TEST_31147,0.11467111110687256,0.999764621257782
TEST_31148,0.0030221445485949516,0.9967987537384033
TEST_31149,0.04178239405155182,0.8199781775474548
TEST_31150,0.1445504128932953,0.9913249015808105
TEST_31151,0.01809573359787464,0.9937677383422852
TEST_31152,0.11149391531944275,0.2275843471288681
TEST_31153,0.005267346743494272,0.984181821346283
TEST_31154,0.023166781291365623,0.9955980181694031
TEST_31155,0.024630621075630188,0.9983760118484497
TEST_31156,0.04820198565721512,0.7819465398788452
TEST_31157,0.5658235549926758,0.9626169800758362
TEST_31158,0.0037164664827287197,0.9894759654998779
TEST_31159,0.9315561056137085,0.9655253887176514
TEST_31160,0.0037104738876223564,0.874998152256012
TEST_31161,0.1599794626235962,0.9916201829910278
TEST_31162,0.1163678988814354,0.9721378684043884
TEST_31163,0.024423204362392426,0.987494170665741
TEST_31164,0.01655348762869835,0.9618604183197021
TEST_31165,0.008682603016495705,0.9654046893119812
TEST_31166,0.00013351201778277755,0.9994753003120422
TEST_31167,0.010902069509029388,0.9998528957366943
TEST_31168,0.9729999303817749,0.9066075682640076
TEST_31169,0.2022182047367096,0.9258559942245483
TEST_31170,0.9999889135360718,0.0005210610688664019
TEST_31171,0.002097649034112692,0.993335485458374
TEST_31172,0.01226420421153307,0.998741090297699
TEST_31173,0.05278420075774193,0.44462400674819946
TEST_31174,0.008481745608150959,0.8616637587547302
TEST_31175,0.024579599499702454,0.8873511552810669
TEST_31176,0.013128231279551983,0.9552533626556396
TEST_31177,0.038145821541547775,0.9433808922767639
TEST_31178,0.0014117708196863532,0.9981623291969299
TEST_31179,0.024739980697631836,0.9744201898574829
TEST_31180,0.06958155333995819,0.9725930094718933
TEST_31181,0.002520047826692462,0.9972397089004517
TEST_31182,0.6556296348571777,0.9055798649787903
TEST_31183,0.02566705271601677,0.8623949289321899
TEST_31184,0.008216599002480507,0.8329113125801086
TEST_31185,0.00013480085181072354,0.999794065952301
TEST_31186,0.006182811688631773,0.9992521405220032
TEST_31187,0.079768605530262,0.5189732313156128
TEST_31188,0.009663164615631104,0.9893335700035095
TEST_31189,0.0012468213681131601,0.9962044358253479
TEST_31190,0.6094358563423157,0.6341884136199951
TEST_31191,0.07534435391426086,0.9008036851882935
TEST_31192,0.001106139156036079,0.9577779173851013
TEST_31193,0.7644563913345337,0.7985759377479553
TEST_31194,0.05411165580153465,0.8859124183654785
TEST_31195,0.05276607722043991,0.8780456781387329
TEST_31196,0.0006816032691858709,0.9833049774169922
TEST_31197,0.0011764303781092167,0.99858558177948
TEST_31198,0.0020795261953026056,0.9973983764648438
TEST_31199,0.0700567290186882,0.9268506169319153
TEST_31200,0.0011622542515397072,0.996695876121521
TEST_31201,0.001809610752388835,0.9979285001754761
TEST_31202,0.03089531883597374,0.9839969873428345
TEST_31203,0.9833316802978516,0.9566845297813416
TEST_31204,0.0050116414204239845,0.99998939037323
TEST_31205,0.006974741350859404,0.9877716302871704
TEST_31206,0.10357373207807541,0.958246111869812
TEST_31207,0.0047378079034388065,0.9606010317802429
TEST_31208,0.010063217021524906,0.9973798394203186
TEST_31209,4.3664487748174e-05,0.9999730587005615
TEST_31210,0.00025577537599019706,0.998381495475769
TEST_31211,0.02201404608786106,0.9849358201026917
TEST_31212,0.5215569138526917,0.24668586254119873
TEST_31213,0.025257278233766556,0.8704699873924255
TEST_31214,0.5622001886367798,0.7570017576217651
TEST_31215,0.38301438093185425,0.916506290435791
TEST_31216,0.014397768303751945,0.9985237717628479
TEST_31217,0.00033055522362701595,0.999716579914093
TEST_31218,0.0016736781690269709,0.9968501925468445
TEST_31219,0.031051872298121452,0.9863262176513672
TEST_31220,0.010533304885029793,0.9969468712806702
TEST_31221,0.014270653948187828,0.9434069991111755
TEST_31222,0.009399629198014736,0.9345521330833435
TEST_31223,0.0015962024917826056,0.997545063495636
TEST_31224,0.007440934423357248,0.9935837388038635
TEST_31225,0.023786799982190132,0.9983898401260376
TEST_31226,0.08115565031766891,0.9355936050415039
TEST_31227,3.399147681193426e-05,0.9999788999557495
TEST_31228,0.04532492160797119,0.9983788728713989
TEST_31229,0.0002320454514119774,0.9983129501342773
TEST_31230,0.014496506191790104,0.9843695163726807
TEST_31231,0.015080416575074196,0.998981773853302
TEST_31232,0.10588204115629196,0.9965732097625732
TEST_31233,0.031598638743162155,0.9382954239845276
TEST_31234,0.15187261998653412,0.9644294381141663
TEST_31235,0.014476628042757511,0.9951853156089783
TEST_31236,0.3351140320301056,0.011015212163329124
TEST_31237,0.0016973908059298992,0.8726431727409363
TEST_31238,0.7710870504379272,0.8931742906570435
TEST_31239,0.04773622006177902,0.996955156326294
TEST_31240,0.05348222330212593,0.9474658966064453
TEST_31241,0.004966529551893473,0.9872007369995117
TEST_31242,0.01697687990963459,0.9536349773406982
TEST_31243,0.06606718897819519,0.42655739188194275
TEST_31244,0.006821079179644585,0.9984844326972961
TEST_31245,0.9267861247062683,0.0010291326325386763
TEST_31246,0.0029025585390627384,0.9272026419639587
TEST_31247,0.0018668861594051123,0.841129720211029
TEST_31248,0.007384099997580051,0.727406919002533
TEST_31249,0.017663003876805305,0.9966464638710022
TEST_31250,0.7898743748664856,0.814755380153656
TEST_31251,0.3366265892982483,0.9253520965576172
TEST_31252,0.06496422737836838,0.9882090091705322
TEST_31253,0.07939242571592331,0.8196431994438171
TEST_31254,0.4004359543323517,0.9198007583618164
TEST_31255,0.02837477996945381,0.9080734252929688
TEST_31256,0.0035792493727058172,0.9839903116226196
TEST_31257,0.9996080994606018,0.004295295104384422
TEST_31258,0.7728793621063232,0.3224495053291321
TEST_31259,0.002001349348574877,0.9998862743377686
TEST_31260,0.013461820781230927,0.9978190660476685
TEST_31261,0.038069844245910645,0.9764982461929321
TEST_31262,0.035422906279563904,0.9149134159088135
TEST_31263,0.038026489317417145,0.9670321941375732
TEST_31264,0.001259289332665503,0.999599039554596
TEST_31265,0.09114739298820496,0.98647540807724
TEST_31266,0.0015403220895677805,0.9779424071311951
TEST_31267,0.022893041372299194,0.9847351312637329
TEST_31268,0.5954355597496033,0.8863449692726135
TEST_31269,0.011456363834440708,0.9914577603340149
TEST_31270,0.03216450288891792,0.911933958530426
TEST_31271,0.0002655972202774137,0.9978033900260925
TEST_31272,0.9922937154769897,0.004570316057652235
TEST_31273,0.005777512211352587,0.9997826218605042
TEST_31274,0.0037796194665133953,0.8506763577461243
TEST_31275,0.007726140785962343,0.9956676959991455
TEST_31276,6.231181760085747e-05,0.9996687173843384
TEST_31277,0.9991969466209412,0.024648284539580345
TEST_31278,0.006386066786944866,0.9250776767730713
TEST_31279,0.2512507438659668,0.7707264423370361
TEST_31280,0.5585905313491821,0.4691101908683777
TEST_31281,0.020325692370533943,0.9566115736961365
TEST_31282,0.08763476461172104,0.8191522359848022
TEST_31283,0.006608035881072283,0.9797301292419434
TEST_31284,0.06950657814741135,0.30684298276901245
TEST_31285,0.385096937417984,0.985636830329895
TEST_31286,0.001688178163021803,0.9995463490486145
TEST_31287,0.008750970475375652,0.9332216382026672
TEST_31288,0.0021937014535069466,0.9766507744789124
TEST_31289,0.011251761578023434,0.9387465119361877
TEST_31290,0.7042301893234253,0.9618702530860901
TEST_31291,0.03416202962398529,0.9398578405380249
TEST_31292,0.0038484549149870872,0.9717692136764526
TEST_31293,0.03841890022158623,0.8895299434661865
TEST_31294,4.146493301959708e-05,0.9911672472953796
TEST_31295,0.012546581216156483,0.9933367967605591
TEST_31296,0.9193398952484131,0.04677775129675865
TEST_31297,0.022522401064634323,0.9872350096702576
TEST_31298,0.009150839410722256,0.9839941263198853
TEST_31299,0.30202263593673706,0.9283088445663452
TEST_31300,0.0013152662431821227,0.9985799789428711
TEST_31301,0.007203602697700262,0.9972535967826843
TEST_31302,0.15935808420181274,0.9788665175437927
TEST_31303,0.0022356181871145964,0.9884342551231384
TEST_31304,0.0034818206913769245,0.9490432143211365
TEST_31305,0.032912638038396835,0.981745719909668
TEST_31306,0.14252367615699768,0.5868975520133972
TEST_31307,0.2319091558456421,0.9541133046150208
TEST_31308,0.013980436138808727,0.9881513118743896
TEST_31309,0.9976975321769714,0.0030398345552384853
TEST_31310,0.1685880422592163,0.990483283996582
TEST_31311,0.0005798852653242648,0.9854346513748169
TEST_31312,0.004749724175781012,0.9929150342941284
TEST_31313,0.5916285514831543,0.826190173625946
TEST_31314,0.008890015073120594,0.9871296286582947
TEST_31315,0.020412500947713852,0.9229534864425659
TEST_31316,0.031230691820383072,0.8995471000671387
TEST_31317,0.012737155891954899,0.8701949715614319
TEST_31318,0.015658577904105186,0.9800047278404236
TEST_31319,0.0720728263258934,0.9589512348175049
TEST_31320,0.004573004320263863,0.9623876810073853
TEST_31321,0.0316142775118351,0.8802816867828369
TEST_31322,0.1698969006538391,0.8813027739524841
TEST_31323,0.42677608132362366,0.7176523804664612
TEST_31324,0.02258039079606533,0.9917804598808289
TEST_31325,0.02740177884697914,0.8911710381507874
TEST_31326,0.017229223623871803,0.9935171604156494
TEST_31327,0.015855157747864723,0.9973589777946472
TEST_31328,0.002809112425893545,0.9931433200836182
TEST_31329,0.0040697259828448296,0.9961112141609192
TEST_31330,0.9213101267814636,0.9843305945396423
TEST_31331,0.006989986170083284,0.9995604157447815
TEST_31332,0.011067227460443974,0.9751112461090088
TEST_31333,0.01397791225463152,0.9997656941413879
TEST_31334,4.1876742216118146e-06,0.9997308850288391
TEST_31335,0.041011787950992584,0.9026458263397217
TEST_31336,0.0005840882076881826,0.9953685998916626
TEST_31337,0.8232658505439758,0.8436492681503296
TEST_31338,0.00015402653662022203,0.9998886585235596
TEST_31339,0.00958944670855999,0.9761511087417603
TEST_31340,0.2913612425327301,0.9891806244850159
TEST_31341,0.11652746796607971,0.9126157760620117
TEST_31342,0.004775159060955048,0.8595709800720215
TEST_31343,0.012414959259331226,0.9282506108283997
TEST_31344,0.053946420550346375,0.8811845183372498
TEST_31345,0.003082946175709367,0.9999971389770508
TEST_31346,0.0010417968733236194,0.9997735619544983
TEST_31347,0.05245432257652283,0.9719356894493103
TEST_31348,0.07324223220348358,0.9953676462173462
TEST_31349,0.008740590885281563,0.8503298759460449
TEST_31350,0.9577909708023071,0.11565608531236649
TEST_31351,0.08806776255369186,0.8998528122901917
TEST_31352,0.897045910358429,0.04635986313223839
TEST_31353,0.007212246302515268,0.9914597272872925
TEST_31354,0.01754181645810604,0.9897819757461548
TEST_31355,0.0910898968577385,0.9863178730010986
TEST_31356,0.04961858317255974,0.825190544128418
TEST_31357,0.0020864505786448717,0.9877354502677917
TEST_31358,0.6247499585151672,0.008142647333443165
TEST_31359,0.12042863667011261,0.8070977330207825
TEST_31360,0.2732842266559601,0.977655291557312
TEST_31361,0.02639445848762989,0.8410672545433044
TEST_31362,0.02273373119533062,0.9226773381233215
TEST_31363,0.025615954771637917,0.9285129904747009
TEST_31364,0.007005859166383743,0.9973478317260742
TEST_31365,0.9994801878929138,0.02104322426021099
TEST_31366,0.0011372669832780957,0.98605877161026
TEST_31367,0.0018026747275143862,0.9565766453742981
TEST_31368,0.03488289192318916,0.9224376082420349
TEST_31369,0.013725674711167812,0.996612012386322
TEST_31370,0.19404849410057068,0.3918185234069824
TEST_31371,0.0004833857819903642,0.9973438382148743
TEST_31372,0.06002601608633995,0.9999582767486572
TEST_31373,0.007284572813659906,0.8843177556991577
TEST_31374,0.006239363923668861,0.9715256094932556
TEST_31375,0.0018130297539755702,0.9994296431541443
TEST_31376,0.010217118076980114,0.9784285426139832
TEST_31377,0.0038067917339503765,0.9974779486656189
TEST_31378,0.39993584156036377,0.6788219809532166
TEST_31379,0.05678756535053253,0.9795728325843811
TEST_31380,0.028691718354821205,0.9773395657539368
TEST_31381,0.041659656912088394,0.8587101697921753
TEST_31382,0.020468037575483322,0.9949479103088379
TEST_31383,0.05023415386676788,0.9282214045524597
TEST_31384,0.0027325903065502644,0.9957314133644104
TEST_31385,0.020533829927444458,0.9408247470855713
TEST_31386,0.025301964953541756,0.8657118678092957
TEST_31387,0.05526313558220863,0.9687361717224121
TEST_31388,0.0017181941075250506,0.9969646334648132
TEST_31389,0.0009659302304498851,0.9985421895980835
TEST_31390,0.012496205978095531,0.9992425441741943
TEST_31391,0.16154733300209045,0.6834861636161804
TEST_31392,0.00568872457370162,0.9948703050613403
TEST_31393,0.11192229390144348,0.891578197479248
TEST_31394,0.0541548877954483,0.8994169235229492
TEST_31395,0.10695577412843704,0.7303987741470337
TEST_31396,0.22306591272354126,0.8943353295326233
TEST_31397,0.0037148953415453434,0.9998113512992859
TEST_31398,0.016080595552921295,0.9784291386604309
TEST_31399,0.000601353996898979,0.9998179078102112
TEST_31400,0.009074166417121887,0.9968054294586182
TEST_31401,0.03376108407974243,0.9516679048538208
TEST_31402,0.012536712922155857,0.992371678352356
TEST_31403,0.002123781479895115,0.9932531714439392
TEST_31404,0.0035544424317777157,0.7978445887565613
TEST_31405,0.001983840949833393,0.9970245957374573
TEST_31406,0.01644432730972767,0.8246362209320068
TEST_31407,0.5943080186843872,0.6058976650238037
TEST_31408,0.0011205656919628382,0.9999680519104004
TEST_31409,0.012207131832838058,0.9399439692497253
TEST_31410,0.002851049415767193,0.9524337649345398
TEST_31411,0.2190660834312439,0.8069360852241516
TEST_31412,0.009176891297101974,0.9467130899429321
TEST_31413,0.6205000281333923,0.9635645747184753
TEST_31414,0.9957309365272522,0.8341078758239746
TEST_31415,0.3183789551258087,0.9547340869903564
TEST_31416,0.2975342571735382,0.7769150137901306
TEST_31417,0.7933962345123291,0.10858889669179916
TEST_31418,0.008186504244804382,0.8792359232902527
TEST_31419,0.03428193926811218,0.9323722124099731
TEST_31420,0.014702466316521168,0.9768890738487244
TEST_31421,0.004637690261006355,0.9202637672424316
TEST_31422,0.012701193802058697,0.9909404516220093
TEST_31423,0.08695608377456665,0.9855408072471619
TEST_31424,0.00133537407964468,0.9994499087333679
TEST_31425,0.021379560232162476,0.9120942950248718
TEST_31426,0.006553501822054386,0.995374858379364
TEST_31427,0.5776649117469788,0.8993580937385559
TEST_31428,0.019719906151294708,0.851547122001648
TEST_31429,0.007331970147788525,0.9636631608009338
TEST_31430,0.062350884079933167,0.9989062547683716
TEST_31431,0.8758879899978638,0.8337767720222473
TEST_31432,0.0012207237305119634,0.998308539390564
TEST_31433,0.007628563791513443,0.9973461627960205
TEST_31434,0.04549334943294525,0.7935053706169128
TEST_31435,0.0019243129063397646,0.9891022443771362
TEST_31436,0.0023818020708858967,0.8672634959220886
TEST_31437,0.11678200215101242,0.6435589790344238
TEST_31438,0.05854136124253273,0.9587765336036682
TEST_31439,0.014934755861759186,0.990385890007019
TEST_31440,0.1382400095462799,0.9861803650856018
TEST_31441,0.03144003823399544,0.527927815914154
TEST_31442,0.004148153588175774,0.9993719458580017
TEST_31443,0.9999606609344482,0.00086303980788216
TEST_31444,0.10148095339536667,0.9925153851509094
TEST_31445,0.1312079280614853,0.8453688025474548
TEST_31446,0.9960839748382568,0.7739631533622742
TEST_31447,0.904630720615387,0.8863489031791687
TEST_31448,0.049984294921159744,0.9938777089118958
TEST_31449,0.05908956378698349,0.8135156631469727
TEST_31450,0.001961489673703909,0.9916690587997437
TEST_31451,0.0029588183388113976,0.9990481734275818
TEST_31452,0.15978997945785522,0.9601528644561768
TEST_31453,0.03143611550331116,0.9982842803001404
TEST_31454,0.0020359724294394255,0.9974374771118164
TEST_31455,0.3082798421382904,0.8018530607223511
TEST_31456,0.0035653843078762293,0.9999984502792358
TEST_31457,0.007510883267968893,0.9907606840133667
TEST_31458,0.06911912560462952,0.5696306228637695
TEST_31459,0.10857629776000977,0.6927473545074463
TEST_31460,0.0014506563311442733,0.9989209175109863
TEST_31461,0.015581568703055382,0.9430702328681946
TEST_31462,0.14441055059432983,0.97945237159729
TEST_31463,0.02759370766580105,0.9953969120979309
TEST_31464,0.003912230487912893,0.9965214729309082
TEST_31465,0.832134485244751,0.7254939079284668
TEST_31466,0.0010493311565369368,0.9375726580619812
TEST_31467,0.0024972541723400354,0.9988246560096741
TEST_31468,0.022922806441783905,0.9954506754875183
TEST_31469,0.00213569775223732,0.9988194108009338
TEST_31470,0.01777348853647709,0.9909421801567078
TEST_31471,0.9213307499885559,0.2240138202905655
TEST_31472,0.9118859767913818,0.8467176556587219
TEST_31473,0.002851565834134817,0.9998119473457336
TEST_31474,0.006194974295794964,0.9974848031997681
TEST_31475,0.0026312372647225857,0.9836694598197937
TEST_31476,0.3967500925064087,0.9887232780456543
TEST_31477,0.019347934052348137,0.995271623134613
TEST_31478,0.004499333910644054,0.9990324974060059
TEST_31479,0.0009303457918576896,0.9909747242927551
TEST_31480,0.023740630596876144,0.9999479055404663
TEST_31481,0.02613893896341324,0.9951127171516418
TEST_31482,0.12515725195407867,0.44714680314064026
TEST_31483,0.022672129794955254,0.9997887015342712
TEST_31484,0.04743530601263046,0.9082597494125366
TEST_31485,0.8805913329124451,0.7448335886001587
TEST_31486,0.9039617776870728,0.8861040472984314
TEST_31487,0.9999885559082031,0.0003868179046548903
TEST_31488,0.01089474093168974,0.9914235472679138
TEST_31489,0.7393990159034729,0.8820275664329529
TEST_31490,0.006540370639413595,0.9884268641471863
TEST_31491,0.03764951601624489,0.958488941192627
TEST_31492,0.9447290301322937,0.7155815958976746
TEST_31493,0.007887703366577625,0.9928089380264282
TEST_31494,0.008353696204721928,0.9882110953330994
TEST_31495,0.2893180251121521,0.8660399317741394
TEST_31496,0.0014978081453591585,0.9936862587928772
TEST_31497,0.0022089469712227583,0.9872928857803345
TEST_31498,0.05354654788970947,0.9943364262580872
TEST_31499,0.004692457616329193,0.9763523936271667
TEST_31500,0.0861661359667778,0.9438591599464417
TEST_31501,0.003213865216821432,0.9998093247413635
TEST_31502,0.9116137027740479,0.5692059397697449
TEST_31503,0.6413933634757996,0.9895821809768677
TEST_31504,0.04944385588169098,0.8737643957138062
TEST_31505,0.0018816404044628143,0.9953450560569763
TEST_31506,0.03561845421791077,0.9775958061218262
TEST_31507,0.018470020964741707,0.9751759767532349
TEST_31508,0.010815484449267387,0.9005984663963318
TEST_31509,0.00371453701518476,0.9968591928482056
TEST_31510,0.4764697849750519,0.781433641910553
TEST_31511,0.008789879269897938,0.9908047914505005
TEST_31512,0.6523070931434631,0.27149277925491333
TEST_31513,0.906232476234436,0.06815267354249954
TEST_31514,0.0004697019758168608,0.8735275268554688
TEST_31515,0.00721239298582077,0.9964595437049866
TEST_31516,0.8626680374145508,0.004882149863988161
TEST_31517,0.007184601854532957,0.9902612566947937
TEST_31518,0.005134349688887596,0.9558042287826538
TEST_31519,0.003426630748435855,0.9992365837097168
TEST_31520,0.0013811633689329028,0.9955963492393494
TEST_31521,0.034326981753110886,0.8284197449684143
TEST_31522,0.011724432930350304,0.931837797164917
TEST_31523,0.017424434423446655,0.9976315498352051
TEST_31524,0.014319675974547863,0.9198567867279053
TEST_31525,0.0037319683469831944,0.9917311072349548
TEST_31526,0.018498340621590614,0.9956693649291992
TEST_31527,0.04895478114485741,0.9198817014694214
TEST_31528,0.06711848080158234,0.8742298483848572
TEST_31529,0.33796560764312744,0.540488600730896
TEST_31530,0.007822166197001934,0.9813267588615417
TEST_31531,0.004571092315018177,0.9997385144233704
TEST_31532,0.014628455974161625,0.8366760015487671
TEST_31533,0.041816044598817825,0.9089785814285278
TEST_31534,0.033488623797893524,0.9899806380271912
TEST_31535,0.40023452043533325,0.9836198091506958
TEST_31536,0.27779826521873474,0.009656690992414951
TEST_31537,0.5933179259300232,0.23210099339485168
TEST_31538,0.002554344478994608,0.9722445011138916
TEST_31539,0.21834607422351837,0.8892037868499756
TEST_31540,0.0017111941706389189,0.9939514398574829
TEST_31541,0.0007714777020737529,0.9987755417823792
TEST_31542,0.0014377087354660034,0.999427080154419
TEST_31543,0.9997174143791199,0.0013389424420893192
TEST_31544,0.0440288670361042,0.9970898628234863
TEST_31545,0.03514654189348221,0.8587605357170105
TEST_31546,0.02958018146455288,0.9748630523681641
TEST_31547,0.01960512064397335,0.9774503707885742
TEST_31548,0.002833039965480566,0.9993300437927246
TEST_31549,0.004088662099093199,0.9980092644691467
TEST_31550,0.5634438991546631,0.42062294483184814
TEST_31551,0.015864714980125427,0.9411038160324097
TEST_31552,0.04146996885538101,0.9907805323600769
TEST_31553,0.015054743736982346,0.9595054388046265
TEST_31554,0.01082845963537693,0.999834418296814
TEST_31555,0.011408552527427673,0.9714738726615906
TEST_31556,0.06339609622955322,0.9954794645309448
TEST_31557,0.029993321746587753,0.8893796801567078
TEST_31558,0.001630527782253921,0.9951352477073669
TEST_31559,0.0009090828243643045,0.9991425275802612
TEST_31560,0.010232309810817242,0.9960293769836426
TEST_31561,0.006768176797777414,0.8968719840049744
TEST_31562,0.026781894266605377,0.9096344709396362
TEST_31563,0.023555023595690727,0.9653482437133789
TEST_31564,0.002386095467954874,0.9882413744926453
TEST_31565,0.013404523022472858,0.9848655462265015
TEST_31566,0.04742606729269028,0.9919670224189758
TEST_31567,0.05487758666276932,0.8885855078697205
TEST_31568,0.8351090550422668,0.9780810475349426
TEST_31569,0.059369780123233795,0.9947145581245422
TEST_31570,0.0038508831057697535,0.9937169551849365
TEST_31571,0.1119554415345192,0.9241011142730713
TEST_31572,0.014179370366036892,0.9303735494613647
TEST_31573,0.0070310477167367935,0.9069879055023193
TEST_31574,0.011819633655250072,0.9772340059280396
TEST_31575,0.0017127213068306446,0.9952700734138489
TEST_31576,0.10817018151283264,0.9065260887145996
TEST_31577,0.0006433820235542953,0.9995773434638977
TEST_31578,0.03401981294155121,0.9131420850753784
TEST_31579,0.06789446622133255,0.8528593182563782
TEST_31580,0.057643432170152664,0.4047994017601013
TEST_31581,0.010898899286985397,0.9605656266212463
TEST_31582,0.22004181146621704,0.9094392657279968
TEST_31583,0.005994412116706371,0.9952750205993652
TEST_31584,0.8455624580383301,0.30823013186454773
TEST_31585,0.04678257554769516,0.9745274782180786
TEST_31586,0.061475325375795364,0.8440763354301453
TEST_31587,0.09975261241197586,0.558836042881012
TEST_31588,0.10381194204092026,0.5640864372253418
TEST_31589,0.056432586163282394,0.93064945936203
TEST_31590,0.0008879859815351665,0.9997132420539856
TEST_31591,0.006371879950165749,0.9633961319923401
TEST_31592,0.001791193033568561,0.9999202489852905
TEST_31593,0.005280975252389908,0.9984006285667419
TEST_31594,0.04333771765232086,0.8867219686508179
TEST_31595,0.1404796540737152,0.9830899238586426
TEST_31596,0.14426445960998535,0.8914264440536499
TEST_31597,0.04437859728932381,0.9759516716003418
TEST_31598,0.00545874098315835,0.7701863646507263
TEST_31599,0.03479887917637825,0.9856604337692261
TEST_31600,0.004819488152861595,0.9974950551986694
TEST_31601,0.008093194104731083,0.991159975528717
TEST_31602,0.023446880280971527,0.9994314312934875
TEST_31603,0.003914672881364822,0.9966692328453064
TEST_31604,0.0007394957356154919,0.9684329628944397
TEST_31605,0.03063686192035675,0.9801241159439087
TEST_31606,0.9488154053688049,0.42113780975341797
TEST_31607,0.009982777759432793,0.9993081092834473
TEST_31608,0.032284460961818695,0.8731303811073303
TEST_31609,0.009548069909214973,0.9999358654022217
TEST_31610,0.007510616909712553,0.9828632473945618
TEST_31611,0.029865244403481483,0.9881336092948914
TEST_31612,0.003193759359419346,0.9990731477737427
TEST_31613,0.020283561199903488,0.9882955551147461
TEST_31614,0.06571885198354721,0.8939935564994812
TEST_31615,0.0013182134134694934,0.9994394183158875
TEST_31616,0.00017845189722720534,0.9980123043060303
TEST_31617,0.0018397716339677572,0.9861382842063904
TEST_31618,0.935516893863678,0.0560842901468277
TEST_31619,0.1171700656414032,0.8696143627166748
TEST_31620,0.027155883610248566,0.9511709809303284
TEST_31621,0.9999980926513672,0.00011065979924751446
TEST_31622,0.0014224173501133919,0.9998156428337097
TEST_31623,0.006718198768794537,0.9967679977416992
TEST_31624,0.0041773971170187,0.9999963045120239
TEST_31625,0.030594097450375557,0.9755979776382446
TEST_31626,0.2509170472621918,0.9174379706382751
TEST_31627,0.009591811336576939,0.959786593914032
TEST_31628,0.006826786324381828,0.9999921321868896
TEST_31629,0.0007727705524303019,0.999107301235199
TEST_31630,0.002330589108169079,0.9918953776359558
TEST_31631,0.0244005024433136,0.9984737038612366
TEST_31632,0.050030793994665146,0.9816564917564392
TEST_31633,0.0065064821392297745,0.9990862607955933
TEST_31634,0.012235878966748714,0.9773073196411133
TEST_31635,0.032763272523880005,0.9862270951271057
TEST_31636,0.03886716812849045,0.8595913648605347
TEST_31637,0.03103792294859886,0.9974427223205566
TEST_31638,0.005690920632332563,0.9687411785125732
TEST_31639,0.056477174162864685,0.6568704843521118
TEST_31640,0.0007355216075666249,0.5708500146865845
TEST_31641,0.023367740213871002,0.9114717245101929
TEST_31642,0.013712680898606777,0.9926152229309082
TEST_31643,0.03582949563860893,0.994306743144989
TEST_31644,0.0133538031950593,0.9056799411773682
TEST_31645,0.1755092889070511,0.8409973382949829
TEST_31646,0.0002672302071005106,0.9988025426864624
TEST_31647,0.08901262283325195,0.5789785981178284
TEST_31648,0.017194878309965134,0.9873151779174805
TEST_31649,0.8943925499916077,0.4226236045360565
TEST_31650,0.004931896924972534,0.9319103956222534
TEST_31651,0.011547981761395931,0.9658136367797852
TEST_31652,0.01058967225253582,0.9920563101768494
TEST_31653,8.219500159611925e-05,0.9999076128005981
TEST_31654,0.006673368159681559,0.9108591079711914
TEST_31655,0.005460993852466345,0.9952255487442017
TEST_31656,0.08073048293590546,0.9316830039024353
TEST_31657,0.05720240995287895,0.36442670226097107
TEST_31658,0.0013439396861940622,0.9999704360961914
TEST_31659,0.004449461121112108,0.9949251413345337
TEST_31660,0.0035195027012377977,0.9990500807762146
TEST_31661,0.00040278484812006354,0.9998602867126465
TEST_31662,9.58851960604079e-05,0.9999995231628418
TEST_31663,0.014772876165807247,0.9942924976348877
TEST_31664,0.7895446419715881,0.826124906539917
TEST_31665,0.06411491334438324,0.9520038962364197
TEST_31666,0.20806267857551575,0.9025999903678894
TEST_31667,0.7252725958824158,0.5327291488647461
TEST_31668,0.1823331117630005,0.6613126397132874
TEST_31669,0.01122976839542389,0.9404017925262451
TEST_31670,0.026781827211380005,0.892586350440979
TEST_31671,0.00592900300398469,0.9999194145202637
TEST_31672,0.012695628218352795,0.9994551539421082
TEST_31673,0.0006292150355875492,0.99830162525177
TEST_31674,0.014061782509088516,0.984560489654541
TEST_31675,0.13400650024414062,0.8754495978355408
TEST_31676,0.03281204774975777,0.9979516863822937
TEST_31677,0.00671703414991498,0.9936887621879578
TEST_31678,0.17640165984630585,0.8585522174835205
TEST_31679,0.9646621942520142,0.2072870433330536
TEST_31680,0.006892036180943251,0.9818156361579895
TEST_31681,0.001717126346193254,0.9950793981552124
TEST_31682,0.017957765609025955,0.9558374285697937
TEST_31683,0.009039987809956074,0.9999995231628418
TEST_31684,0.004596238490194082,0.899683952331543
TEST_31685,0.7605720162391663,0.826704740524292
TEST_31686,0.03035072796046734,0.9797722101211548
TEST_31687,0.08610730618238449,0.9851958751678467
TEST_31688,0.795610785484314,0.6147480010986328
TEST_31689,0.00011400219955248758,0.9996867179870605
TEST_31690,0.9918348789215088,0.02636711485683918
TEST_31691,0.005761117674410343,0.9972972273826599
TEST_31692,0.0013307958142831922,0.999326229095459
TEST_31693,0.9998176693916321,0.00018937239656224847
TEST_31694,0.02331896685063839,0.9957517385482788
TEST_31695,0.0011992222862318158,0.9999291896820068
TEST_31696,0.0029186485335230827,0.9940057992935181
TEST_31697,0.046891625970602036,0.9074320793151855
TEST_31698,0.13312682509422302,0.876240074634552
TEST_31699,0.05849503353238106,0.948248028755188
TEST_31700,0.9988210797309875,0.6042943000793457
TEST_31701,0.023651123046875,0.9931608438491821
TEST_31702,0.027424626052379608,0.8977556228637695
TEST_31703,0.07982908934354782,0.9889582395553589
TEST_31704,0.6672974228858948,0.22030624747276306
TEST_31705,0.0006824690499342978,0.9940726161003113
TEST_31706,0.008179990574717522,0.9988452196121216
TEST_31707,0.000778695335611701,0.9997274279594421
TEST_31708,0.0012954064877703786,0.9953409433364868
TEST_31709,0.0014293614076450467,0.9927749633789062
TEST_31710,0.024494290351867676,0.9982395172119141
TEST_31711,0.028599750250577927,0.9939817786216736
TEST_31712,0.0028674285858869553,0.9686394929885864
TEST_31713,0.05535920709371567,0.8166637420654297
TEST_31714,0.9406067728996277,0.0082613006234169
TEST_31715,0.9269177913665771,0.45518362522125244
TEST_31716,0.014149101451039314,0.9633713364601135
TEST_31717,0.01127011701464653,0.9654112458229065
TEST_31718,0.06914419680833817,0.9679784774780273
TEST_31719,0.007834762334823608,0.9193403124809265
TEST_31720,0.007710712030529976,0.9953352808952332
TEST_31721,0.0018699531210586429,0.7379978895187378
TEST_31722,0.013448110781610012,0.9990394711494446
TEST_31723,0.013998999260365963,0.7088145017623901
TEST_31724,0.0017527237068861723,0.9954614043235779
TEST_31725,0.01558568887412548,0.9945425987243652
TEST_31726,0.031908825039863586,0.9967489242553711
TEST_31727,0.01710117980837822,0.9895127415657043
TEST_31728,0.005504795350134373,0.97651606798172
TEST_31729,0.11716677993535995,0.6819683909416199
TEST_31730,0.005582754500210285,0.9932940006256104
TEST_31731,0.0325174517929554,0.9967607855796814
TEST_31732,0.0620819628238678,0.762461245059967
TEST_31733,0.00122087262570858,0.9999233484268188
TEST_31734,0.021021414548158646,0.9863443374633789
TEST_31735,0.04752287641167641,0.9762580990791321
TEST_31736,0.009935625828802586,0.9617266654968262
TEST_31737,0.0015720152296125889,0.9994305968284607
TEST_31738,0.0003843423037324101,0.9998156428337097
TEST_31739,0.03707212954759598,0.8523862361907959
TEST_31740,0.1945490539073944,0.9027286767959595
TEST_31741,0.019550282508134842,0.9972367286682129
TEST_31742,0.003823613515123725,0.9847657680511475
TEST_31743,0.017492840066552162,0.9653545618057251
TEST_31744,0.039392661303281784,0.8581412434577942
TEST_31745,0.0003437163832131773,0.999219536781311
TEST_31746,0.0014282498741522431,0.9801381230354309
TEST_31747,0.01127593033015728,0.9211003184318542
TEST_31748,0.026827963069081306,0.9681280851364136
TEST_31749,0.11116451770067215,0.9736257791519165
TEST_31750,0.5574826598167419,0.43764564394950867
TEST_31751,0.00447580823674798,0.9842389822006226
TEST_31752,0.021581139415502548,0.9982800483703613
TEST_31753,0.0021005512680858374,0.9999016523361206
TEST_31754,0.008631540462374687,0.9695537090301514
TEST_31755,0.005791893694549799,0.9959379434585571
TEST_31756,0.008081958629190922,0.987945556640625
TEST_31757,0.01425130758434534,0.9993768334388733
TEST_31758,0.9952953457832336,0.0005288651445880532
TEST_31759,0.0016792629612609744,0.9956948757171631
TEST_31760,0.13647587597370148,0.8766524195671082
TEST_31761,0.01222989335656166,0.9929185509681702
TEST_31762,0.0016466844826936722,0.9818836450576782
TEST_31763,0.042615555226802826,0.9381975531578064
TEST_31764,0.014100037515163422,0.9335926175117493
TEST_31765,0.0790795162320137,0.9214907884597778
TEST_31766,0.00015546132635790855,0.9999176263809204
TEST_31767,0.019435198977589607,0.9148545861244202
TEST_31768,0.0040851314552128315,0.9992095232009888
TEST_31769,0.03962016850709915,0.9921332001686096
TEST_31770,0.010201622731983662,0.9891797304153442
TEST_31771,0.005722202826291323,0.9501147866249084
TEST_31772,0.04130656644701958,0.9743067622184753
TEST_31773,0.03406493365764618,0.9969610571861267
TEST_31774,0.4743385910987854,0.9227263927459717
TEST_31775,0.010024121962487698,0.9213998913764954
TEST_31776,0.0031753848306834698,0.991722047328949
TEST_31777,0.07732365280389786,0.8676884174346924
TEST_31778,0.003676927648484707,0.9675161838531494
TEST_31779,0.010982026346027851,0.8151887655258179
TEST_31780,0.008982261642813683,0.999805748462677
TEST_31781,0.021309247240424156,0.9525156617164612
TEST_31782,0.5679213404655457,0.9176755547523499
TEST_31783,0.04568948596715927,0.7149494290351868
TEST_31784,0.025806456804275513,0.9983620047569275
TEST_31785,0.000765670498367399,0.9992788434028625
TEST_31786,0.09241271764039993,0.8089913129806519
TEST_31787,0.0039800237864255905,0.8786949515342712
TEST_31788,0.014674496836960316,0.9327841401100159
TEST_31789,0.04594797641038895,0.985220193862915
TEST_31790,0.08585130423307419,0.8013187646865845
TEST_31791,0.003435717662796378,0.9918960928916931
TEST_31792,0.4191545248031616,0.963801383972168
TEST_31793,0.01019931212067604,0.9990096092224121
TEST_31794,0.025171400979161263,0.9836887121200562
TEST_31795,0.05422297492623329,0.8562450408935547
TEST_31796,0.22388674318790436,0.6788628697395325
TEST_31797,0.004720579832792282,0.998646080493927
TEST_31798,0.01942411996424198,0.9868703484535217
TEST_31799,0.17261533439159393,0.3604488670825958
TEST_31800,0.5569434762001038,0.5205623507499695
TEST_31801,0.0004444231162779033,0.9970805048942566
TEST_31802,0.001761069754138589,0.9994131326675415
TEST_31803,0.003712748410180211,0.9881948232650757
TEST_31804,0.013127490878105164,0.975074052810669
TEST_31805,0.04241356998682022,0.9186713099479675
TEST_31806,0.051785506308078766,0.9456173181533813
TEST_31807,0.006331936456263065,0.9831351041793823
TEST_31808,0.0020566803868860006,0.9813600778579712
TEST_31809,0.008182006888091564,0.9992278814315796
TEST_31810,0.001435627811588347,0.9991810917854309
TEST_31811,0.3639470636844635,0.9604607820510864
TEST_31812,0.007161727175116539,0.9992145299911499
TEST_31813,0.16646310687065125,0.9071296453475952
TEST_31814,0.0634889081120491,0.9902846217155457
TEST_31815,0.05390395596623421,0.9828039407730103
TEST_31816,0.028106916695833206,0.9851676821708679
TEST_31817,0.009035572409629822,0.997425377368927
TEST_31818,0.0173613503575325,0.9032578468322754
TEST_31819,0.006619426887482405,0.9977171421051025
TEST_31820,0.17219892144203186,0.9581438899040222
TEST_31821,0.00031600910006091,0.9958509206771851
TEST_31822,0.004085686057806015,0.9877209067344666
TEST_31823,0.0021766938734799623,0.9982335567474365
TEST_31824,0.001265039318241179,0.9998750686645508
TEST_31825,0.01420719176530838,0.9959765076637268
TEST_31826,0.03048628382384777,0.9115996360778809
TEST_31827,0.9850291609764099,0.06062843278050423
TEST_31828,0.6000380516052246,0.7913481593132019
TEST_31829,0.48200345039367676,0.946068286895752
TEST_31830,0.02779446169734001,0.9902918934822083
TEST_31831,0.00513513432815671,0.9991402626037598
TEST_31832,0.961280107498169,0.15659713745117188
TEST_31833,0.008832727558910847,0.9967261552810669
TEST_31834,0.00014645096962340176,0.999811589717865
TEST_31835,0.004556215833872557,0.9944559931755066
TEST_31836,0.0021892876829952,0.9991281628608704
TEST_31837,0.36356934905052185,0.8166803121566772
TEST_31838,0.05590559542179108,0.6250981092453003
TEST_31839,0.0446779802441597,0.9997385144233704
TEST_31840,0.9996386766433716,0.005586016457527876
TEST_31841,0.0698595717549324,0.47381091117858887
TEST_31842,0.0020850561559200287,0.9801305532455444
TEST_31843,0.021031485870480537,0.9909572601318359
TEST_31844,0.04820989444851875,0.9903659820556641
TEST_31845,0.0064071109518408775,0.9713025689125061
TEST_31846,0.0011514038778841496,0.9997692704200745
TEST_31847,0.0013610298046842217,0.9960005879402161
TEST_31848,0.0015683292876929045,0.995166540145874
TEST_31849,0.037312500178813934,0.9987301230430603
TEST_31850,0.03396235778927803,0.9895076155662537
TEST_31851,0.5531122088432312,0.9234790802001953
TEST_31852,0.002244624076411128,0.9798581600189209
TEST_31853,0.02015373483300209,0.9659021496772766
TEST_31854,0.007866219617426395,0.9924363493919373
TEST_31855,0.044991347938776016,0.9063200950622559
TEST_31856,0.00537896528840065,0.9818735122680664
TEST_31857,0.00014624152390751988,0.9973291158676147
TEST_31858,0.030101561918854713,0.8905583620071411
TEST_31859,0.0005064022843725979,0.9962649941444397
TEST_31860,0.13095822930335999,0.8933955430984497
TEST_31861,0.01216774620115757,0.9961345195770264
TEST_31862,0.0031343710143119097,0.9984604120254517
TEST_31863,0.9749972224235535,0.8962140083312988
TEST_31864,0.04440465196967125,0.8935301899909973
TEST_31865,0.028042564168572426,0.9291512370109558
TEST_31866,0.00415790406987071,0.9967038035392761
TEST_31867,0.01578986644744873,0.9483677744865417
TEST_31868,0.055407725274562836,0.9281649589538574
TEST_31869,0.05914117395877838,0.9721870422363281
TEST_31870,0.0035750754177570343,0.9774528741836548
TEST_31871,0.9216620922088623,0.9890478253364563
TEST_31872,0.04027565196156502,0.9701496958732605
TEST_31873,0.07031093537807465,0.9941067695617676
TEST_31874,0.002494407119229436,0.85782790184021
TEST_31875,0.0021325936540961266,0.9971629977226257
TEST_31876,0.9978927969932556,0.8684810400009155
TEST_31877,0.005198570899665356,0.9948187470436096
TEST_31878,0.0021438458934426308,0.9963024854660034
TEST_31879,0.0237899050116539,0.9937034249305725
TEST_31880,0.00970003567636013,0.9776581525802612
TEST_31881,0.00021914640092290938,0.9992128610610962
TEST_31882,0.011443410068750381,0.9997121691703796
TEST_31883,0.002232120605185628,0.9979217648506165
TEST_31884,0.00192568963393569,0.9957846999168396
TEST_31885,0.0187755785882473,0.9892610311508179
TEST_31886,0.0028293649666011333,0.9884834885597229
TEST_31887,0.03241300210356712,0.9719255566596985
TEST_31888,0.0019791910890489817,0.9879839420318604
TEST_31889,0.4416859745979309,0.9227181673049927
TEST_31890,0.33767402172088623,0.6287025213241577
TEST_31891,0.22804325819015503,0.9909274578094482
TEST_31892,0.08853951841592789,0.8785246014595032
TEST_31893,0.9675951600074768,0.9363961219787598
TEST_31894,0.0015713373431935906,0.9965544939041138
TEST_31895,0.2848656177520752,0.9825717210769653
TEST_31896,0.0023778872564435005,0.9948981404304504
TEST_31897,0.04364350810647011,0.9748518466949463
TEST_31898,0.018012510612607002,0.8465650677680969
TEST_31899,0.04946121573448181,0.9817489385604858
TEST_31900,0.010566484183073044,0.9989455342292786
TEST_31901,0.005217593163251877,0.9890148043632507
TEST_31902,0.041599713265895844,0.9690524935722351
TEST_31903,0.009714488871395588,0.9938821792602539
TEST_31904,0.0794704332947731,0.45540234446525574
TEST_31905,0.004545686766505241,0.9977865219116211
TEST_31906,0.0017092818161472678,0.9993711113929749
TEST_31907,0.0005747524555772543,0.998354971408844
TEST_31908,0.011451326310634613,0.6367455720901489
TEST_31909,0.00036607219954021275,0.9965155124664307
TEST_31910,0.3309418857097626,0.9885558485984802
TEST_31911,0.9239466786384583,0.7398844361305237
TEST_31912,0.026773586869239807,0.9723451137542725
TEST_31913,0.0006269298610277474,0.9997109770774841
TEST_31914,0.0032643077429383993,0.969186007976532
TEST_31915,0.014022435992956161,0.995468258857727
TEST_31916,0.995886504650116,0.054045479744672775
TEST_31917,0.08250128477811813,0.9343261122703552
TEST_31918,0.03690512850880623,0.986396074295044
TEST_31919,0.003759156446903944,0.9197399616241455
TEST_31920,0.001484666601754725,0.9833864569664001
TEST_31921,0.040023040026426315,0.9869735240936279
TEST_31922,0.34140440821647644,0.9498342275619507
TEST_31923,0.8492883443832397,0.8275806307792664
TEST_31924,0.020081311464309692,0.8579428791999817
TEST_31925,1.993353926366126e-09,0.9999998807907104
TEST_31926,0.002338417572900653,0.996904194355011
TEST_31927,0.0016170679591596127,0.9920835494995117
TEST_31928,0.047401685267686844,0.9628708362579346
TEST_31929,0.0009985279757529497,0.9986724853515625
TEST_31930,0.20511825382709503,0.9381240606307983
TEST_31931,0.024478159844875336,0.993699312210083
TEST_31932,0.04838714003562927,0.9827308058738708
TEST_31933,0.42063450813293457,0.6023952960968018
TEST_31934,0.06708930432796478,0.9649186134338379
TEST_31935,0.004069414455443621,0.9983193278312683
TEST_31936,0.0032520245295017958,0.9942535758018494
TEST_31937,0.05932170897722244,0.9719117283821106
TEST_31938,0.0023150017950683832,0.9549928903579712
TEST_31939,0.9994250535964966,0.0027364306151866913
TEST_31940,0.02007909119129181,0.9980704188346863
TEST_31941,0.13018198311328888,0.9301797151565552
TEST_31942,0.00367991765961051,0.9442801475524902
TEST_31943,0.13932718336582184,0.9103388786315918
TEST_31944,0.002665299689397216,0.9511681795120239
TEST_31945,0.014003410004079342,0.9876118302345276
TEST_31946,0.030262025073170662,0.9763140082359314
TEST_31947,0.03295028209686279,0.9762410521507263
TEST_31948,0.024313515052199364,0.9275256395339966
TEST_31949,0.1385832577943802,0.9884822368621826
TEST_31950,0.0060997214168310165,0.9991894364356995
TEST_31951,0.02610153891146183,0.9950435161590576
TEST_31952,0.225853830575943,0.9558750987052917
TEST_31953,0.007679234258830547,0.9888944625854492
TEST_31954,0.8667342066764832,0.04411492869257927
TEST_31955,0.31778475642204285,0.5789020657539368
TEST_31956,0.11428152024745941,0.7894461750984192
TEST_31957,0.004492074251174927,0.9770077466964722
TEST_31958,0.9998643398284912,0.00019766805053222924
TEST_31959,0.010157947428524494,0.9987320303916931
TEST_31960,0.0019260443514212966,0.9980645775794983
TEST_31961,0.0019974568858742714,0.9990999698638916
TEST_31962,0.020251000300049782,0.9117587208747864
TEST_31963,0.016722500324249268,0.9376489520072937
TEST_31964,0.012627094984054565,0.9929485321044922
TEST_31965,0.2077598124742508,0.959094762802124
TEST_31966,0.0026991216000169516,0.997032880783081
TEST_31967,0.021934716030955315,0.7771973609924316
TEST_31968,0.009504781104624271,0.9501895904541016
TEST_31969,0.02896682545542717,0.9974954724311829
TEST_31970,0.23306842148303986,0.9668005108833313
TEST_31971,0.0006519830203615129,0.9960911870002747
TEST_31972,0.01656636968255043,0.9213687181472778
TEST_31973,0.022123927250504494,0.8808016777038574
TEST_31974,0.04068325459957123,0.8973982930183411
TEST_31975,0.02256722003221512,0.9053652286529541
TEST_31976,0.9858745336532593,0.6058534383773804
TEST_31977,0.036441054195165634,0.9932082295417786
TEST_31978,0.004816897213459015,0.9738146662712097
TEST_31979,0.005802881438285112,0.9949175119400024
TEST_31980,0.003730286378413439,0.9788448214530945
TEST_31981,0.3045317828655243,0.3638412654399872
TEST_31982,0.0084921820089221,0.9645982980728149
TEST_31983,0.03660622611641884,0.8682330250740051
TEST_31984,0.14802098274230957,0.9537485837936401
TEST_31985,0.0845230370759964,0.834902286529541
TEST_31986,0.006638024467974901,0.9804964661598206
TEST_31987,0.05755364149808884,0.9927884936332703
TEST_31988,0.005811812821775675,0.9990147352218628
TEST_31989,0.031428076326847076,0.9867421984672546
TEST_31990,0.0003676665073726326,0.9984328150749207
TEST_31991,0.0020447089336812496,0.9982838034629822
TEST_31992,0.004568958189338446,0.9988977909088135
TEST_31993,0.021986687555909157,0.9971935153007507
TEST_31994,0.012144063599407673,0.9177479147911072
TEST_31995,9.747975855134428e-05,0.9991717338562012
TEST_31996,0.019457101821899414,0.9795921444892883
TEST_31997,0.0009544993517920375,0.9982578158378601
TEST_31998,0.9961543679237366,0.9149071574211121
TEST_31999,0.01739192195236683,0.085600346326828
TEST_32000,0.011404820717871189,0.9891196489334106
TEST_32001,0.010676412843167782,0.9936723709106445
TEST_32002,0.005066705401986837,0.9992272853851318
TEST_32003,0.013757587410509586,0.9911783337593079
TEST_32004,0.000877529673743993,0.9991912245750427
TEST_32005,0.46446213126182556,0.7816183567047119
TEST_32006,0.014362436719238758,0.9806113243103027
TEST_32007,0.997199535369873,0.005782019346952438
TEST_32008,0.005054887384176254,0.9885348677635193
TEST_32009,0.09820450097322464,0.994183361530304
TEST_32010,0.08848103880882263,0.8732621073722839
TEST_32011,0.011405003257095814,0.881982147693634
TEST_32012,0.03538535535335541,0.9798433184623718
TEST_32013,0.0018771205795928836,0.9994121789932251
TEST_32014,0.08274058252573013,0.9912726283073425
TEST_32015,0.03219742700457573,0.9797039031982422
TEST_32016,0.09571648389101028,0.8279788494110107
TEST_32017,0.003923911601305008,0.4657943546772003
TEST_32018,0.9296857118606567,0.2924794852733612
TEST_32019,0.003534335643053055,0.9845311641693115
TEST_32020,0.03645538166165352,0.9700790047645569
TEST_32021,0.0056330799125134945,0.998913049697876
TEST_32022,0.002299541374668479,0.989824116230011
TEST_32023,0.9691882133483887,0.21419569849967957
TEST_32024,0.04342053085565567,0.9668949842453003
TEST_32025,0.0405731275677681,0.992252767086029
TEST_32026,0.0028441089671105146,0.9991205334663391
TEST_32027,0.13933227956295013,0.9888526201248169
TEST_32028,0.03737250715494156,0.875499427318573
TEST_32029,0.003462852444499731,0.9890767335891724
TEST_32030,0.06380371749401093,0.9400779604911804
TEST_32031,0.02497522160410881,0.9325746893882751
TEST_32032,0.8050193190574646,0.8265633583068848
TEST_32033,0.00732902716845274,0.744941234588623
TEST_32034,0.0034265429712831974,0.9792813062667847
TEST_32035,0.8477663993835449,0.9734984636306763
TEST_32036,0.03444373235106468,0.9828881025314331
TEST_32037,0.0022774108219891787,0.9411913752555847
TEST_32038,0.08804656565189362,0.8732060790061951
TEST_32039,0.03885651007294655,0.9485527873039246
TEST_32040,0.02452908642590046,0.9983463287353516
TEST_32041,0.03669667989015579,0.991119921207428
TEST_32042,0.7960433959960938,0.8458387851715088
TEST_32043,0.0040452447719872,0.9998007416725159
TEST_32044,0.009178529493510723,0.9574410319328308
TEST_32045,0.1294691562652588,0.9805452823638916
TEST_32046,0.08162892609834671,0.9009358286857605
TEST_32047,0.4661150872707367,0.9499008655548096
TEST_32048,0.007063939236104488,0.9857670068740845
TEST_32049,0.04323522746562958,0.9346122741699219
TEST_32050,0.3644593358039856,0.8053471446037292
TEST_32051,0.0011537595419213176,0.9974215030670166
TEST_32052,0.025975152850151062,0.9350064992904663
TEST_32053,0.8004069328308105,0.4835429787635803
TEST_32054,0.0011480466928333044,0.9969028830528259
TEST_32055,0.011521555483341217,0.9367449283599854
TEST_32056,0.042983703315258026,0.9959717392921448
TEST_32057,0.1722244769334793,0.8706805109977722
TEST_32058,0.1002081111073494,0.9871960878372192
TEST_32059,0.002689590211957693,0.9757207632064819
TEST_32060,0.17040935158729553,0.47965314984321594
TEST_32061,0.03881758078932762,0.9116019010543823
TEST_32062,0.004138731397688389,0.9982787370681763
TEST_32063,0.6146895289421082,0.8599238395690918
TEST_32064,0.010074196383357048,0.9673538208007812
TEST_32065,0.0066542960703372955,0.9960894584655762
TEST_32066,0.001179054961539805,0.9998766183853149
TEST_32067,0.015490335412323475,0.9100491404533386
TEST_32068,0.04707840830087662,0.9872666001319885
TEST_32069,0.09397421777248383,0.9728200435638428
TEST_32070,0.0014991066418588161,0.9983816146850586
TEST_32071,0.4947889447212219,0.5242017507553101
TEST_32072,0.07825352996587753,0.9711362719535828
TEST_32073,0.0005622230819426477,0.9984867572784424
TEST_32074,0.5920203328132629,0.9726669788360596
TEST_32075,0.0003946096985600889,0.9997759461402893
TEST_32076,0.007533702068030834,0.9916616678237915
TEST_32077,0.975493848323822,0.010001651011407375
TEST_32078,0.03338222950696945,0.9858095049858093
TEST_32079,0.0018273749155923724,0.9899702668190002
TEST_32080,0.004174091853201389,0.9976453185081482
TEST_32081,0.010396391153335571,0.9972611665725708
TEST_32082,0.005079012829810381,0.999198853969574
TEST_32083,0.002944695297628641,0.9989368319511414
TEST_32084,0.0691734179854393,0.9991950392723083
TEST_32085,0.02202175185084343,0.9779900312423706
TEST_32086,0.003315946087241173,0.9991523027420044
TEST_32087,0.39057743549346924,0.9487797021865845
TEST_32088,0.6308675408363342,0.05689627304673195
TEST_32089,0.01366384420543909,0.9793525338172913
TEST_32090,0.09117868542671204,0.8838494420051575
TEST_32091,0.627956211566925,0.9506659507751465
TEST_32092,0.0028943782672286034,0.8089079260826111
TEST_32093,0.005603283643722534,0.9952926635742188
TEST_32094,0.000528428063262254,0.9996850490570068
TEST_32095,0.004082046449184418,0.9945372939109802
TEST_32096,0.018757345154881477,0.946526050567627
TEST_32097,0.007976191118359566,0.9980462789535522
TEST_32098,0.017713725566864014,0.9463216066360474
TEST_32099,0.07585194706916809,0.5887746214866638
TEST_32100,0.04453296959400177,0.8916960954666138
TEST_32101,0.007223036140203476,0.9593206644058228
TEST_32102,0.0012930341763421893,0.9998942613601685
TEST_32103,0.005126223433762789,0.9957238435745239
TEST_32104,0.0038208430632948875,0.9989080429077148
TEST_32105,0.006520627066493034,0.9859811067581177
TEST_32106,0.033970288932323456,0.9096397757530212
TEST_32107,0.997115969657898,0.01800796575844288
TEST_32108,0.021921928972005844,0.8543669581413269
TEST_32109,0.009237636812031269,0.9243154525756836
TEST_32110,0.04557519778609276,0.9908807277679443
TEST_32111,0.769739031791687,0.7083842158317566
TEST_32112,0.0040269698947668076,0.9965678453445435
TEST_32113,0.1474669873714447,0.9167473912239075
TEST_32114,0.005868611857295036,0.9992457628250122
TEST_32115,0.031208844855427742,0.9939579963684082
TEST_32116,0.01643909141421318,0.9281895756721497
TEST_32117,0.053829729557037354,0.9988574981689453
TEST_32118,0.033029429614543915,0.8979301452636719
TEST_32119,0.0323987752199173,0.8934024572372437
TEST_32120,0.003773443168029189,0.9982374906539917
TEST_32121,0.018170209601521492,0.9571194052696228
TEST_32122,0.04613575339317322,0.9639992713928223
TEST_32123,0.11123958975076675,0.8345375061035156
TEST_32124,0.46923816204071045,0.8870751261711121
TEST_32125,0.03351118788123131,0.95932537317276
TEST_32126,0.0637713372707367,0.9372501373291016
TEST_32127,0.1414722502231598,0.5103615522384644
TEST_32128,0.7802374362945557,0.8703933954238892
TEST_32129,0.016302822157740593,0.9865380525588989
TEST_32130,0.132908433675766,0.5013266801834106
TEST_32131,0.0031059670727699995,0.9980997443199158
TEST_32132,0.015113265253603458,0.6344304084777832
TEST_32133,0.9999862909317017,5.6088498240569606e-05
TEST_32134,0.09409274160861969,0.8964987397193909
TEST_32135,0.0027623798232525587,0.9145674109458923
TEST_32136,0.006252564024180174,0.8821830153465271
TEST_32137,0.0007292676600627601,0.9978613257408142
TEST_32138,0.022584084421396255,0.982629656791687
TEST_32139,0.004115440882742405,0.9982187151908875
TEST_32140,0.02154047228395939,0.8910816311836243
TEST_32141,0.003584404708817601,0.9990956783294678
TEST_32142,0.019681762903928757,0.9815540313720703
TEST_32143,0.7415746450424194,0.39673975110054016
TEST_32144,0.9917815327644348,0.0004374255076982081
TEST_32145,0.0821855440735817,0.9113757014274597
TEST_32146,0.010862620547413826,0.973102331161499
TEST_32147,0.0007771349046379328,0.9996587038040161
TEST_32148,0.027778392657637596,0.9663757085800171
TEST_32149,0.007609552703797817,0.9983300566673279
TEST_32150,0.004960249178111553,0.992156982421875
TEST_32151,0.002002554479986429,0.9985795021057129
TEST_32152,0.054186251014471054,0.8830659985542297
TEST_32153,0.011061383411288261,0.972598671913147
TEST_32154,0.014955435879528522,0.9491751790046692
TEST_32155,0.003818442113697529,0.9973888993263245
TEST_32156,0.0023108588065952063,0.9928690791130066
TEST_32157,0.013146902434527874,0.9958706498146057
TEST_32158,0.020894572138786316,0.9979630708694458
TEST_32159,0.0013973162276670337,0.996146559715271
TEST_32160,0.03630458563566208,0.9061990976333618
TEST_32161,0.5150397419929504,0.5505366921424866
TEST_32162,0.11349517107009888,0.49661675095558167
TEST_32163,0.007858740165829659,0.9767366647720337
TEST_32164,0.0004894755547866225,0.9984569549560547
TEST_32165,0.019892001524567604,0.9999992847442627
TEST_32166,0.0026707074139267206,0.990440845489502
TEST_32167,0.001217295997776091,0.9999704360961914
TEST_32168,0.0065992153249681,0.9923056960105896
TEST_32169,0.05641902983188629,0.9992377758026123
TEST_32170,0.7397511601448059,0.9512222409248352
TEST_32171,0.0025273363571614027,0.997154951095581
TEST_32172,0.0058838012628257275,0.9983805418014526
TEST_32173,0.05952931195497513,0.983302652835846
TEST_32174,6.426111940527335e-05,0.9998106360435486
TEST_32175,0.018976420164108276,0.9809564352035522
TEST_32176,0.04297515004873276,0.9771232604980469
TEST_32177,0.006604859605431557,0.9984947443008423
TEST_32178,0.018895067274570465,0.9764990210533142
TEST_32179,0.0021436335518956184,0.9756036400794983
TEST_32180,0.38294968008995056,0.7799355983734131
TEST_32181,0.004906092304736376,0.9943785071372986
TEST_32182,0.0026162397116422653,0.996187150478363
TEST_32183,0.14207303524017334,0.7509332299232483
TEST_32184,0.002329764422029257,0.9995777010917664
TEST_32185,0.12063822895288467,0.5230535268783569
TEST_32186,0.0013797737192362547,0.9857924580574036
TEST_32187,0.033717695623636246,0.9918465614318848
TEST_32188,0.09631515294313431,0.9955796599388123
TEST_32189,0.9997374415397644,0.590422511100769
TEST_32190,0.004780017305165529,0.9783850908279419
TEST_32191,0.0007175944047048688,0.9964767098426819
TEST_32192,0.0024364313576370478,0.9878843426704407
TEST_32193,0.044174302369356155,0.9472395181655884
TEST_32194,0.7695536017417908,0.7485591769218445
TEST_32195,0.0033643958158791065,0.9645656943321228
TEST_32196,0.0030363581608980894,0.9995883107185364
TEST_32197,0.047491252422332764,0.3617672920227051
TEST_32198,0.5070270299911499,0.9687624573707581
TEST_32199,0.0015866621397435665,0.9984961748123169
TEST_32200,0.00503389909863472,0.9959079027175903
TEST_32201,0.05732543021440506,0.9943142533302307
TEST_32202,0.9881447553634644,0.80122309923172
TEST_32203,0.032473690807819366,0.9761793613433838
TEST_32204,0.04970000311732292,0.9780475497245789
TEST_32205,0.025101033970713615,0.9903662204742432
TEST_32206,0.0036276178434491158,0.9999474287033081
TEST_32207,0.2335885614156723,0.998561680316925
TEST_32208,0.01742387004196644,0.9478341341018677
TEST_32209,0.005681856069713831,0.905271589756012
TEST_32210,0.4606514871120453,0.9768069386482239
TEST_32211,0.015119655057787895,0.989844560623169
TEST_32212,0.16828498244285583,0.9912084341049194
TEST_32213,0.0037624670658260584,0.9817983508110046
TEST_32214,4.484372340129994e-08,0.9998262524604797
TEST_32215,0.04123632609844208,0.9088056683540344
TEST_32216,0.00184153881855309,0.9999240636825562
TEST_32217,0.11703933775424957,0.9131523370742798
TEST_32218,0.05439867824316025,0.9040071964263916
TEST_32219,0.45071518421173096,0.9801188707351685
TEST_32220,0.322712242603302,0.24778179824352264
TEST_32221,0.026002753525972366,0.9992812275886536
TEST_32222,0.09199868142604828,0.9535326361656189
TEST_32223,0.0007409725221805274,0.9999630451202393
TEST_32224,0.03465714678168297,0.9389438629150391
TEST_32225,0.010770434513688087,0.9976990818977356
TEST_32226,0.038066402077674866,0.9858351349830627
TEST_32227,0.35337862372398376,0.04275671765208244
TEST_32228,0.09993000328540802,0.563301682472229
TEST_32229,0.0019607075955718756,0.9984058737754822
TEST_32230,0.9814451336860657,0.9415777921676636
TEST_32231,0.6558889150619507,0.16145707666873932
TEST_32232,0.02088528871536255,0.9923267960548401
TEST_32233,0.05811816826462746,0.9450675845146179
TEST_32234,0.024855952709913254,0.9860057830810547
TEST_32235,0.9358210563659668,0.9857741594314575
TEST_32236,0.7430697679519653,0.005729882512241602
TEST_32237,0.06453084200620651,0.9861882328987122
TEST_32238,0.016997726634144783,0.9249866008758545
TEST_32239,0.1163540706038475,0.9981920123100281
TEST_32240,0.8879826664924622,0.37183254957199097
TEST_32241,0.7494513988494873,0.08435728400945663
TEST_32242,0.03543009236454964,0.9306391477584839
TEST_32243,0.001696510356850922,0.9990480542182922
TEST_32244,0.0002826798881869763,0.9988289475440979
TEST_32245,0.27325597405433655,0.9060556292533875
TEST_32246,0.0011362518416717649,0.9898794889450073
TEST_32247,0.018138786777853966,0.990511953830719
TEST_32248,0.012433312833309174,0.9953529834747314
TEST_32249,0.021456820890307426,0.9979141354560852
TEST_32250,0.0004281653673388064,0.9999430179595947
TEST_32251,0.6851459741592407,0.3336816728115082
TEST_32252,0.005576936062425375,0.9996656179428101
TEST_32253,0.020583393052220345,0.9930182695388794
TEST_32254,0.0008010261808522046,0.9979948997497559
TEST_32255,0.006579033099114895,0.999060332775116
TEST_32256,0.010145585983991623,0.9774996638298035
TEST_32257,0.0016772984527051449,0.9967467784881592
TEST_32258,0.022586651146411896,0.9010024070739746
TEST_32259,0.25155824422836304,0.871448814868927
TEST_32260,0.06949325650930405,0.9663973450660706
TEST_32261,0.13039174675941467,0.6596981883049011
TEST_32262,0.0564129464328289,0.7592290639877319
TEST_32263,0.0018679420463740826,0.8901453614234924
TEST_32264,0.007410460617393255,0.99349445104599
TEST_32265,0.061217911541461945,0.9109981060028076
TEST_32266,0.17350798845291138,0.8422797918319702
TEST_32267,0.05122653394937515,0.9761145114898682
TEST_32268,0.2009759098291397,0.9312493801116943
TEST_32269,0.003333133179694414,0.9991033673286438
TEST_32270,0.0018158191815018654,0.9949347376823425
TEST_32271,0.006080573424696922,0.8855182528495789
TEST_32272,0.03857363760471344,0.8869991302490234
TEST_32273,0.0058627002872526646,0.9898450374603271
TEST_32274,0.002581994282081723,0.9964832067489624
TEST_32275,0.013912320137023926,0.9981967806816101
TEST_32276,0.8294281959533691,0.5136458277702332
TEST_32277,0.013829588890075684,0.942987322807312
TEST_32278,0.07455459237098694,0.8178360462188721
TEST_32279,0.004491140134632587,0.9928440451622009
TEST_32280,0.003971253056079149,0.9999186992645264
TEST_32281,0.01686106249690056,0.9982151985168457
TEST_32282,0.008625752292573452,0.9992138147354126
TEST_32283,0.002476228168234229,0.9743144512176514
TEST_32284,0.006847959477454424,0.9992871880531311
TEST_32285,0.0009947811486199498,0.9985615611076355
TEST_32286,0.017069244757294655,0.9977193474769592
TEST_32287,0.03693890944123268,0.9666474461555481
TEST_32288,0.07995028048753738,0.8865621089935303
TEST_32289,0.34613141417503357,0.13550777733325958
TEST_32290,0.02053103968501091,0.9654562473297119
TEST_32291,0.0029747935477644205,0.9711167216300964
TEST_32292,0.004255336243659258,0.9977248311042786
TEST_32293,0.00045433692866936326,0.9988704323768616
TEST_32294,0.004513915628194809,0.995648205280304
TEST_32295,0.008363340049982071,0.9883119463920593
TEST_32296,0.049944594502449036,0.9996229410171509
TEST_32297,0.0018028145423159003,0.9939339756965637
TEST_32298,0.033359311521053314,0.8840790390968323
TEST_32299,0.014897467568516731,0.9773241877555847
TEST_32300,0.01597350649535656,0.8822911381721497
TEST_32301,0.0010459143668413162,0.996769905090332
TEST_32302,0.32457736134529114,0.4190569221973419
TEST_32303,0.05175740271806717,0.9822637438774109
TEST_32304,0.06434985995292664,0.9262569546699524
TEST_32305,0.027542326599359512,0.9514332413673401
TEST_32306,0.004493046086281538,0.9962357878684998
TEST_32307,0.4667026698589325,0.4260726571083069
TEST_32308,0.7307928204536438,0.874815821647644
TEST_32309,0.9483394026756287,0.9913529753684998
TEST_32310,0.020749690011143684,0.8815504908561707
TEST_32311,0.19736723601818085,0.9825921058654785
TEST_32312,0.2141513079404831,0.9230694770812988
TEST_32313,0.005422844551503658,0.9906349778175354
TEST_32314,0.41322189569473267,0.8749708533287048
TEST_32315,0.007575795985758305,0.9972854852676392
TEST_32316,0.0189132671803236,0.9782733917236328
TEST_32317,0.026240456849336624,0.894267201423645
TEST_32318,0.010530224069952965,0.9952630996704102
TEST_32319,0.5016859173774719,0.9774551391601562
TEST_32320,0.018025627359747887,0.7942002415657043
TEST_32321,0.0035384309012442827,0.9997965693473816
TEST_32322,0.1302177906036377,0.9764791131019592
TEST_32323,0.004413355607539415,0.9875051975250244
TEST_32324,0.0024310133885592222,0.9959341287612915
TEST_32325,0.0016985047841444612,0.9975793957710266
TEST_32326,0.010158762335777283,0.999032735824585
TEST_32327,0.02184494584798813,0.9966048002243042
TEST_32328,0.037693485617637634,0.9908726811408997
TEST_32329,0.19306321442127228,0.7897716164588928
TEST_32330,0.019756752997636795,0.9969545602798462
TEST_32331,0.6522671580314636,0.26254943013191223
TEST_32332,0.007295629009604454,0.9746531844139099
TEST_32333,0.16151732206344604,0.5759620070457458
TEST_32334,0.7304930686950684,0.8340995907783508
TEST_32335,0.023676730692386627,0.9921403527259827
TEST_32336,0.0009306339197792113,0.9990574717521667
TEST_32337,0.2721896469593048,0.9152340888977051
TEST_32338,0.02506379224359989,0.9707302451133728
TEST_32339,0.0008566222968511283,0.9999905824661255
TEST_32340,0.025859279558062553,0.964612603187561
TEST_32341,0.025557316839694977,0.9173769950866699
TEST_32342,0.2250269055366516,0.014985445886850357
TEST_32343,0.00235578091815114,0.9915667176246643
TEST_32344,0.05805366113781929,0.8745357394218445
TEST_32345,0.003251962596550584,0.9989880919456482
TEST_32346,0.0026932826731354,0.9998559951782227
TEST_32347,0.009810100309550762,0.9230287671089172
TEST_32348,0.0007819277234375477,0.9982989430427551
TEST_32349,0.004958735778927803,0.9938567280769348
TEST_32350,0.009977703914046288,0.9828817844390869
TEST_32351,0.004938392899930477,0.9975587129592896
TEST_32352,0.02080455794930458,0.9404363036155701
TEST_32353,0.09605032205581665,0.9678549766540527
TEST_32354,0.0013613746268674731,0.9998181462287903
TEST_32355,0.2972073256969452,0.8551992177963257
TEST_32356,0.01676930859684944,0.99176424741745
TEST_32357,0.012378565035760403,0.9896236062049866
TEST_32358,0.16137073934078217,0.42937400937080383
TEST_32359,0.04053457826375961,0.815541684627533
TEST_32360,0.02408633753657341,0.9907852411270142
TEST_32361,0.84486985206604,0.002166957827284932
TEST_32362,0.18920856714248657,0.22936874628067017
TEST_32363,0.9999573230743408,0.003619469702243805
TEST_32364,0.02831636369228363,0.9667291045188904
TEST_32365,0.0008484548889100552,0.9921728372573853
TEST_32366,0.007240698207169771,0.9922751784324646
TEST_32367,0.9119958281517029,0.7915319204330444
TEST_32368,0.16843073070049286,0.9927438497543335
TEST_32369,0.0041662780568003654,0.984122633934021
TEST_32370,0.9865453839302063,0.9683265686035156
TEST_32371,0.011663789860904217,0.9928090572357178
TEST_32372,0.008321734145283699,0.9784936904907227
TEST_32373,0.37718915939331055,0.06192292273044586
TEST_32374,0.9980677962303162,0.053970277309417725
TEST_32375,0.003279235912486911,0.5230903029441833
TEST_32376,0.13368915021419525,0.553569495677948
TEST_32377,0.015607577748596668,0.9581677317619324
TEST_32378,0.014260662719607353,0.9902909398078918
TEST_32379,0.8149914741516113,0.8159704804420471
TEST_32380,0.009223691187798977,0.9960992336273193
TEST_32381,0.018519733101129532,0.9195705056190491
TEST_32382,0.012566291727125645,0.9958534240722656
TEST_32383,0.018443278968334198,0.9857361912727356
TEST_32384,0.015111264772713184,0.9965331554412842
TEST_32385,0.09723161160945892,0.9980243444442749
TEST_32386,0.0015211579157039523,0.9974898099899292
TEST_32387,0.9086258411407471,0.06471072137355804
TEST_32388,0.014985946007072926,0.9837205410003662
TEST_32389,0.012001706287264824,0.9948086142539978
TEST_32390,0.020184677094221115,0.9921846985816956
TEST_32391,0.13697576522827148,0.8511831164360046
TEST_32392,0.006929880939424038,0.9829334616661072
TEST_32393,0.031810201704502106,0.88142329454422
TEST_32394,0.010218064300715923,0.9927771091461182
TEST_32395,0.1630021631717682,0.8514159321784973
TEST_32396,0.030065568163990974,0.8718938231468201
TEST_32397,0.0015334433410316706,0.9970408082008362
TEST_32398,0.6907288432121277,0.9106249809265137
TEST_32399,0.006242197472602129,0.9963406920433044
TEST_32400,0.0005478102248162031,0.999798595905304
TEST_32401,0.002848481759428978,0.9918828010559082
TEST_32402,0.9998643398284912,0.0017726640217006207
TEST_32403,0.00776451313868165,0.9790521860122681
TEST_32404,0.009280613623559475,0.999230146408081
TEST_32405,0.02026950940489769,0.9140077829360962
TEST_32406,0.015537058934569359,0.9852088689804077
TEST_32407,0.0014996370300650597,0.9982343912124634
TEST_32408,0.015193942002952099,0.9502136707305908
TEST_32409,0.008531522937119007,0.9993908405303955
TEST_32410,0.9998385906219482,0.005902817472815514
TEST_32411,0.025168485939502716,0.9929741621017456
TEST_32412,0.07523201406002045,0.9770240187644958
TEST_32413,0.0007567389402538538,0.9965826869010925
TEST_32414,9.205803507938981e-05,0.9998468160629272
TEST_32415,0.0008507638704031706,0.9956860542297363
TEST_32416,0.06976858526468277,0.8966650366783142
TEST_32417,0.06383813172578812,0.8968135118484497
TEST_32418,0.06408065557479858,0.9680744409561157
TEST_32419,0.019502779468894005,0.990532636642456
TEST_32420,0.007235363125801086,0.9938219785690308
TEST_32421,0.21142423152923584,0.18213742971420288
TEST_32422,0.23184365034103394,0.3702648878097534
TEST_32423,0.00023103014973457903,0.9998002648353577
TEST_32424,0.0014887686120346189,0.995010495185852
TEST_32425,0.009172456339001656,0.9997542500495911
TEST_32426,0.034357231110334396,0.9808399081230164
TEST_32427,0.003579596756026149,0.9866329431533813
TEST_32428,0.8339552283287048,0.9776625633239746
TEST_32429,0.0001734250399749726,0.9997937083244324
TEST_32430,0.010954673402011395,0.9381070137023926
TEST_32431,0.006948811002075672,0.9971374273300171
TEST_32432,0.0025133767630904913,0.9966692328453064
TEST_32433,0.010243887081742287,0.9951887130737305
TEST_32434,0.029542507603764534,0.8946967720985413
TEST_32435,0.0016559092327952385,0.9970425963401794
TEST_32436,0.035263512283563614,0.8993674516677856
TEST_32437,0.010120198130607605,0.9746180772781372
TEST_32438,0.999848484992981,0.0020792155992239714
TEST_32439,0.07059475034475327,0.9957566857337952
TEST_32440,0.012174373492598534,0.9748424291610718
TEST_32441,0.003986493684351444,0.9996771812438965
TEST_32442,0.05199756845831871,0.9803047776222229
TEST_32443,0.0019715840462595224,0.9953315854072571
TEST_32444,0.017539475113153458,0.9861542582511902
TEST_32445,0.03886454924941063,0.9407445788383484
TEST_32446,0.028590595349669456,0.9982082843780518
TEST_32447,0.00675231171771884,0.9362481236457825
TEST_32448,0.008185633458197117,0.9921356439590454
TEST_32449,0.00521279638633132,0.9964807629585266
TEST_32450,0.0031094488222151995,0.889155924320221
TEST_32451,0.0006722028483636677,0.9963370561599731
TEST_32452,0.018360814079642296,0.9944572448730469
TEST_32453,0.00013086473336443305,0.9995502829551697
TEST_32454,0.02774265967309475,0.9936264753341675
TEST_32455,0.2772592604160309,0.9868929982185364
TEST_32456,0.0026385139208287,0.9976534247398376
TEST_32457,0.011729174293577671,0.9867753982543945
TEST_32458,0.0017682330217212439,0.9980872273445129
TEST_32459,0.6392391920089722,0.9715099930763245
TEST_32460,0.00855163298547268,0.9986006617546082
TEST_32461,0.012487664818763733,0.985302209854126
TEST_32462,0.0017531518824398518,0.9912369251251221
TEST_32463,0.05352307856082916,0.5381631851196289
TEST_32464,0.2710490822792053,0.8233781456947327
TEST_32465,0.0014612205559387803,0.9995256662368774
TEST_32466,1.4037125765753444e-05,0.9998550415039062
TEST_32467,0.964545488357544,0.04130489006638527
TEST_32468,0.1085822731256485,0.8017861247062683
TEST_32469,0.9998953342437744,5.663727642968297e-05
TEST_32470,0.002519905101507902,0.9408470988273621
TEST_32471,0.26742875576019287,0.9527231454849243
TEST_32472,0.02304651588201523,0.9355705380439758
TEST_32473,0.22531209886074066,0.8994544148445129
TEST_32474,0.08639601618051529,0.8704224824905396
TEST_32475,0.1485791802406311,0.9263959527015686
TEST_32476,0.010137696750462055,0.9680995941162109
TEST_32477,0.03573499619960785,0.964337944984436
TEST_32478,0.384561151266098,0.9480760097503662
TEST_32479,0.002026810310781002,0.9938846230506897
TEST_32480,0.03747902065515518,0.8795187473297119
TEST_32481,0.005235361400991678,0.9999998807907104
TEST_32482,0.6518291234970093,0.3120860457420349
TEST_32483,0.0024331999011337757,0.9422282576560974
TEST_32484,0.0006658917409367859,0.9976849555969238
TEST_32485,0.024953534826636314,0.9409774541854858
TEST_32486,0.0021950232330709696,0.9999703168869019
TEST_32487,0.09779749065637589,0.9797540307044983
TEST_32488,0.02808978036046028,0.9862143397331238
TEST_32489,0.18554456532001495,0.49109914898872375
TEST_32490,0.001348721794784069,0.9975997805595398
TEST_32491,0.11802612990140915,0.15395711362361908
TEST_32492,0.0009733893675729632,0.9937561750411987
TEST_32493,0.0015100035816431046,0.997194766998291
TEST_32494,0.05256229639053345,0.9095371961593628
TEST_32495,0.022078925743699074,0.9984865188598633
TEST_32496,0.008397473953664303,0.9982876181602478
TEST_32497,0.9748278260231018,0.004492916166782379
TEST_32498,0.004808036610484123,0.930336594581604
TEST_32499,0.002065428765490651,0.9989191293716431
TEST_32500,0.041848763823509216,0.8442005515098572
TEST_32501,0.04976009204983711,0.9220391511917114
TEST_32502,0.02474302425980568,0.9046204686164856
TEST_32503,0.0426047220826149,0.9678348898887634
TEST_32504,0.03192901238799095,0.9670470356941223
TEST_32505,0.31986746191978455,0.9275345802307129
TEST_32506,0.004354969598352909,0.9893559813499451
TEST_32507,0.8911528587341309,0.40647897124290466
TEST_32508,0.061376411467790604,0.9721136689186096
TEST_32509,0.03642741218209267,0.8440653085708618
TEST_32510,0.1820155531167984,0.9846926927566528
TEST_32511,0.08106569945812225,0.9982169270515442
TEST_32512,0.01742759346961975,0.5963935256004333
TEST_32513,0.02344292402267456,0.8883176445960999
TEST_32514,0.0007083052769303322,0.9974688291549683
TEST_32515,0.0006693874602206051,0.9928970336914062
TEST_32516,0.0007076730253174901,0.9970294237136841
TEST_32517,0.01176312193274498,0.9492818117141724
TEST_32518,0.0008472532499581575,0.9997283816337585
TEST_32519,0.00729619525372982,0.7471698522567749
TEST_32520,0.16911981999874115,0.20684106647968292
TEST_32521,0.3503113090991974,0.8627060055732727
TEST_32522,0.018325144425034523,0.9400248527526855
TEST_32523,0.005321387201547623,0.9969527721405029
TEST_32524,0.12089912593364716,0.2361976057291031
TEST_32525,0.004759356379508972,0.9985185265541077
TEST_32526,0.012142239138484001,0.8976162672042847
TEST_32527,0.584322452545166,0.19372448325157166
TEST_32528,0.023639541119337082,0.9307006597518921
TEST_32529,0.00025327634648419917,0.9998154044151306
TEST_32530,1.7059561287169345e-05,0.9999889135360718
TEST_32531,0.006940507795661688,0.9977713823318481
TEST_32532,0.00646348437294364,0.9771575331687927
TEST_32533,0.026762673631310463,0.9968234300613403
TEST_32534,0.015322871506214142,0.9883576035499573
TEST_32535,0.05475471913814545,0.998674750328064
TEST_32536,0.03519805148243904,0.9963841438293457
TEST_32537,0.05198869854211807,0.9955483675003052
TEST_32538,0.04160280153155327,0.9866421222686768
TEST_32539,0.1528802365064621,0.9606904983520508
TEST_32540,0.006122920662164688,0.995205283164978
TEST_32541,0.04103024676442146,0.9471878409385681
TEST_32542,0.060745418071746826,0.9632281064987183
TEST_32543,0.9315814971923828,0.04980781674385071
TEST_32544,0.03750737011432648,0.936782717704773
TEST_32545,0.038358185440301895,0.9911755323410034
TEST_32546,0.010730530135333538,0.9602336883544922
TEST_32547,0.10132445394992828,0.9989759922027588
TEST_32548,0.00021688353444915265,0.9999741315841675
TEST_32549,0.012839858420193195,0.9454436898231506
TEST_32550,0.007743309251964092,0.9546639323234558
TEST_32551,0.03588516637682915,0.974344789981842
TEST_32552,7.129787263693288e-06,0.9998331069946289
TEST_32553,0.7053573727607727,0.8501728773117065
TEST_32554,0.0037407600320875645,0.9980827569961548
TEST_32555,0.006531676277518272,0.9916473627090454
TEST_32556,0.021962225437164307,0.9952614903450012
TEST_32557,0.00025299203116446733,0.9999817609786987
TEST_32558,0.03602893650531769,0.8719857335090637
TEST_32559,0.011818036437034607,0.9983192086219788
TEST_32560,0.024377254769206047,0.9939780235290527
TEST_32561,0.043057650327682495,0.9386628866195679
TEST_32562,0.03140188008546829,0.9609897136688232
TEST_32563,0.006185595877468586,0.7841156721115112
TEST_32564,0.06543339788913727,0.9970888495445251
TEST_32565,0.004194234032183886,0.998161256313324
TEST_32566,0.02501065656542778,0.9983698725700378
TEST_32567,0.14354297518730164,0.9336538314819336
TEST_32568,8.976412209449336e-05,0.9999808073043823
TEST_32569,0.027984967455267906,0.9742618799209595
TEST_32570,0.008212943561375141,0.7609903216362
TEST_32571,0.020256565883755684,0.9104403257369995
TEST_32572,0.2315106838941574,0.6946695446968079
TEST_32573,0.1902940571308136,0.7020033597946167
TEST_32574,0.0355260968208313,0.8097541928291321
TEST_32575,0.01997755654156208,0.9771892428398132
TEST_32576,0.0010873671853914857,0.995323121547699
TEST_32577,0.03585819527506828,0.9767667651176453
TEST_32578,0.013637187890708447,0.9987843632698059
TEST_32579,0.003693562000989914,0.9983421564102173
TEST_32580,0.9999995231628418,0.0029026870615780354
TEST_32581,0.999556839466095,0.01100870966911316
TEST_32582,0.0013554416364058852,0.9960642457008362
TEST_32583,0.12345504015684128,0.99605393409729
TEST_32584,0.9977103471755981,0.009463387541472912
TEST_32585,0.0051341429352760315,0.9701411724090576
TEST_32586,0.0038006955292075872,0.9897609353065491
TEST_32587,0.8432766795158386,0.17027926445007324
TEST_32588,0.005741328001022339,0.9946434497833252
TEST_32589,0.002840135945007205,0.9993606209754944
TEST_32590,0.015452668070793152,0.8839208483695984
TEST_32591,0.5555893778800964,0.8780085444450378
TEST_32592,0.010778936557471752,0.9945513606071472
TEST_32593,0.0032686886843293905,0.9523584842681885
TEST_32594,0.007801012136042118,0.9412285089492798
TEST_32595,0.0217945147305727,0.9915804266929626
TEST_32596,0.0008367247064597905,0.9971068501472473
TEST_32597,0.24741357564926147,0.9454987049102783
TEST_32598,0.008157487027347088,0.999060332775116
TEST_32599,0.11301156878471375,0.7105953693389893
TEST_32600,0.01363856066018343,0.9681503176689148
TEST_32601,0.029788000509142876,0.9760410189628601
TEST_32602,0.005265368148684502,0.9855982661247253
TEST_32603,0.00539706414565444,0.9968746900558472
TEST_32604,0.05647217854857445,0.9290394186973572
TEST_32605,0.010609043762087822,0.9980725049972534
TEST_32606,0.01548222079873085,0.9996854066848755
TEST_32607,0.016333069652318954,0.9928749799728394
TEST_32608,0.9646450281143188,0.4082838296890259
TEST_32609,0.016727769747376442,0.9702910780906677
TEST_32610,0.0943668782711029,0.9959933757781982
TEST_32611,0.8260104060173035,0.8651595711708069
TEST_32612,0.004009331576526165,0.9794973134994507
TEST_32613,0.1966698169708252,0.8726813793182373
TEST_32614,0.0009045510669238865,0.9999741315841675
TEST_32615,0.981440007686615,0.013226636685431004
TEST_32616,0.04241269826889038,0.9946367144584656
TEST_32617,0.00696924515068531,0.9979332685470581
TEST_32618,0.04242520034313202,0.0585409477353096
TEST_32619,0.00011833100870717317,0.9976270794868469
TEST_32620,0.0012359569082036614,0.9996857643127441
TEST_32621,0.5162692666053772,0.9887111186981201
TEST_32622,2.461928488628473e-06,0.9998784065246582
TEST_32623,0.3443754315376282,0.6756300926208496
TEST_32624,0.005452130921185017,0.9778749346733093
TEST_32625,0.00011999519483651966,0.9999991655349731
TEST_32626,0.04656950756907463,0.9783435463905334
TEST_32627,0.9993199110031128,0.0007629439351148903
TEST_32628,0.00696888193488121,0.9999960660934448
TEST_32629,0.1670258492231369,0.9844810962677002
TEST_32630,0.0038896312471479177,0.9973443150520325
TEST_32631,0.008143640123307705,0.9709425568580627
TEST_32632,0.9507310390472412,0.9564600586891174
TEST_32633,0.13851536810398102,0.9749400019645691
TEST_32634,0.023751823231577873,0.9973003268241882
TEST_32635,0.011618693359196186,0.9975571632385254
TEST_32636,0.028360813856124878,0.9979150891304016
TEST_32637,0.018439190462231636,0.9309366941452026
TEST_32638,0.009421205148100853,0.988590657711029
TEST_32639,0.01110233273357153,0.9452496767044067
TEST_32640,0.0007258256082423031,0.9963362216949463
TEST_32641,0.06536304205656052,0.9543282389640808
TEST_32642,0.44204503297805786,0.992599368095398
TEST_32643,0.023761527612805367,0.9297821521759033
TEST_32644,0.24340097606182098,0.9717689752578735
TEST_32645,0.1520828902721405,0.7922410368919373
TEST_32646,0.013751461170613766,0.9910929799079895
TEST_32647,0.004280020948499441,0.9952178001403809
TEST_32648,0.0012349430471658707,0.9832875728607178
TEST_32649,0.30943435430526733,0.9073803424835205
TEST_32650,0.03903253376483917,0.9968125224113464
TEST_32651,0.0074974666349589825,0.9965560436248779
TEST_32652,0.6474038362503052,0.9475318193435669
TEST_32653,0.04760527238249779,0.8536755442619324
TEST_32654,0.009011983871459961,0.9627618193626404
TEST_32655,0.012047188356518745,0.9931771755218506
TEST_32656,0.007958056405186653,0.9920834302902222
TEST_32657,0.007345329504460096,0.990845263004303
TEST_32658,0.04872552677989006,0.9900744557380676
TEST_32659,0.04089757055044174,0.7120288014411926
TEST_32660,0.0013447091914713383,0.9977230429649353
TEST_32661,0.0074839345179498196,0.9724215269088745
TEST_32662,0.004223063122481108,0.9931332468986511
TEST_32663,0.020480090752243996,0.9753291606903076
TEST_32664,0.05706939101219177,0.9161791801452637
TEST_32665,0.23214192688465118,0.976704478263855
TEST_32666,0.00908237136900425,0.9974806904792786
TEST_32667,7.4836025305558e-05,0.9999998807907104
TEST_32668,0.011778892017900944,0.9667165875434875
TEST_32669,0.011180686764419079,0.9217226505279541
TEST_32670,0.000403367739636451,0.9957471489906311
TEST_32671,0.013981224969029427,0.9979150891304016
TEST_32672,0.0026823324151337147,0.9878354668617249
TEST_32673,0.005764773115515709,0.9966204166412354
TEST_32674,0.05182606354355812,0.9917819499969482
TEST_32675,0.40717875957489014,0.9127163290977478
TEST_32676,0.0057920413091778755,0.9960934519767761
TEST_32677,0.0138852559030056,0.9977388381958008
TEST_32678,0.970160722732544,0.0006245339754968882
TEST_32679,0.028497135266661644,0.8712243437767029
TEST_32680,0.0027174074202775955,0.9838328957557678
TEST_32681,0.002668988425284624,0.9562692642211914
TEST_32682,0.349151611328125,0.9691199064254761
TEST_32683,0.03497909754514694,0.8996500372886658
TEST_32684,0.09209045767784119,0.9895461201667786
TEST_32685,0.023320334032177925,0.9798262715339661
TEST_32686,0.00045473771751858294,0.9995666146278381
TEST_32687,0.9996663331985474,0.0002031682088272646
TEST_32688,0.014835063368082047,0.8972331881523132
TEST_32689,0.9510725140571594,0.1968737244606018
TEST_32690,0.7146186828613281,0.6828437447547913
TEST_32691,0.0014125582529231906,0.9983075857162476
TEST_32692,0.30445700883865356,0.47148996591567993
TEST_32693,0.005013285204768181,0.990734338760376
TEST_32694,0.012202883139252663,0.9929057359695435
TEST_32695,0.05259590223431587,0.8951427340507507
TEST_32696,0.061975229531526566,0.9730534553527832
TEST_32697,0.0006444569444283843,0.9999580383300781
TEST_32698,0.6617829203605652,0.49831342697143555
TEST_32699,0.010063720867037773,0.9982627034187317
TEST_32700,0.0037796751130372286,0.957598865032196
TEST_32701,0.2417348474264145,0.8666678667068481
TEST_32702,0.02057753875851631,0.9491342306137085
TEST_32703,0.05851796269416809,0.9880552887916565
TEST_32704,0.002463547047227621,0.9987271428108215
TEST_32705,0.08374782651662827,0.9158914089202881
TEST_32706,0.02013252303004265,0.9756429195404053
TEST_32707,0.9101251363754272,0.9346354007720947
TEST_32708,0.005351983476430178,0.9778701066970825
TEST_32709,0.006870418321341276,0.9984604120254517
TEST_32710,0.007593138609081507,0.9463917016983032
TEST_32711,0.022354591637849808,0.9005540609359741
TEST_32712,0.005121223628520966,0.9499689936637878
TEST_32713,0.005672586150467396,0.9991967082023621
TEST_32714,0.0013695999514311552,0.9865133166313171
TEST_32715,0.012020408175885677,0.599493682384491
TEST_32716,0.6818010807037354,0.8059328198432922
TEST_32717,0.2401217222213745,0.9556379318237305
TEST_32718,0.08431865274906158,0.910062849521637
TEST_32719,0.055088527500629425,0.9964709281921387
TEST_32720,0.1430557668209076,0.8652387261390686
TEST_32721,0.026881251484155655,0.9834897518157959
TEST_32722,0.8969343304634094,0.9303290843963623
TEST_32723,0.002914916956797242,0.9939875602722168
TEST_32724,0.11149771511554718,0.9782117605209351
TEST_32725,0.10030881315469742,0.9590029716491699
TEST_32726,0.0022711807396262884,0.9791299700737
TEST_32727,0.07931888848543167,0.8122000694274902
TEST_32728,0.012778067961335182,0.9882543087005615
TEST_32729,0.003924488089978695,0.9991707801818848
TEST_32730,0.006036299746483564,0.8806789517402649
TEST_32731,0.006971257738769054,0.9863998889923096
TEST_32732,0.0031525001395493746,0.9934608936309814
TEST_32733,0.0020441601518541574,0.9992967844009399
TEST_32734,0.048559170216321945,0.9570346474647522
TEST_32735,0.008922453038394451,0.9745445847511292
TEST_32736,0.0031190328299999237,0.9919019341468811
TEST_32737,0.02652197889983654,0.9985824823379517
TEST_32738,0.04303780570626259,0.9950432777404785
TEST_32739,0.003412913531064987,1.0
TEST_32740,0.09112031757831573,0.9955631494522095
TEST_32741,0.0035161832347512245,0.9534640312194824
TEST_32742,0.0016480333870276809,0.9994398951530457
TEST_32743,0.03577275946736336,0.9819250106811523
TEST_32744,0.06816761195659637,0.7880807518959045
TEST_32745,0.005764439702033997,0.974785566329956
TEST_32746,0.059837713837623596,0.8808726072311401
TEST_32747,0.03948871046304703,0.9268186688423157
TEST_32748,0.901232123374939,0.8889358043670654
TEST_32749,0.012312261387705803,0.9958974123001099
TEST_32750,0.9982815980911255,0.15208305418491364
TEST_32751,0.09394663572311401,0.8665684461593628
TEST_32752,0.005547141190618277,0.9968980550765991
TEST_32753,0.0198371484875679,0.9809988141059875
TEST_32754,0.0038374040741473436,0.9893181920051575
TEST_32755,3.792037387029268e-05,0.9990076422691345
TEST_32756,0.010140376165509224,0.9849932193756104
TEST_32757,0.002373863710090518,0.9991450309753418
TEST_32758,0.003031644504517317,0.9398566484451294
TEST_32759,0.021993080154061317,0.9924156665802002
TEST_32760,0.038319285959005356,0.9805533289909363
TEST_32761,0.002035540295764804,0.9894681572914124
TEST_32762,0.0001544658443890512,0.9999806880950928
TEST_32763,0.026555350050330162,0.9495499134063721
TEST_32764,0.0020025926642119884,0.9929957985877991
TEST_32765,0.03947598114609718,0.9976271986961365
TEST_32766,0.021346013993024826,0.9893912076950073
TEST_32767,0.002862789900973439,0.9744846820831299
TEST_32768,0.11057915538549423,0.996408998966217
TEST_32769,0.985747754573822,0.012069682590663433
TEST_32770,0.00023708264052402228,0.9996991157531738
TEST_32771,0.014786248095333576,0.9881218671798706
TEST_32772,0.03355225548148155,0.9987396597862244
TEST_32773,0.007570234127342701,0.9949634075164795
TEST_32774,0.12874336540699005,0.9976142644882202
TEST_32775,0.0007396370056085289,0.9835373759269714
TEST_32776,0.0027109382208436728,0.9921200275421143
TEST_32777,0.026685766875743866,0.9956728219985962
TEST_32778,0.0012109840754419565,0.9354445934295654
TEST_32779,0.07679363340139389,0.9954174757003784
TEST_32780,0.007755176164209843,0.7995810508728027
TEST_32781,0.9744002819061279,0.5151506066322327
TEST_32782,0.01026726420968771,0.9999961853027344
TEST_32783,0.016473567113280296,0.9987082481384277
TEST_32784,0.09523674845695496,0.9482273459434509
TEST_32785,0.00731688505038619,0.9907962083816528
TEST_32786,0.44211044907569885,0.28294986486434937
TEST_32787,0.09057258814573288,0.9869011044502258
TEST_32788,0.03262092545628548,0.7082787752151489
TEST_32789,0.014937602914869785,0.9782240986824036
TEST_32790,0.016414014622569084,0.9992781281471252
TEST_32791,0.010921899229288101,0.9702145457267761
TEST_32792,0.01881592534482479,0.975057065486908
TEST_32793,0.9332928657531738,0.9157719016075134
TEST_32794,0.16417653858661652,0.7155697345733643
TEST_32795,0.00048144429456442595,0.9999985694885254
TEST_32796,0.04569470137357712,0.9139673709869385
TEST_32797,0.19434136152267456,0.9913272261619568
TEST_32798,0.5247684121131897,0.5154891014099121
TEST_32799,0.0008673229021951556,0.9989140033721924
TEST_32800,0.004682804457843304,0.9996368885040283
TEST_32801,0.014649833552539349,0.9998970031738281
TEST_32802,1.0,4.388711204228457e-06
TEST_32803,0.00235431338660419,0.9730882048606873
TEST_32804,0.06655926257371902,0.8770384788513184
TEST_32805,0.013884557411074638,0.9925866723060608
TEST_32806,0.03574551269412041,0.8625997304916382
TEST_32807,0.0015330344904214144,0.9986735582351685
TEST_32808,0.002251518191769719,0.9064865112304688
TEST_32809,0.062308602035045624,0.9838706254959106
TEST_32810,0.0013040214544162154,0.9971935153007507
TEST_32811,0.0017847813433036208,0.9927402138710022
TEST_32812,0.0041997781954705715,0.9961673617362976
TEST_32813,0.14363013207912445,0.9652761816978455
TEST_32814,0.002426041290163994,0.9971563816070557
TEST_32815,0.10325175523757935,0.909485936164856
TEST_32816,0.018956853076815605,0.9982635378837585
TEST_32817,0.7686562538146973,0.9655637145042419
TEST_32818,0.0010926598915830255,0.99671471118927
TEST_32819,0.9200566411018372,0.9639690518379211
TEST_32820,0.0029241559095680714,0.9995118379592896
TEST_32821,0.005238110665231943,0.9995027780532837
TEST_32822,0.0013496425235643983,0.8987924456596375
TEST_32823,0.0018410506891086698,0.9914780259132385
TEST_32824,0.0014854174805805087,0.9923094511032104
TEST_32825,0.10596440732479095,0.64183109998703
TEST_32826,0.035235729068517685,0.9138726592063904
TEST_32827,0.03263227269053459,0.996547520160675
TEST_32828,0.011657647788524628,0.9924808740615845
TEST_32829,0.45061492919921875,0.9398552179336548
TEST_32830,0.0005271906265988946,0.998650848865509
TEST_32831,0.00316328345797956,0.9924789667129517
TEST_32832,0.0015261111548170447,0.4888918101787567
TEST_32833,0.005262054968625307,0.999300479888916
TEST_32834,0.0019780565053224564,0.9966075420379639
TEST_32835,1.3500280147127341e-05,0.9998276233673096
TEST_32836,0.003822342725470662,0.9973443150520325
TEST_32837,0.1141863763332367,0.9764530062675476
TEST_32838,0.0010857954621315002,0.998471200466156
TEST_32839,0.0013130006846040487,0.9832416772842407
TEST_32840,0.0004387029039207846,0.9964131712913513
TEST_32841,0.019215863198041916,0.9946497082710266
TEST_32842,0.03599925339221954,0.917161226272583
TEST_32843,0.011012017726898193,0.9892403483390808
TEST_32844,0.0003883273748215288,0.9998268485069275
TEST_32845,0.04302925243973732,0.7599149346351624
TEST_32846,0.01159550342708826,0.9984666109085083
TEST_32847,0.010368366725742817,0.999019980430603
TEST_32848,0.0019508545519784093,0.9969979524612427
TEST_32849,0.06892300397157669,0.9944146871566772
TEST_32850,0.7526649236679077,0.5592659711837769
TEST_32851,0.01812409609556198,0.9262509942054749
TEST_32852,0.0018024250166490674,0.9998897314071655
TEST_32853,4.948324931319803e-05,0.9998503923416138
TEST_32854,0.013285115361213684,0.9928944706916809
TEST_32855,0.001453400356695056,0.9908633828163147
TEST_32856,0.02668696455657482,0.9898625612258911
TEST_32857,0.0011485344730317593,0.9872719645500183
TEST_32858,0.004941667430102825,0.9992051720619202
TEST_32859,0.08143150806427002,0.7248374819755554
TEST_32860,0.8712716698646545,0.9614537358283997
TEST_32861,0.011013815179467201,0.9515635967254639
TEST_32862,0.004758606664836407,0.8871651887893677
TEST_32863,0.0015564849600195885,0.9953142404556274
TEST_32864,0.01498786173760891,0.975506067276001
TEST_32865,0.38459935784339905,0.9419530630111694
TEST_32866,0.01583748124539852,0.9772162437438965
TEST_32867,0.000847577815875411,0.9989532232284546
TEST_32868,0.018030522391200066,0.934808611869812
TEST_32869,0.44840162992477417,0.899005115032196
TEST_32870,0.126822367310524,0.9614551663398743
TEST_32871,0.02557908184826374,0.9741721153259277
TEST_32872,0.0036875074729323387,0.9619183540344238
TEST_32873,0.04990513622760773,0.9206282496452332
TEST_32874,0.0030329811852425337,0.994196891784668
TEST_32875,0.06034450978040695,0.9857940077781677
TEST_32876,0.019890597090125084,0.9949856996536255
TEST_32877,0.005440938752144575,0.9084050059318542
TEST_32878,0.018336838111281395,0.9160434007644653
TEST_32879,0.0794227346777916,0.9654338955879211
TEST_32880,0.013751688413321972,0.8382051587104797
TEST_32881,0.12444280833005905,0.47454485297203064
TEST_32882,0.0028797208797186613,0.9701264500617981
TEST_32883,0.002556396182626486,0.7556886672973633
TEST_32884,0.00045692245475947857,0.9970316886901855
TEST_32885,0.06420804560184479,0.8345293402671814
TEST_32886,0.013298905454576015,0.9889822602272034
TEST_32887,0.9999474287033081,7.382286275969818e-05
TEST_32888,0.042164575308561325,0.9409252405166626
TEST_32889,0.010410361923277378,0.9980050921440125
TEST_32890,0.002306168433278799,0.9711362719535828
TEST_32891,0.015773089602589607,0.9965264201164246
TEST_32892,0.998557984828949,0.010670658200979233
TEST_32893,0.9985381364822388,0.04890982434153557
TEST_32894,0.0066068279556930065,0.9871335029602051
TEST_32895,0.11094304919242859,0.8255473375320435
TEST_32896,0.047183845192193985,0.9392766356468201
TEST_32897,0.2521708011627197,0.9187721014022827
TEST_32898,0.969284176826477,0.04749787598848343
TEST_32899,0.003434268059208989,0.9995878338813782
TEST_32900,0.00216094683855772,0.9985013008117676
TEST_32901,0.0031270908657461405,0.9976552724838257
TEST_32902,0.023851359263062477,0.8115833401679993
TEST_32903,0.01261990424245596,0.9549381136894226
TEST_32904,0.004126340616494417,0.9992921352386475
TEST_32905,0.0005378550849854946,0.9992825388908386
TEST_32906,0.0018966147908940911,0.9814679026603699
TEST_32907,0.7378971576690674,0.1677674949169159
TEST_32908,0.027038631960749626,0.9976407289505005
TEST_32909,0.0214636642485857,0.9219149947166443
TEST_32910,0.012899654917418957,0.9509516358375549
TEST_32911,0.0009581649792380631,0.9973912239074707
TEST_32912,0.03337639942765236,0.9164267778396606
TEST_32913,0.008569302037358284,0.9600719213485718
TEST_32914,0.0017386472318321466,0.9956216216087341
TEST_32915,0.04378730058670044,0.9676098823547363
TEST_32916,0.0005006075371056795,0.9955969452857971
TEST_32917,0.03994685783982277,0.7950850129127502
TEST_32918,0.034004151821136475,0.9672430753707886
TEST_32919,0.3966147303581238,0.855363667011261
TEST_32920,0.028516694903373718,0.9961622953414917
TEST_32921,0.00695528369396925,0.9612828493118286
TEST_32922,0.04143476113677025,0.8860994577407837
TEST_32923,0.0010105357505381107,0.9965831637382507
TEST_32924,0.009787475690245628,0.9856112003326416
TEST_32925,0.016662757843732834,0.9058277606964111
TEST_32926,0.005445301532745361,0.9999998807907104
TEST_32927,0.004029881674796343,0.9703637361526489
TEST_32928,0.0012791837798431516,0.9963672161102295
TEST_32929,0.000194281674339436,0.9998589754104614
TEST_32930,0.055228494107723236,0.9061934351921082
TEST_32931,0.008710507303476334,0.9869851469993591
TEST_32932,0.1015884056687355,0.8747940063476562
TEST_32933,0.026703104376792908,0.9856534600257874
TEST_32934,0.011519154533743858,0.9788841009140015
TEST_32935,0.0021466140169650316,0.9997492432594299
TEST_32936,0.16678044199943542,0.7207002639770508
TEST_32937,0.20690204203128815,0.8927922248840332
TEST_32938,0.014435634948313236,0.9447489976882935
TEST_32939,0.16783851385116577,0.3705454468727112
TEST_32940,0.001911057042889297,0.9981932044029236
TEST_32941,0.005030055530369282,0.9850460886955261
TEST_32942,0.08916255086660385,0.8351630568504333
TEST_32943,0.0008038771920837462,0.9999954700469971
TEST_32944,0.08430019021034241,0.9929807186126709
TEST_32945,0.05623741075396538,0.8608964085578918
TEST_32946,0.003607766004279256,0.9832468628883362
TEST_32947,0.004345448222011328,0.9999936819076538
TEST_32948,0.05830802023410797,0.4246060848236084
TEST_32949,0.14188867807388306,0.9171195030212402
TEST_32950,0.031890492886304855,0.8762901425361633
TEST_32951,0.03612060472369194,0.9854080080986023
TEST_32952,0.02300432324409485,0.9740269184112549
TEST_32953,0.002183817559853196,0.9996024966239929
TEST_32954,0.2195899337530136,0.7316104769706726
TEST_32955,0.33346307277679443,0.8621321320533752
TEST_32956,0.03063192218542099,0.9750533103942871
TEST_32957,0.013767372816801071,0.9752300381660461
TEST_32958,0.06394291669130325,0.9446408152580261
TEST_32959,0.96037757396698,0.5511054992675781
TEST_32960,0.00011644669575616717,0.9979144930839539
TEST_32961,0.03487968072295189,0.9046517610549927
TEST_32962,0.003435224760323763,0.996290922164917
TEST_32963,0.18785692751407623,0.9340370297431946
TEST_32964,0.693596363067627,0.9304057359695435
TEST_32965,0.9807507395744324,0.35537949204444885
TEST_32966,0.0707244724035263,0.9238800406455994
TEST_32967,0.12238180637359619,0.9541999101638794
TEST_32968,0.04714112728834152,0.9701796770095825
TEST_32969,0.03744947165250778,0.9562097191810608
TEST_32970,0.002513112500309944,0.9851483106613159
TEST_32971,0.07723896950483322,0.6026402711868286
TEST_32972,0.012895386666059494,0.9978712797164917
TEST_32973,0.09474573284387589,0.30359572172164917
TEST_32974,0.01211652159690857,0.9606296420097351
TEST_32975,0.00043871375964954495,0.9956302642822266
TEST_32976,0.003707663156092167,0.9943684935569763
TEST_32977,0.09022657573223114,0.9384670853614807
TEST_32978,0.001232718932442367,0.972389280796051
TEST_32979,0.3739844858646393,0.26629891991615295
TEST_32980,0.009366724640130997,0.9901458621025085
TEST_32981,0.02343224361538887,0.9828837513923645
TEST_32982,0.06310300529003143,0.8355804681777954
TEST_32983,0.04897865653038025,0.9548451900482178
TEST_32984,0.005434022750705481,0.998049259185791
TEST_32985,0.005336142145097256,0.987806499004364
TEST_32986,0.01210630964487791,0.994491457939148
TEST_32987,0.031051117926836014,0.9956045150756836
TEST_32988,0.0006853989325463772,0.998313307762146
TEST_32989,0.003423605114221573,0.9999797344207764
TEST_32990,0.6719766855239868,0.9345259070396423
TEST_32991,0.0009614286827854812,0.9891524314880371
TEST_32992,0.017173731699585915,0.9866998195648193
TEST_32993,0.016296712681651115,0.6565003991127014
TEST_32994,1.4062150057725376e-06,0.9999401569366455
TEST_32995,0.005236970726400614,0.9968037605285645
TEST_32996,0.025932347401976585,0.9995452761650085
TEST_32997,0.0142282173037529,0.9726438522338867
TEST_32998,0.46740275621414185,0.2872219979763031
TEST_32999,0.15575890243053436,0.31263697147369385
TEST_33000,0.0011874580522999167,0.99904865026474
TEST_33001,0.11557406932115555,0.9936156272888184
TEST_33002,0.010804868303239346,0.9954138398170471
TEST_33003,0.005533784627914429,0.9927418231964111
TEST_33004,0.03069550171494484,0.9450964331626892
TEST_33005,0.11124702543020248,0.9854533076286316
TEST_33006,0.027792543172836304,0.982349693775177
TEST_33007,0.08842306584119797,0.8879650831222534
TEST_33008,0.034927185624837875,0.9198068380355835
TEST_33009,0.002430642256513238,0.9974583983421326
TEST_33010,0.08337274938821793,0.949140191078186
TEST_33011,0.008187360130250454,0.9922486543655396
TEST_33012,0.008576690219342709,0.966729998588562
TEST_33013,0.07474421709775925,0.970698356628418
TEST_33014,0.01248057559132576,0.9807475209236145
TEST_33015,0.020404884591698647,0.9982099533081055
TEST_33016,0.035186488181352615,0.9067493081092834
TEST_33017,0.004727704916149378,0.9473527669906616
TEST_33018,0.018333520740270615,0.9782536029815674
TEST_33019,0.0030824202112853527,0.9995915293693542
TEST_33020,0.3266219198703766,0.976475179195404
TEST_33021,0.002969966270029545,0.9862431883811951
TEST_33022,0.010782511904835701,0.9990118741989136
TEST_33023,0.6768497824668884,0.999000608921051
TEST_33024,0.3871663212776184,0.7068794965744019
TEST_33025,0.0011524552246555686,0.999198853969574
TEST_33026,0.13955509662628174,0.8599671721458435
TEST_33027,0.007207508198916912,0.999338686466217
TEST_33028,0.007456185296177864,0.9958943128585815
TEST_33029,0.7580545544624329,0.8811908960342407
TEST_33030,0.0027521608863025904,0.999203622341156
TEST_33031,0.012850389815866947,0.9046941995620728
TEST_33032,0.004161888267844915,0.9516013860702515
TEST_33033,0.024567008018493652,0.9921728372573853
TEST_33034,0.008028552867472172,0.9976980090141296
TEST_33035,0.01266049686819315,0.8674559593200684
TEST_33036,0.003130261553451419,1.0
TEST_33037,0.009511140175163746,0.8781114816665649
TEST_33038,0.0005681899492628872,0.9982302784919739
TEST_33039,0.0008896318613551557,0.9943485856056213
TEST_33040,0.6558464765548706,0.05724414810538292
TEST_33041,0.007931042462587357,0.9669945240020752
TEST_33042,0.027484912425279617,0.96910560131073
TEST_33043,0.031800150871276855,0.9593316316604614
TEST_33044,0.016938503831624985,0.9207414388656616
TEST_33045,0.5351521968841553,0.8239768147468567
TEST_33046,0.0608736127614975,0.9777818918228149
TEST_33047,0.05553176626563072,0.990935742855072
TEST_33048,0.0021494922693818808,0.9942125678062439
TEST_33049,0.007836159318685532,0.9911589026451111
TEST_33050,0.0027793399058282375,0.9983276724815369
TEST_33051,0.11262060701847076,0.9566339254379272
TEST_33052,0.24107611179351807,0.9719204902648926
TEST_33053,0.0428319089114666,0.9623268246650696
TEST_33054,0.008654043078422546,0.9887434244155884
TEST_33055,0.5838993191719055,0.9415781497955322
TEST_33056,0.030465412884950638,0.9934595823287964
TEST_33057,0.044190943241119385,0.9492773413658142
TEST_33058,0.015194963663816452,0.9285193681716919
TEST_33059,0.007647858001291752,0.9747476577758789
TEST_33060,0.03894884139299393,0.6978297233581543
TEST_33061,0.02739434503018856,0.9951347708702087
TEST_33062,0.01499758567661047,0.9971252083778381
TEST_33063,0.0032580613624304533,0.9823482632637024
TEST_33064,0.004869813099503517,0.9854775667190552
TEST_33065,0.0024282580707222223,0.9979991316795349
TEST_33066,0.06058784946799278,0.9632447957992554
TEST_33067,0.031660228967666626,0.8505538702011108
TEST_33068,0.01504509523510933,0.9915640354156494
TEST_33069,0.005415710154920816,0.9539300203323364
TEST_33070,0.046313125640153885,0.7235472202301025
TEST_33071,0.020159823819994926,0.9348694682121277
TEST_33072,0.9979889392852783,9.99766489258036e-05
TEST_33073,0.8362329602241516,0.8771905303001404
TEST_33074,0.012648693285882473,0.9726555943489075
TEST_33075,0.35911330580711365,0.8776467442512512
TEST_33076,0.9587440490722656,0.8589473962783813
TEST_33077,0.25618356466293335,0.9692128300666809
TEST_33078,0.0064385756850242615,0.980472981929779
TEST_33079,0.0030759561341255903,0.9799853563308716
TEST_33080,0.008189903572201729,0.9833199381828308
TEST_33081,0.0544135682284832,0.9526617527008057
TEST_33082,0.46321576833724976,0.9957518577575684
TEST_33083,0.005245983600616455,0.998654842376709
TEST_33084,0.0026062512770295143,0.9947571754455566
TEST_33085,0.023194849491119385,0.9374556541442871
TEST_33086,0.0012258038623258471,0.9992497563362122
TEST_33087,0.050152555108070374,0.9038892984390259
TEST_33088,0.010501857846975327,0.9891531467437744
TEST_33089,0.0009012273512780666,0.9799630045890808
TEST_33090,0.03870302438735962,0.9995461106300354
TEST_33091,0.030448289588093758,0.9702571034431458
TEST_33092,0.03268526867032051,0.7957581877708435
TEST_33093,0.5135318636894226,0.9803810715675354
TEST_33094,0.005355517845600843,0.9990617632865906
TEST_33095,0.005309615284204483,0.9904348850250244
TEST_33096,0.003245863365009427,0.9938294291496277
TEST_33097,0.006997867953032255,0.9538171291351318
TEST_33098,0.26881030201911926,0.7313318252563477
TEST_33099,0.0007696346729062498,0.998907208442688
TEST_33100,0.027908626943826675,0.9861933588981628
TEST_33101,0.02631881646811962,0.8600799441337585
TEST_33102,0.004576355218887329,0.9973915815353394
TEST_33103,0.05089632049202919,0.9703366756439209
TEST_33104,0.92083340883255,0.1192837506532669
TEST_33105,0.9585095047950745,0.007676447741687298
TEST_33106,0.07123509049415588,0.9838638305664062
TEST_33107,0.000698561139870435,0.9990943670272827
TEST_33108,0.0034502085763961077,0.996266782283783
TEST_33109,0.014031028375029564,0.9938945174217224
TEST_33110,0.01101288478821516,0.9944211840629578
TEST_33111,0.007110913749784231,0.9843031167984009
TEST_33112,0.048014815896749496,0.9136173725128174
TEST_33113,0.007334798574447632,0.9978877902030945
TEST_33114,0.05129255726933479,0.5175744295120239
TEST_33115,0.047994889318943024,0.988118588924408
TEST_33116,0.07000504434108734,0.9156663417816162
TEST_33117,0.004206799436360598,0.9999463558197021
TEST_33118,0.034378137439489365,0.9730830192565918
TEST_33119,0.0063725681975483894,0.9975549578666687
TEST_33120,0.061223216354846954,0.9541270732879639
TEST_33121,0.004963264800608158,0.9697961807250977
TEST_33122,0.03810594603419304,0.8187451362609863
TEST_33123,0.09350726008415222,0.9298747181892395
TEST_33124,0.0012688139686360955,0.995506763458252
TEST_33125,0.6151509284973145,0.8352575898170471
TEST_33126,0.006058506667613983,0.9992710947990417
TEST_33127,0.3491923213005066,0.7429838180541992
TEST_33128,0.0018598109018057585,0.9969778060913086
TEST_33129,0.017813054844737053,0.9876732230186462
TEST_33130,0.05295621603727341,0.9675281047821045
TEST_33131,0.031410083174705505,0.9037642478942871
TEST_33132,0.0014710271498188376,0.9653820395469666
TEST_33133,0.01737663336098194,0.9851257801055908
TEST_33134,0.26699551939964294,0.36500266194343567
TEST_33135,0.825760006904602,0.9151759743690491
TEST_33136,0.0008199770236387849,0.999518871307373
TEST_33137,0.014061438851058483,0.989057719707489
TEST_33138,0.06504744291305542,0.9337124228477478
TEST_33139,0.11399484425783157,0.7496983408927917
TEST_33140,0.06258033961057663,0.9422536492347717
TEST_33141,0.25061339139938354,0.9954113364219666
TEST_33142,0.0008508563041687012,0.9961293935775757
TEST_33143,0.0006331028416752815,0.9997153878211975
TEST_33144,0.008150340989232063,0.9980364441871643
TEST_33145,0.8660697937011719,0.960960328578949
TEST_33146,0.034667644649744034,0.9090566039085388
TEST_33147,0.003124416572973132,0.9896160364151001
TEST_33148,0.03482147678732872,0.9333630800247192
TEST_33149,0.17248603701591492,0.9884586930274963
TEST_33150,0.005926210433244705,0.9533563256263733
TEST_33151,0.008842426352202892,0.9821373820304871
TEST_33152,0.0011834640754386783,0.9995967745780945
TEST_33153,0.15352106094360352,0.9961905479431152
TEST_33154,0.03223368898034096,0.9513172507286072
TEST_33155,0.03804541379213333,0.9994761347770691
TEST_33156,1.0,8.811043699097354e-06
TEST_33157,0.013212000019848347,0.980880081653595
TEST_33158,0.004976729396730661,0.9685593247413635
TEST_33159,0.008152946829795837,0.957325279712677
TEST_33160,0.00492844870314002,0.9867992997169495
TEST_33161,0.18012988567352295,0.9935243129730225
TEST_33162,0.003346685552969575,0.9994193315505981
TEST_33163,0.001245600637048483,0.995366096496582
TEST_33164,0.0026602926664054394,0.9897425174713135
TEST_33165,0.008938186801970005,0.9695382714271545
TEST_33166,0.20345094799995422,0.941148042678833
TEST_33167,0.9140803813934326,0.8303903341293335
TEST_33168,0.0002600458392407745,0.999148964881897
TEST_33169,0.39772549271583557,0.6772156357765198
TEST_33170,0.11067913472652435,0.04681825637817383
TEST_33171,0.530962347984314,0.405844122171402
TEST_33172,0.0018971647368744016,0.9738999009132385
TEST_33173,0.003927853889763355,0.9986376166343689
TEST_33174,0.7103353142738342,0.9876701831817627
TEST_33175,0.007946428842842579,0.9235647916793823
TEST_33176,0.0014292518608272076,0.9999426603317261
TEST_33177,0.0026264814659953117,0.9774839878082275
TEST_33178,0.026177970692515373,0.8951288461685181
TEST_33179,0.3022233843803406,0.3404156267642975
TEST_33180,0.009304208680987358,0.9909067153930664
TEST_33181,0.004436664283275604,0.998319685459137
TEST_33182,0.007569898385554552,0.9999561309814453
TEST_33183,0.8515180945396423,0.36220961809158325
TEST_33184,0.03677121177315712,0.9935809373855591
TEST_33185,0.1079348474740982,0.9953519105911255
TEST_33186,0.011223632842302322,0.998013973236084
TEST_33187,0.00042419155943207443,0.9999710321426392
TEST_33188,0.00840853527188301,0.9916341304779053
TEST_33189,0.9065797924995422,0.9996464252471924
TEST_33190,0.23344695568084717,0.828784167766571
TEST_33191,0.009730896912515163,0.9833377003669739
TEST_33192,0.03090287186205387,0.8973274230957031
TEST_33193,0.015016109682619572,0.9889777302742004
TEST_33194,0.14103059470653534,0.9088786244392395
TEST_33195,0.018806789070367813,0.9581223130226135
TEST_33196,0.18907804787158966,0.26988571882247925
TEST_33197,0.0027481382712721825,0.9970049262046814
TEST_33198,0.07982024550437927,0.9894825220108032
TEST_33199,0.009771683253347874,0.9911965131759644
TEST_33200,0.17083029448986053,0.8827269673347473
TEST_33201,0.0031709775794297457,0.9449095129966736
TEST_33202,0.9929942488670349,0.0004938367637805641
TEST_33203,0.045854903757572174,0.7950621843338013
TEST_33204,0.018386641517281532,0.9461052417755127
TEST_33205,0.0018014190718531609,0.9976184964179993
TEST_33206,0.0009361173142679036,0.990756094455719
TEST_33207,0.0054632085375487804,0.9087575078010559
TEST_33208,0.999510645866394,0.001209985464811325
TEST_33209,0.007089970633387566,0.9360599517822266
TEST_33210,0.0001321326708421111,0.9997922778129578
TEST_33211,0.05069051682949066,0.8865862488746643
TEST_33212,0.004533225204795599,0.9946118593215942
TEST_33213,0.5531458854675293,0.5412590503692627
TEST_33214,0.2682110071182251,0.8474233150482178
TEST_33215,0.09579955786466599,0.8597144484519958
TEST_33216,0.058857642114162445,0.8745480179786682
TEST_33217,0.04272359237074852,0.9999781847000122
TEST_33218,0.07461392879486084,0.8925471305847168
TEST_33219,0.0036636721342802048,0.993910551071167
TEST_33220,0.001656461856327951,0.9980021119117737
TEST_33221,0.02544914186000824,0.9963654279708862
TEST_33222,0.014212888665497303,0.995267927646637
TEST_33223,0.03446074202656746,0.9954777359962463
TEST_33224,0.001120929722674191,0.9971345663070679
TEST_33225,0.01326922420412302,0.9991577863693237
TEST_33226,0.07684513181447983,0.7743215560913086
TEST_33227,0.0013216452207416296,0.997314989566803
TEST_33228,0.028390610590577126,0.998410701751709
TEST_33229,0.001999436179175973,0.893676221370697
TEST_33230,0.02176562137901783,0.9128690361976624
TEST_33231,0.005030227359384298,0.9924967288970947
TEST_33232,0.005064731929451227,0.9166140556335449
TEST_33233,0.005530523601919413,0.9986968636512756
TEST_33234,0.01522222999483347,0.994604766368866
TEST_33235,0.0808207243680954,0.9941026568412781
TEST_33236,0.00022680731490254402,0.9996799230575562
TEST_33237,0.05151263251900673,0.9300135970115662
TEST_33238,0.0031677912920713425,0.9976961016654968
TEST_33239,0.0022237244993448257,0.9942073822021484
TEST_33240,0.014429009519517422,0.9923661351203918
TEST_33241,0.009578673169016838,0.9977027773857117
TEST_33242,0.001454016426578164,0.9982689619064331
TEST_33243,0.0012982726329937577,0.9970141649246216
TEST_33244,0.088626928627491,0.9873494505882263
TEST_33245,0.07426314800977707,0.9866887927055359
TEST_33246,0.5242675542831421,0.8920761942863464
TEST_33247,0.0020705596543848515,0.9961007833480835
TEST_33248,0.00827448908239603,0.9958782196044922
TEST_33249,0.002611248753964901,0.995991051197052
TEST_33250,0.25119903683662415,0.768436074256897
TEST_33251,0.6636242866516113,0.9658425450325012
TEST_33252,0.002643850864842534,0.9798293113708496
TEST_33253,0.0005579192074947059,0.9998766183853149
TEST_33254,0.1602398157119751,0.98833829164505
TEST_33255,0.01573994569480419,0.9991181492805481
TEST_33256,0.0012510354863479733,0.9974573254585266
TEST_33257,0.018878189846873283,0.9415618181228638
TEST_33258,0.0068779573775827885,0.9932369589805603
TEST_33259,0.04381570219993591,0.9061298966407776
TEST_33260,0.9296749830245972,0.6600583791732788
TEST_33261,0.05341294780373573,0.9901878237724304
TEST_33262,0.006446633487939835,0.9458780288696289
TEST_33263,0.3330186903476715,0.37717917561531067
TEST_33264,0.005688430741429329,0.9956881403923035
TEST_33265,0.08853651583194733,0.7851094007492065
TEST_33266,0.011562186293303967,0.9688590168952942
TEST_33267,0.003947545308619738,0.9978448152542114
TEST_33268,0.3334490656852722,0.9681499600410461
TEST_33269,0.028163699433207512,0.9169208407402039
TEST_33270,0.0648420974612236,0.5919716954231262
TEST_33271,0.02989722415804863,0.8975834846496582
TEST_33272,0.0042031798511743546,0.9652337431907654
TEST_33273,0.0061021726578474045,0.996906578540802
TEST_33274,0.21666398644447327,0.988326370716095
TEST_33275,0.05025165155529976,0.871027946472168
TEST_33276,0.39863115549087524,0.992824912071228
TEST_33277,0.0029740838799625635,0.996232807636261
TEST_33278,0.002763149794191122,0.9906127452850342
TEST_33279,0.031488411128520966,0.9835426807403564
TEST_33280,0.0005283471546135843,0.9944319128990173
TEST_33281,0.04370873421430588,0.9565582275390625
TEST_33282,0.7242177724838257,0.7936741709709167
TEST_33283,0.0023521159309893847,0.999637246131897
TEST_33284,0.011318463832139969,0.9495105743408203
TEST_33285,0.01935385726392269,0.9979123473167419
TEST_33286,0.005796189419925213,0.9968595504760742
TEST_33287,0.02063823863863945,0.9892674088478088
TEST_33288,0.024268554523587227,0.9159141778945923
TEST_33289,0.02305588126182556,0.9301170706748962
TEST_33290,0.028357142582535744,0.9771760702133179
TEST_33291,0.009673555381596088,0.9768531322479248
TEST_33292,0.005578706040978432,0.9851989150047302
TEST_33293,0.009788713417947292,0.985255241394043
TEST_33294,0.4469488561153412,0.9443705081939697
TEST_33295,0.022898592054843903,0.976020336151123
TEST_33296,0.002669017529115081,0.8876137733459473
TEST_33297,0.9627245664596558,0.9855371117591858
TEST_33298,0.2928527295589447,0.46058475971221924
TEST_33299,0.026754602789878845,0.9104495644569397
TEST_33300,0.0008141381549648941,0.9999145269393921
TEST_33301,0.013729969039559364,0.9521527886390686
TEST_33302,0.14069706201553345,0.9612311124801636
TEST_33303,0.9907103180885315,0.1264149397611618
TEST_33304,0.45559415221214294,0.7321578860282898
TEST_33305,0.004809487611055374,0.9978834986686707
TEST_33306,0.02633443847298622,0.9999529123306274
TEST_33307,0.009242573752999306,0.9782968759536743
TEST_33308,0.004875299520790577,0.9923831820487976
TEST_33309,0.03099898062646389,0.9896893501281738
TEST_33310,0.03227854520082474,0.9950029253959656
TEST_33311,0.30949851870536804,0.9890820980072021
TEST_33312,0.4690426290035248,0.9376693964004517
TEST_33313,0.00980498269200325,0.9695156216621399
TEST_33314,0.12406112253665924,0.9643074870109558
TEST_33315,0.0036490648053586483,0.9983940720558167
TEST_33316,0.0026598155964165926,0.98836749792099
TEST_33317,0.007507695350795984,0.9885285496711731
TEST_33318,0.005806637462228537,0.9983327984809875
TEST_33319,0.9999980926513672,0.0004040059575345367
TEST_33320,0.0012596540618687868,0.9876298308372498
TEST_33321,0.034612227231264114,0.9459471106529236
TEST_33322,0.018692798912525177,0.991365909576416
TEST_33323,0.001291980966925621,0.9985766410827637
TEST_33324,0.02518831379711628,0.9026008248329163
TEST_33325,0.07122787088155746,0.8874439001083374
TEST_33326,7.30146566638723e-05,0.9959188103675842
TEST_33327,0.013473883271217346,0.9959779381752014
TEST_33328,0.0045537762343883514,0.9593522548675537
TEST_33329,0.002269398421049118,0.9985902905464172
TEST_33330,0.9975675344467163,0.010370598174631596
TEST_33331,0.0052781556732952595,0.9998321533203125
TEST_33332,0.025777403265237808,0.907706618309021
TEST_33333,0.017513684928417206,0.9986322522163391
TEST_33334,0.01099109835922718,0.9832199215888977
TEST_33335,0.009410802274942398,0.9994235038757324
TEST_33336,0.03587373346090317,0.9046242833137512
TEST_33337,3.767346788663417e-05,0.9997015595436096
TEST_33338,0.003883616765961051,0.9963433146476746
TEST_33339,0.32402393221855164,0.5365450978279114
TEST_33340,0.27941110730171204,0.19432558119297028
TEST_33341,0.030044056475162506,0.9168084859848022
TEST_33342,0.002103173639625311,0.9999384880065918
TEST_33343,0.0011226438218727708,0.9914038181304932
TEST_33344,0.005097856745123863,0.9996057152748108
TEST_33345,0.9412539005279541,0.7127805948257446
TEST_33346,0.009162096306681633,0.9958199262619019
TEST_33347,0.0013852601405233145,0.9964935183525085
TEST_33348,0.007402296178042889,0.9898099899291992
TEST_33349,0.025859929621219635,0.9629201889038086
TEST_33350,0.007487608585506678,0.9641278982162476
TEST_33351,0.05394081026315689,0.9459123611450195
TEST_33352,0.04162625968456268,0.9575889110565186
TEST_33353,0.001665314193814993,0.9931429624557495
TEST_33354,0.025832410901784897,0.9990807771682739
TEST_33355,0.399943083524704,0.9555869698524475
TEST_33356,0.010118277743458748,0.9825237393379211
TEST_33357,0.003907634411007166,0.9930041432380676
TEST_33358,0.033296894282102585,0.9085339307785034
TEST_33359,0.43988144397735596,0.5645970702171326
TEST_33360,0.056926023215055466,0.8714596629142761
TEST_33361,0.0030281057115644217,0.7566428780555725
TEST_33362,0.0019367304630577564,0.9996941089630127
TEST_33363,0.02728128433227539,0.930934727191925
TEST_33364,0.0066863615065813065,0.9693283438682556
TEST_33365,0.3469541668891907,0.8082235455513
TEST_33366,0.3077068328857422,0.9032418727874756
TEST_33367,0.011696740053594112,0.9965280890464783
TEST_33368,0.029952840879559517,0.9980497360229492
TEST_33369,0.010591395199298859,0.9845095276832581
TEST_33370,0.03619128465652466,0.8596764802932739
TEST_33371,0.0027862591668963432,0.9996633529663086
TEST_33372,0.8943880796432495,0.4327216148376465
TEST_33373,0.06783996522426605,0.850473940372467
TEST_33374,0.11750725656747818,0.9927223324775696
TEST_33375,0.017616938799619675,0.8183227181434631
TEST_33376,0.6735635995864868,0.9805321097373962
TEST_33377,0.7403223514556885,0.9878102540969849
TEST_33378,0.0012450922513380647,0.9996724128723145
TEST_33379,0.07186077535152435,0.27815496921539307
TEST_33380,0.027707800269126892,0.9967045187950134
TEST_33381,0.051191296428442,0.9300483465194702
TEST_33382,0.0020493981428444386,0.999803364276886
TEST_33383,0.30100926756858826,0.8058668971061707
TEST_33384,0.013044096529483795,0.9888500571250916
TEST_33385,0.18529754877090454,0.9222978353500366
TEST_33386,0.0003402912407182157,0.9999715089797974
TEST_33387,0.002572608646005392,0.9921129941940308
TEST_33388,0.008338864892721176,0.9873933792114258
TEST_33389,0.000647504348307848,0.9999948740005493
TEST_33390,0.000270382734015584,0.9984472393989563
TEST_33391,0.7593945860862732,0.8725091814994812
TEST_33392,0.012315093539655209,0.9581955075263977
TEST_33393,0.030467385426163673,0.9953219294548035
TEST_33394,0.982948899269104,0.3306884467601776
TEST_33395,0.3096047043800354,0.0037940233014523983
TEST_33396,0.026004452258348465,0.9689865708351135
TEST_33397,0.020010149106383324,0.99845290184021
TEST_33398,0.011975932866334915,0.9421929121017456
TEST_33399,0.025708576664328575,0.9882546663284302
TEST_33400,0.001429106225259602,0.9129688739776611
TEST_33401,0.15009085834026337,0.9014846086502075
TEST_33402,0.4896416962146759,0.9285091757774353
TEST_33403,0.005306470673531294,0.8490182757377625
TEST_33404,0.44652101397514343,0.98661869764328
TEST_33405,0.003589350264519453,0.9728289842605591
TEST_33406,0.6356367468833923,0.9920557141304016
TEST_33407,0.033508166670799255,0.9901599287986755
TEST_33408,0.08698830753564835,0.8913933634757996
TEST_33409,0.008393329568207264,0.996751070022583
TEST_33410,0.010760562494397163,0.9912773370742798
TEST_33411,0.005985216237604618,0.9865060448646545
TEST_33412,0.0060236756689846516,0.9987490177154541
TEST_33413,0.01126304641366005,0.9779605269432068
TEST_33414,0.04764862731099129,0.8899856805801392
TEST_33415,0.00885775126516819,0.9886608123779297
TEST_33416,0.3479536771774292,0.9933571219444275
TEST_33417,0.9904678463935852,0.03580065444111824
TEST_33418,0.12867312133312225,0.8624083399772644
TEST_33419,0.006243211217224598,0.9941571950912476
TEST_33420,0.23191970586776733,0.9744994044303894
TEST_33421,0.00927859265357256,0.989715039730072
TEST_33422,0.005709173623472452,0.943406879901886
TEST_33423,0.20786379277706146,0.8377915024757385
TEST_33424,0.0018238306511193514,0.9974942207336426
TEST_33425,0.008258402347564697,0.9880492091178894
TEST_33426,0.026623094454407692,0.9501482248306274
TEST_33427,0.0033874143846333027,0.9562221765518188
TEST_33428,0.0038168756291270256,0.9999449253082275
TEST_33429,0.03100806288421154,0.8302646279335022
TEST_33430,0.9840351939201355,0.0011667635990306735
TEST_33431,0.49360018968582153,0.7165793776512146
TEST_33432,0.9924497604370117,0.8291705250740051
TEST_33433,0.5665847063064575,0.9784528613090515
TEST_33434,0.999962568283081,1.376835734845372e-05
TEST_33435,0.025456121191382408,0.998878538608551
TEST_33436,0.015747321769595146,0.5096995830535889
TEST_33437,0.02070082351565361,0.967008113861084
TEST_33438,0.035809170454740524,0.9993684887886047
TEST_33439,0.005293604917824268,0.9970778226852417
TEST_33440,0.0016774915857240558,0.9867191910743713
TEST_33441,0.008360501378774643,0.9935145378112793
TEST_33442,0.17555952072143555,0.827735960483551
TEST_33443,0.015655599534511566,0.9834501147270203
TEST_33444,0.20905306935310364,0.9855130314826965
TEST_33445,0.2743467092514038,0.7538893222808838
TEST_33446,0.8504477143287659,0.7782330513000488
TEST_33447,0.01002479437738657,0.9931083917617798
TEST_33448,0.017823845148086548,0.9815009832382202
TEST_33449,0.008396510034799576,0.9992260932922363
TEST_33450,0.010024103336036205,0.9585548639297485
TEST_33451,0.004786861594766378,0.989649772644043
TEST_33452,0.00269699958153069,0.9806102514266968
TEST_33453,0.0007475523161701858,0.9994639754295349
TEST_33454,0.05458168312907219,0.9765348434448242
TEST_33455,0.021032506600022316,0.970476508140564
TEST_33456,0.003984398674219847,0.9989451766014099
TEST_33457,0.0003939592279493809,0.9994841814041138
TEST_33458,0.023274937644600868,0.9876442551612854
TEST_33459,0.003929150756448507,0.9976071119308472
TEST_33460,0.005206665489822626,0.9715345501899719
TEST_33461,0.17518338561058044,0.4912160336971283
TEST_33462,0.00432292465120554,0.999043881893158
TEST_33463,0.00011864929547300562,0.998178243637085
TEST_33464,0.0012152715353295207,0.9946961402893066
TEST_33465,0.0011204376351088285,0.999030351638794
TEST_33466,0.04298339784145355,0.9912248253822327
TEST_33467,0.006251044571399689,0.939448356628418
TEST_33468,0.12905409932136536,0.915785014629364
TEST_33469,0.7549476623535156,0.9989946484565735
TEST_33470,0.17281396687030792,0.8913857936859131
TEST_33471,0.0012859513517469168,0.9515693187713623
TEST_33472,0.04651755094528198,0.6231383085250854
TEST_33473,0.5337525606155396,0.38483935594558716
TEST_33474,0.000638977624475956,0.9667519330978394
TEST_33475,0.04437169432640076,0.9787229299545288
TEST_33476,0.001519333920441568,0.9509060382843018
TEST_33477,0.001040874165482819,0.9993983507156372
TEST_33478,0.0002700166660360992,0.9953383207321167
TEST_33479,0.0013387517537921667,0.9915862083435059
TEST_33480,0.01671980321407318,0.5498668551445007
TEST_33481,0.02069362811744213,0.915425717830658
TEST_33482,0.0022686601150780916,0.9998387098312378
TEST_33483,0.017397653311491013,0.714300274848938
TEST_33484,0.008487530052661896,0.9875805377960205
TEST_33485,0.029217813163995743,0.9983881711959839
TEST_33486,0.008901773951947689,0.8921762704849243
TEST_33487,0.008998910896480083,0.9924185276031494
TEST_33488,0.6761015057563782,0.6107078194618225
TEST_33489,0.03465893119573593,0.9759058952331543
TEST_33490,0.037574514746665955,0.8959914445877075
TEST_33491,0.0017018099315464497,0.9970471262931824
TEST_33492,0.039338499307632446,0.9080488681793213
TEST_33493,0.1018049567937851,0.9890527129173279
TEST_33494,0.45481619238853455,0.9363062977790833
TEST_33495,0.003691656980663538,0.9976755976676941
TEST_33496,0.0006250925944186747,0.9970480799674988
TEST_33497,0.07466769218444824,0.9989058971405029
TEST_33498,0.009381752461194992,0.9876216053962708
TEST_33499,0.029239345341920853,0.9990109205245972
TEST_33500,0.0006095808930695057,0.9985719919204712
TEST_33501,0.0017165632452815771,0.9905821084976196
TEST_33502,0.26151081919670105,0.983020544052124
TEST_33503,0.445335328578949,0.9970808625221252
TEST_33504,0.030687183141708374,0.998004138469696
TEST_33505,0.18749116361141205,0.7481330633163452
TEST_33506,0.009690600447356701,0.998701810836792
TEST_33507,0.003849581116810441,0.9629805088043213
TEST_33508,0.03312428668141365,0.9051334857940674
TEST_33509,0.03062860667705536,0.9378958344459534
TEST_33510,0.027193082496523857,0.9966821074485779
TEST_33511,0.02403729222714901,0.9843811988830566
TEST_33512,0.0006739682867191732,0.9981483221054077
TEST_33513,0.024828961119055748,0.9467598795890808
TEST_33514,0.24048876762390137,0.9657323360443115
TEST_33515,0.007859461009502411,0.9807888865470886
TEST_33516,0.008247941732406616,0.9994503855705261
TEST_33517,0.6919918656349182,0.12518958747386932
TEST_33518,0.13107523322105408,0.9065083265304565
TEST_33519,0.006892617326229811,0.5421810150146484
TEST_33520,0.011056371964514256,0.9654248952865601
TEST_33521,0.001597257680259645,0.9987795948982239
TEST_33522,0.0018082244787365198,0.997771143913269
TEST_33523,0.98758465051651,0.8559379577636719
TEST_33524,0.08953258395195007,0.5512152910232544
TEST_33525,0.043401218950748444,0.9992269277572632
TEST_33526,0.6520103216171265,0.8823997974395752
TEST_33527,0.0351690910756588,0.8843414187431335
TEST_33528,0.0026233752723783255,0.9983758926391602
TEST_33529,0.014869696460664272,0.9978421926498413
TEST_33530,0.844764769077301,0.010315853171050549
TEST_33531,0.08994920551776886,0.9735813736915588
TEST_33532,0.006085264030843973,0.9910761117935181
TEST_33533,0.07795264571905136,0.9965433478355408
TEST_33534,0.03297872468829155,0.9391821622848511
TEST_33535,0.009369263425469398,0.6721356511116028
TEST_33536,0.6255103349685669,0.936653196811676
TEST_33537,0.028479738160967827,0.9772671461105347
TEST_33538,0.03679407760500908,0.9965289235115051
TEST_33539,0.004328202456235886,0.8328240513801575
TEST_33540,0.01178869791328907,0.9950017333030701
TEST_33541,0.0051871309988200665,0.9961530566215515
TEST_33542,0.0022151751909404993,0.9976820945739746
TEST_33543,0.04492929205298424,0.8442294001579285
TEST_33544,0.0052838618867099285,0.9828752279281616
TEST_33545,0.08355049788951874,0.9800620675086975
TEST_33546,0.04185956344008446,0.9248723387718201
TEST_33547,0.12202125787734985,0.9417528510093689
TEST_33548,0.04197914898395538,0.871310830116272
TEST_33549,0.00035117199877277017,0.9974508881568909
TEST_33550,0.005061866249889135,0.9971882700920105
TEST_33551,0.04613896459341049,0.8699327707290649
TEST_33552,0.007008884567767382,0.998859167098999
TEST_33553,0.03214593976736069,0.9135856032371521
TEST_33554,0.021430835127830505,0.9950183629989624
TEST_33555,0.0926363468170166,0.7203211784362793
TEST_33556,0.008459378033876419,0.9902710914611816
TEST_33557,0.03270893916487694,0.9957150816917419
TEST_33558,0.1030212938785553,0.9173676371574402
TEST_33559,0.653226912021637,0.8699062466621399
TEST_33560,0.012461031787097454,0.9992510676383972
TEST_33561,0.14828620851039886,0.5029599666595459
TEST_33562,0.001970728626474738,0.9902822971343994
TEST_33563,0.02751127816736698,0.9971502423286438
TEST_33564,0.027625229209661484,0.931925356388092
TEST_33565,0.8128730058670044,0.007774850353598595
TEST_33566,0.003936064895242453,0.9863939881324768
TEST_33567,0.005966213531792164,0.9908243417739868
TEST_33568,0.00438606645911932,0.9016513228416443
TEST_33569,5.382860035751946e-05,0.9999603033065796
TEST_33570,0.02756129577755928,0.9644261002540588
TEST_33571,0.0033661946654319763,0.9992890357971191
TEST_33572,0.839601993560791,0.2531569004058838
TEST_33573,0.13572359085083008,0.9959010481834412
TEST_33574,0.027216048911213875,0.9977840781211853
TEST_33575,0.029362859204411507,0.9993855953216553
TEST_33576,0.17612889409065247,0.9881913065910339
TEST_33577,0.05380799621343613,0.9345051646232605
TEST_33578,0.00033120851730927825,0.9991017580032349
TEST_33579,0.25629913806915283,0.7257906198501587
TEST_33580,0.016364334151148796,0.9495052099227905
TEST_33581,0.008372566662728786,0.8287280201911926
TEST_33582,0.33676156401634216,0.876227080821991
TEST_33583,0.010073553770780563,0.9494085311889648
TEST_33584,0.00014373274461831897,0.9969654679298401
TEST_33585,0.007925855927169323,0.999995231628418
TEST_33586,0.00330525916069746,0.9924036264419556
TEST_33587,0.028113851323723793,0.9809828400611877
TEST_33588,0.006116256583482027,0.9778353571891785
TEST_33589,0.003411199664697051,0.9999104738235474
TEST_33590,0.0028653338085860014,0.9898892045021057
TEST_33591,0.07725628465414047,0.8819754719734192
TEST_33592,0.6554878354072571,0.7797879576683044
TEST_33593,0.003994903061538935,0.9307825565338135
TEST_33594,0.00451568141579628,0.99394291639328
TEST_33595,0.019299285486340523,0.9059500098228455
TEST_33596,0.4576428532600403,0.8837858438491821
TEST_33597,0.054262492805719376,0.9970808625221252
TEST_33598,0.012195068411529064,0.9978815913200378
TEST_33599,0.4054926037788391,0.9714668989181519
TEST_33600,0.06998404860496521,0.9832768440246582
TEST_33601,0.028993306681513786,0.9105819463729858
TEST_33602,0.0013892925344407558,0.998206615447998
TEST_33603,0.050039153546094894,0.8750248551368713
TEST_33604,0.0016990045551210642,0.9999996423721313
TEST_33605,0.0010241298004984856,0.9969815611839294
TEST_33606,0.0010465087834745646,0.9954223036766052
TEST_33607,0.03377620503306389,0.8504928350448608
TEST_33608,0.01293271966278553,0.8623079061508179
TEST_33609,0.00018253448070026934,0.9995285272598267
TEST_33610,1.4752176866750233e-06,0.9999885559082031
TEST_33611,0.06096629425883293,0.9987642765045166
TEST_33612,0.20097045600414276,0.9201616644859314
TEST_33613,0.06390677392482758,0.9946696162223816
TEST_33614,0.07884953916072845,0.9872482419013977
TEST_33615,0.00040673918556421995,0.9991507530212402
TEST_33616,0.020218055695295334,0.9578534960746765
TEST_33617,0.012818300165235996,0.9868393540382385
TEST_33618,0.11140485107898712,0.980127215385437
TEST_33619,0.0537637434899807,0.8492976427078247
TEST_33620,0.05616358295083046,0.932966947555542
TEST_33621,0.19569191336631775,0.6965675950050354
TEST_33622,0.007233100011944771,0.9897928237915039
TEST_33623,0.0011240275343880057,0.9979307651519775
TEST_33624,0.006971865892410278,0.9274585247039795
TEST_33625,0.003211461240425706,0.9909255504608154
TEST_33626,0.0013032183051109314,0.9903804063796997
TEST_33627,0.003301973221823573,0.9941419959068298
TEST_33628,0.11163310706615448,0.08339204639196396
TEST_33629,0.0683237835764885,0.8898566961288452
TEST_33630,0.0031301334965974092,0.9768209457397461
TEST_33631,0.0003296982031315565,0.9988974332809448
TEST_33632,0.17873908579349518,0.9889228343963623
TEST_33633,0.022285863757133484,0.9990369081497192
TEST_33634,0.0008170790388248861,0.9997188448905945
TEST_33635,0.03176113963127136,0.9065913558006287
TEST_33636,0.03152517229318619,0.9976601600646973
TEST_33637,0.024130383506417274,0.9996263980865479
TEST_33638,0.018711045384407043,0.9500933885574341
TEST_33639,0.006241853814572096,0.9664403796195984
TEST_33640,0.8744016289710999,0.9301508069038391
TEST_33641,0.8705883622169495,0.19966928660869598
TEST_33642,0.9880055785179138,0.31881093978881836
TEST_33643,0.08257985860109329,0.9302964806556702
TEST_33644,0.004201050847768784,0.9979506134986877
TEST_33645,0.010545846074819565,0.9305407404899597
TEST_33646,0.013567962683737278,0.9985910058021545
TEST_33647,0.1592879742383957,0.9446889162063599
TEST_33648,0.0003006123297382146,0.9955678582191467
TEST_33649,0.0009724058327265084,0.9973950386047363
TEST_33650,0.006199711002409458,0.9981023669242859
TEST_33651,0.0006913527031429112,0.9958783388137817
TEST_33652,0.0013082199729979038,0.9953822493553162
TEST_33653,0.0025053988210856915,0.9988073110580444
TEST_33654,0.004338155500590801,0.8056378960609436
TEST_33655,0.09807364642620087,0.8947680592536926
TEST_33656,0.12608255445957184,0.8289864659309387
TEST_33657,0.00026926471036858857,0.9924578666687012
TEST_33658,0.00415256479755044,0.9849322438240051
TEST_33659,0.06798139214515686,0.976515531539917
TEST_33660,0.06398602575063705,0.9876722693443298
TEST_33661,0.08971259742975235,0.8749849796295166
TEST_33662,0.0013376123970374465,0.9976154565811157
TEST_33663,0.1659330576658249,0.9460810422897339
TEST_33664,0.05133477970957756,0.8976765871047974
TEST_33665,0.23368580639362335,0.9859021902084351
TEST_33666,0.0064123040065169334,0.9920365810394287
TEST_33667,0.26579490303993225,0.9488869905471802
TEST_33668,0.024769222363829613,0.9994431138038635
TEST_33669,0.0005120333516970277,0.9863874912261963
TEST_33670,0.025234989821910858,0.9692100286483765
TEST_33671,0.034393906593322754,0.9511374235153198
TEST_33672,0.08800447732210159,0.6336132287979126
TEST_33673,0.4478059709072113,0.8983846306800842
TEST_33674,0.03400783613324165,0.9204779267311096
TEST_33675,0.007774879690259695,0.9754355549812317
TEST_33676,0.00025576463667675853,0.9999071359634399
TEST_33677,0.011858471669256687,0.7438557744026184
TEST_33678,0.024723386391997337,0.9620882272720337
TEST_33679,0.011832423508167267,0.9964762330055237
TEST_33680,0.040161922574043274,0.8960396647453308
TEST_33681,0.0017513333586975932,0.9994476437568665
TEST_33682,0.8962169885635376,0.9333443641662598
TEST_33683,0.006707334890961647,0.9228360056877136
TEST_33684,0.0008429173612967134,0.9996316432952881
TEST_33685,0.9721848964691162,0.27970626950263977
TEST_33686,0.07052943855524063,0.5625490546226501
TEST_33687,0.041118036955595016,0.8535125255584717
TEST_33688,0.9633263349533081,0.05757648125290871
TEST_33689,0.002474040724337101,0.9875515103340149
TEST_33690,0.007306342478841543,0.9962109327316284
TEST_33691,0.05549948662519455,0.4914865493774414
TEST_33692,0.005135867279022932,0.9927510023117065
TEST_33693,0.010390343144536018,0.9989247918128967
TEST_33694,0.04402942582964897,0.9943194389343262
TEST_33695,0.033089529722929,0.9847474098205566
TEST_33696,0.0029202227015048265,0.9909874796867371
TEST_33697,0.00801706314086914,0.9988545179367065
TEST_33698,0.004917203914374113,0.9999908208847046
TEST_33699,0.013065711595118046,0.9921602606773376
TEST_33700,0.007847407832741737,0.9866985082626343
TEST_33701,0.013950088061392307,0.9933280944824219
TEST_33702,0.10267345607280731,0.9046398997306824
TEST_33703,0.43377435207366943,0.9961816072463989
TEST_33704,0.010884386487305164,0.9844859838485718
TEST_33705,0.3438977897167206,0.901392936706543
TEST_33706,0.9783620238304138,0.03039557859301567
TEST_33707,0.06734441220760345,0.9212145209312439
TEST_33708,0.011452536098659039,0.9988895058631897
TEST_33709,0.003934158943593502,0.9993268251419067
TEST_33710,0.0009985669748857617,0.9981557726860046
TEST_33711,0.002740842755883932,0.9709243774414062
TEST_33712,0.053326211869716644,0.9801812767982483
TEST_33713,0.01850217580795288,0.7836000919342041
TEST_33714,0.011611402034759521,0.9968225955963135
TEST_33715,0.0070161293260753155,0.9872419834136963
TEST_33716,0.004254823084920645,0.997660756111145
TEST_33717,0.000680296216160059,0.9750612378120422
TEST_33718,0.04891497641801834,0.6657136082649231
TEST_33719,0.0025613289326429367,0.958463728427887
TEST_33720,0.003508914727717638,0.9946053624153137
TEST_33721,0.042099375277757645,0.9884803295135498
TEST_33722,0.004934837110340595,0.99644535779953
TEST_33723,0.012980969622731209,0.9634930491447449
TEST_33724,0.007581441663205624,0.9931228756904602
TEST_33725,0.320496529340744,0.79726243019104
TEST_33726,0.042012400925159454,0.9994959831237793
TEST_33727,0.004876278340816498,0.8176280856132507
TEST_33728,0.08613402396440506,0.8182215094566345
TEST_33729,0.1741565465927124,0.7453441023826599
TEST_33730,0.01062993984669447,0.9818792939186096
TEST_33731,0.9215916395187378,0.9568249583244324
TEST_33732,0.015222324058413506,0.9989225268363953
TEST_33733,0.060186393558979034,0.9408014416694641
TEST_33734,0.008289148099720478,0.9267663359642029
TEST_33735,0.013635006733238697,0.9257428646087646
TEST_33736,0.0038123258855193853,0.9886655807495117
TEST_33737,0.002976479707285762,0.9672644734382629
TEST_33738,0.002603387227281928,0.9851788878440857
TEST_33739,0.00280202878639102,0.9843977093696594
TEST_33740,0.07268586754798889,0.7404953241348267
TEST_33741,0.01641099713742733,0.9864004850387573
TEST_33742,9.126647637458518e-05,0.9983881711959839
TEST_33743,0.005849847104400396,0.9995336532592773
TEST_33744,0.827488362789154,0.49006783962249756
TEST_33745,0.035257671028375626,0.9324332475662231
TEST_33746,0.009114023298025131,0.9980455636978149
TEST_33747,0.6980888247489929,0.7868384122848511
TEST_33748,0.00934376660734415,0.9972801208496094
TEST_33749,0.08156435936689377,0.9742659330368042
TEST_33750,0.011700699105858803,0.9972168207168579
TEST_33751,0.028013167902827263,0.9973161816596985
TEST_33752,0.0019307624315842986,0.9962303042411804
TEST_33753,0.005040830001235008,0.9991745352745056
TEST_33754,0.01638716086745262,0.9503828287124634
TEST_33755,0.006103984080255032,0.999207079410553
TEST_33756,0.5686739087104797,0.6786185503005981
TEST_33757,0.015568907372653484,0.9757240414619446
TEST_33758,0.01208618376404047,0.9567074775695801
TEST_33759,0.004154471680521965,0.9919094443321228
TEST_33760,0.026789402589201927,0.9643163084983826
TEST_33761,0.018254829570651054,0.8970053195953369
TEST_33762,0.04804076999425888,0.9881027340888977
TEST_33763,0.008884566836059093,0.9929448962211609
TEST_33764,0.014817442744970322,0.8986324667930603
TEST_33765,0.005624544341117144,0.9959235191345215
TEST_33766,0.0013866567751392722,0.9990240335464478
TEST_33767,0.9999991655349731,0.00037294882349669933
TEST_33768,0.0006692152237519622,0.9983574748039246
TEST_33769,0.000771314196754247,0.9988335967063904
TEST_33770,0.028415825217962265,0.8835075497627258
TEST_33771,0.0833229124546051,0.9869000315666199
TEST_33772,0.03608379513025284,0.9246775507926941
TEST_33773,0.11453953385353088,0.991524338722229
TEST_33774,0.011133766733109951,0.9864898920059204
TEST_33775,0.03978239744901657,0.9343209266662598
TEST_33776,0.02969082072377205,0.8939389586448669
TEST_33777,0.0036577098071575165,0.9853331446647644
TEST_33778,0.9058815240859985,0.9573050737380981
TEST_33779,0.04069531336426735,0.9925041198730469
TEST_33780,0.02785414829850197,0.9320834875106812
TEST_33781,0.012987764552235603,0.997305154800415
TEST_33782,0.034932587295770645,0.9835121035575867
TEST_33783,0.0006222213269211352,0.9999806880950928
TEST_33784,0.8399280905723572,0.08558870106935501
TEST_33785,0.0009585926891304553,0.9865580201148987
TEST_33786,0.0006931019015610218,0.9988123178482056
TEST_33787,0.0015216149622574449,0.9956135749816895
TEST_33788,0.0019653039053082466,0.9776365160942078
TEST_33789,0.030197203159332275,0.5946214199066162
TEST_33790,0.6036965847015381,0.43674251437187195
TEST_33791,0.004039738792926073,0.9997958540916443
TEST_33792,0.011257805861532688,0.9527924656867981
TEST_33793,0.0017105385195463896,0.9990624785423279
TEST_33794,0.7550276517868042,0.543447732925415
TEST_33795,0.07519949227571487,0.977916419506073
TEST_33796,0.03833630681037903,0.32485100626945496
TEST_33797,0.03501454368233681,0.9905855059623718
TEST_33798,0.05225297808647156,0.9668466448783875
TEST_33799,0.19585926830768585,0.930234968662262
TEST_33800,0.07076486945152283,0.8866926431655884
TEST_33801,0.523991048336029,0.6152151823043823
TEST_33802,0.18174445629119873,0.7487026453018188
TEST_33803,0.006118754856288433,0.9981251358985901
TEST_33804,0.024146052077412605,0.9970243573188782
TEST_33805,0.004663269966840744,1.0
TEST_33806,0.008382366970181465,0.997219443321228
TEST_33807,0.15037405490875244,0.9488159418106079
TEST_33808,0.009378633461892605,0.9500997066497803
TEST_33809,0.019709128886461258,0.9677373766899109
TEST_33810,0.006756624206900597,0.9995538592338562
TEST_33811,0.009023911319673061,0.9953685998916626
TEST_33812,0.005447525065392256,0.9272755980491638
TEST_33813,0.020346801728010178,0.9912579655647278
TEST_33814,0.0026747288648039103,0.9935476183891296
TEST_33815,0.011691956780850887,0.971382737159729
TEST_33816,0.020847735926508904,0.9397343397140503
TEST_33817,0.001796859665773809,0.9975634813308716
TEST_33818,0.0236407071352005,0.983221173286438
TEST_33819,0.05929451063275337,0.932621955871582
TEST_33820,0.031826604157686234,0.8583574295043945
TEST_33821,0.08511261641979218,0.8684868216514587
TEST_33822,0.0009483948815613985,0.9888055324554443
TEST_33823,0.008658363483846188,0.9999414682388306
TEST_33824,0.032073382288217545,0.9895392060279846
TEST_33825,0.022241666913032532,0.9946519136428833
TEST_33826,0.00024365367426071316,0.9995032548904419
TEST_33827,0.002619326114654541,0.993802547454834
TEST_33828,0.004895481280982494,0.9951466917991638
TEST_33829,0.42200833559036255,0.9973247051239014
TEST_33830,0.08512558788061142,0.9074575304985046
TEST_33831,0.001995599362999201,0.9999094009399414
TEST_33832,0.0012669787975028157,0.996866762638092
TEST_33833,0.0074217976070940495,0.9747396111488342
TEST_33834,0.548879861831665,0.9177592992782593
TEST_33835,0.13422687351703644,0.8651213645935059
TEST_33836,0.02300354652106762,0.959767758846283
TEST_33837,0.005257115233689547,0.998513400554657
TEST_33838,0.013818394392728806,0.9703559875488281
TEST_33839,0.0011406047269701958,0.9977948665618896
TEST_33840,0.0052832975052297115,0.9793643355369568
TEST_33841,0.41117164492607117,0.9660329818725586
TEST_33842,0.022117340937256813,0.9985902905464172
TEST_33843,0.0047938041388988495,0.9266608953475952
TEST_33844,0.015587655827403069,0.9754326939582825
TEST_33845,0.2975217401981354,0.7649636268615723
TEST_33846,0.0013194524217396975,0.9793058037757874
TEST_33847,0.04181649163365364,0.9071388840675354
TEST_33848,0.0413987934589386,0.8910157084465027
TEST_33849,0.005201718304306269,0.9960248470306396
TEST_33850,0.04510172829031944,0.9979962706565857
TEST_33851,0.04351188242435455,0.8091583847999573
TEST_33852,0.0009769682073965669,0.9993329644203186
TEST_33853,0.9966657757759094,0.06494253128767014
TEST_33854,0.049195051193237305,0.9953621029853821
TEST_33855,0.0020636909175664186,0.9995183944702148
TEST_33856,0.006585708819329739,0.6084349155426025
TEST_33857,0.005215311422944069,0.999618649482727
TEST_33858,0.9454443454742432,0.009677251800894737
TEST_33859,0.062114764004945755,0.9895060658454895
TEST_33860,0.9996932744979858,0.7607120871543884
TEST_33861,0.015405315905809402,0.936320424079895
TEST_33862,0.016380559653043747,0.9381589293479919
TEST_33863,0.0027217241004109383,0.9991798996925354
TEST_33864,0.004011544864624739,0.9403348565101624
TEST_33865,0.04931562393903732,0.9779335260391235
TEST_33866,0.0013980850344523787,0.9996907711029053
TEST_33867,0.004535164684057236,0.9830974340438843
TEST_33868,0.1942594200372696,0.8899646997451782
TEST_33869,0.02250068448483944,0.9897171258926392
TEST_33870,0.007914514280855656,0.9764466285705566
TEST_33871,0.003853761125355959,0.9973421692848206
TEST_33872,0.02247081883251667,0.9822137355804443
TEST_33873,0.0022334707900881767,0.996673583984375
TEST_33874,0.024989932775497437,0.9981532692909241
TEST_33875,0.0027848088648170233,0.958225429058075
TEST_33876,0.0921068787574768,0.9295939207077026
TEST_33877,0.0018667102558538318,0.9972467422485352
TEST_33878,0.9785251021385193,0.934415340423584
TEST_33879,0.06351839005947113,0.7132197618484497
TEST_33880,0.13109534978866577,0.7156374454498291
TEST_33881,0.03198239579796791,0.9609466791152954
TEST_33882,0.14546208083629608,0.9957717061042786
TEST_33883,0.0034991095308214426,0.983871579170227
TEST_33884,0.06758823990821838,0.8509357571601868
TEST_33885,0.6207185983657837,0.40603262186050415
TEST_33886,0.12080638855695724,0.7128267288208008
TEST_33887,0.033417508006095886,0.9700450301170349
TEST_33888,0.0909503623843193,0.45700305700302124
TEST_33889,0.024872902780771255,0.8381689786911011
TEST_33890,0.008171147666871548,0.9979519248008728
TEST_33891,0.02869042381644249,0.9026642441749573
TEST_33892,0.30571797490119934,0.9952301979064941
TEST_33893,0.001565449172630906,0.9962620139122009
TEST_33894,2.7761516321334057e-06,0.999934196472168
TEST_33895,0.013099726289510727,0.9988735318183899
TEST_33896,0.030250228941440582,0.9259931445121765
TEST_33897,0.041538894176483154,0.9054837822914124
TEST_33898,0.01605628989636898,0.8637712597846985
TEST_33899,0.018742794170975685,0.9930726885795593
TEST_33900,0.017188988626003265,0.9866876006126404
TEST_33901,0.012775979936122894,0.9949843883514404
TEST_33902,0.0020611207000911236,0.9611708521842957
TEST_33903,0.017339318990707397,0.9719623923301697
TEST_33904,0.006349965929985046,0.9977920055389404
TEST_33905,0.011583901010453701,0.99018794298172
TEST_33906,0.0005420173401944339,0.9988346695899963
TEST_33907,0.010718590579926968,0.9802398085594177
TEST_33908,0.0028982022777199745,0.9762915968894958
TEST_33909,0.006109175737947226,0.9985314607620239
TEST_33910,0.30930864810943604,0.9685059785842896
TEST_33911,0.9667121767997742,0.8727282285690308
TEST_33912,0.7523511052131653,0.49024903774261475
TEST_33913,0.7092927098274231,0.02898183837532997
TEST_33914,0.013585791923105717,0.9540292024612427
TEST_33915,0.0010798528091982007,0.9987030029296875
TEST_33916,0.028541699051856995,0.9589189887046814
TEST_33917,0.03350494056940079,0.8888033628463745
TEST_33918,0.008010337129235268,0.980370283126831
TEST_33919,0.024797514081001282,0.9446258544921875
TEST_33920,0.06034364178776741,0.9875935912132263
TEST_33921,0.030350327491760254,0.9724285006523132
TEST_33922,0.06367870420217514,0.9962053894996643
TEST_33923,0.11266084015369415,0.9191995859146118
TEST_33924,0.3314518630504608,0.9835663437843323
TEST_33925,0.021350327879190445,0.972682774066925
TEST_33926,0.01587911881506443,0.9482465386390686
TEST_33927,0.3143606185913086,0.010114792734384537
TEST_33928,0.004237697925418615,0.9956295490264893
TEST_33929,0.0026465002447366714,0.9938190579414368
TEST_33930,0.0014239128213375807,0.9958400726318359
TEST_33931,0.011414464563131332,0.9891230463981628
TEST_33932,0.005642026197165251,0.9336697459220886
TEST_33933,0.0005044811405241489,0.9987097978591919
TEST_33934,0.008536776527762413,0.9994547963142395
TEST_33935,0.007505329791456461,0.8193011283874512
TEST_33936,0.09779122471809387,0.85211580991745
TEST_33937,0.47923263907432556,0.9575610160827637
TEST_33938,0.010239217430353165,0.9613290429115295
TEST_33939,0.02499454654753208,0.9430347084999084
TEST_33940,0.07520725578069687,0.9863762259483337
TEST_33941,0.08030333369970322,0.9761512875556946
TEST_33942,0.011208176612854004,0.9531468152999878
TEST_33943,0.3684810996055603,0.9722923636436462
TEST_33944,0.5677183270454407,0.7557021975517273
TEST_33945,0.0009040086879394948,0.9967198967933655
TEST_33946,0.08765756338834763,0.9860775470733643
TEST_33947,0.01044508721679449,0.9755765199661255
TEST_33948,0.10636762529611588,0.8928952217102051
TEST_33949,0.0382370688021183,0.9869487285614014
TEST_33950,0.012103207409381866,0.9945093989372253
TEST_33951,0.005631792359054089,0.9824122786521912
TEST_33952,0.0013707091566175222,0.9977942705154419
TEST_33953,0.01824113540351391,0.9705167412757874
TEST_33954,0.014909633435308933,0.994175136089325
TEST_33955,0.008403189480304718,0.9750496745109558
TEST_33956,0.0011380884097889066,0.9935270547866821
TEST_33957,0.10241509228944778,0.9249863624572754
TEST_33958,0.01723848655819893,0.9974732995033264
TEST_33959,0.0027943074237555265,0.9918543100357056
TEST_33960,0.004771568346768618,0.9975645542144775
TEST_33961,0.023786427453160286,0.9992127418518066
TEST_33962,0.0328550785779953,0.8918421864509583
TEST_33963,0.012950939126312733,0.9984239339828491
TEST_33964,0.002420322969555855,0.9995840191841125
TEST_33965,0.0803212821483612,0.9302888512611389
TEST_33966,0.01526007428765297,0.9955541491508484
TEST_33967,0.1547887623310089,0.983996570110321
TEST_33968,0.0041413516737520695,0.990007758140564
TEST_33969,0.00043676819768734276,0.9997005462646484
TEST_33970,0.0328504703938961,0.9548261761665344
TEST_33971,0.025089899078011513,0.49234676361083984
TEST_33972,0.24224625527858734,0.905440092086792
TEST_33973,0.0004634424112737179,0.9992187023162842
TEST_33974,0.010465076193213463,0.9940046668052673
TEST_33975,0.0015615514712408185,0.9999527931213379
TEST_33976,0.011404353193938732,0.9990720748901367
TEST_33977,0.037090789526700974,0.9710490107536316
TEST_33978,0.01805722899734974,0.9470282793045044
TEST_33979,0.007557816803455353,0.9727330803871155
TEST_33980,0.039073359221220016,0.8742595911026001
TEST_33981,0.037173885852098465,0.9889812469482422
TEST_33982,0.007659601978957653,0.9936789870262146
TEST_33983,0.001556467148475349,0.994937539100647
TEST_33984,0.10379403084516525,0.39849331974983215
TEST_33985,0.015843858942389488,0.9711660742759705
TEST_33986,0.005680035334080458,0.992699921131134
TEST_33987,0.005805101711302996,0.9084205627441406
TEST_33988,0.022126244381070137,0.933526337146759
TEST_33989,0.0028435883577913046,0.9858589768409729
TEST_33990,1.477758905821247e-05,0.9998430013656616
TEST_33991,0.05771279335021973,0.9727266430854797
TEST_33992,0.004468140192329884,0.9965813755989075
TEST_33993,0.009758638218045235,0.9839727878570557
TEST_33994,0.006081529892981052,0.9972172975540161
TEST_33995,0.00012852739018853754,0.9984082579612732
TEST_33996,0.0016245925799012184,0.9999414682388306
TEST_33997,0.013785715214908123,0.9920070171356201
TEST_33998,0.022339925169944763,0.9852489829063416
TEST_33999,0.9996209144592285,3.835358256765176e-06
TEST_34000,0.5822878479957581,0.9903033375740051
TEST_34001,0.021005837246775627,0.9828324913978577
TEST_34002,0.2830619812011719,0.8318361639976501
TEST_34003,0.0018828355241566896,0.9929331541061401
TEST_34004,0.00039981657755561173,0.9997631907463074
TEST_34005,0.018502600491046906,0.9601609110832214
TEST_34006,0.012540379539132118,0.9570170044898987
TEST_34007,0.007732910569757223,0.83232182264328
TEST_34008,0.08380071818828583,0.9640974402427673
TEST_34009,0.04506076127290726,0.8999454975128174
TEST_34010,0.01053438801318407,0.9497156739234924
TEST_34011,0.002391339745372534,0.9999897480010986
TEST_34012,0.021222883835434914,0.9991593360900879
TEST_34013,0.07221277058124542,0.8873574733734131
TEST_34014,0.012172515504062176,0.3410499393939972
TEST_34015,0.011245716363191605,0.9984917640686035
TEST_34016,0.02049938030540943,0.9935804605484009
TEST_34017,0.00108024210203439,0.9985193610191345
TEST_34018,0.0028746952302753925,0.9994786381721497
TEST_34019,0.0033236832823604345,0.9997581839561462
TEST_34020,0.09367489069700241,0.9792518019676208
TEST_34021,0.05379779636859894,0.9253984093666077
TEST_34022,0.031059252098202705,0.9996683597564697
TEST_34023,0.002325135050341487,0.9937170743942261
TEST_34024,0.037177231162786484,0.998543381690979
TEST_34025,0.007388700265437365,0.9918537735939026
TEST_34026,0.01283942349255085,0.9959314465522766
TEST_34027,0.00031655639759264886,0.9989701509475708
TEST_34028,0.01731734722852707,0.9985717535018921
TEST_34029,0.012585761025547981,0.9875385761260986
TEST_34030,0.11661292612552643,0.8955036401748657
TEST_34031,0.009865444153547287,0.9893703460693359
TEST_34032,0.01109008863568306,0.996168315410614
TEST_34033,0.0021303966641426086,0.9997487664222717
TEST_34034,0.032825421541929245,0.9010242819786072
TEST_34035,0.030618587508797646,0.9903557300567627
TEST_34036,0.0006074891425669193,0.9930014610290527
TEST_34037,0.9513421654701233,0.3366695046424866
TEST_34038,0.15379753708839417,0.6810851097106934
TEST_34039,0.0012452465016394854,0.9989743232727051
TEST_34040,0.005740162916481495,0.9738211035728455
TEST_34041,0.0028411082457751036,0.9993958473205566
TEST_34042,0.8726457953453064,0.8237273097038269
TEST_34043,0.9258346557617188,0.02446218766272068
TEST_34044,0.26844972372055054,0.908502995967865
TEST_34045,0.0016241889679804444,0.9516438245773315
TEST_34046,0.9393950700759888,0.0004437551833689213
TEST_34047,0.010196289978921413,0.35911834239959717
TEST_34048,0.008940840139985085,0.9978464841842651
TEST_34049,0.0001556461356813088,0.999278724193573
TEST_34050,0.0359325185418129,0.9993687272071838
TEST_34051,0.5147432684898376,0.8248217701911926
TEST_34052,0.011864441446959972,0.7518466114997864
TEST_34053,0.018692750483751297,0.9908695220947266
TEST_34054,0.0035222095903009176,0.9976451992988586
TEST_34055,0.036123279482126236,0.9789162278175354
TEST_34056,0.01484049391001463,0.8955315351486206
TEST_34057,0.004551589488983154,0.9994722008705139
TEST_34058,0.05371895059943199,0.8389892578125
TEST_34059,0.0006341838161461055,0.9991057515144348
TEST_34060,0.001726466347463429,0.9906021356582642
TEST_34061,0.005183254834264517,0.9949536919593811
TEST_34062,0.02363983355462551,0.9828428626060486
TEST_34063,0.0027263278607279062,0.9965923428535461
TEST_34064,0.015487223863601685,0.963236927986145
TEST_34065,0.5792806148529053,0.9084291458129883
TEST_34066,0.07392065227031708,0.6794113516807556
TEST_34067,0.24245604872703552,0.9284747838973999
TEST_34068,6.050950105418451e-07,0.999629020690918
TEST_34069,0.011852975003421307,0.9864925742149353
TEST_34070,0.0005571655929088593,0.9982762336730957
TEST_34071,0.3435293734073639,0.9913498163223267
TEST_34072,0.01012591365724802,0.9988419413566589
TEST_34073,0.702603280544281,0.49373167753219604
TEST_34074,0.04396744817495346,0.9711445569992065
TEST_34075,0.004810396581888199,0.9953781366348267
TEST_34076,0.9963415265083313,0.4669666290283203
TEST_34077,0.039082348346710205,0.995294988155365
TEST_34078,0.426845908164978,0.3999202251434326
TEST_34079,0.47302156686782837,0.972805380821228
TEST_34080,0.016336647793650627,0.8600676655769348
TEST_34081,0.0047668516635894775,0.9470314979553223
TEST_34082,0.003042426658794284,0.9268196821212769
TEST_34083,0.0024332439061254263,0.9291428327560425
TEST_34084,0.0027326762210577726,0.999077558517456
TEST_34085,0.04341506585478783,0.9625482559204102
TEST_34086,0.0036068574991077185,0.9881027340888977
TEST_34087,0.5512959957122803,0.994425892829895
TEST_34088,0.00028155528707429767,0.9930319786071777
TEST_34089,0.0010427201632410288,0.9988278746604919
TEST_34090,0.7009416818618774,0.4835871458053589
TEST_34091,0.9582021832466125,0.05387382581830025
TEST_34092,0.007946530357003212,0.9881261587142944
TEST_34093,0.03146028518676758,0.9817459583282471
TEST_34094,0.04733303189277649,0.7556174397468567
TEST_34095,0.0009097838192246854,0.9995369911193848
TEST_34096,0.9997559189796448,0.15330258011817932
TEST_34097,0.03244829177856445,0.9922869205474854
TEST_34098,0.009093034081161022,0.9893508553504944
TEST_34099,0.030878258869051933,0.9998315572738647
TEST_34100,0.02412419021129608,0.7049922347068787
TEST_34101,0.0005679219029843807,0.9995747208595276
TEST_34102,0.5604820251464844,0.9309671521186829
TEST_34103,0.009246784262359142,0.9993828535079956
TEST_34104,0.04283830150961876,0.985757052898407
TEST_34105,0.095436692237854,0.9279350638389587
TEST_34106,0.044942282140254974,0.20776499807834625
TEST_34107,0.0011113828513771296,0.994086503982544
TEST_34108,0.007594037801027298,0.9972144961357117
TEST_34109,0.013344797305762768,0.9733452796936035
TEST_34110,0.0061561246402561665,0.8671622276306152
TEST_34111,0.008685406297445297,0.9999995231628418
TEST_34112,0.3037084937095642,0.989081859588623
TEST_34113,0.9359510540962219,0.559582531452179
TEST_34114,0.9287642240524292,0.9302775859832764
TEST_34115,0.5020508170127869,0.9745523929595947
TEST_34116,0.013457230292260647,0.9871951937675476
TEST_34117,0.3739108741283417,0.8802509903907776
TEST_34118,0.0036326940171420574,0.9573684930801392
TEST_34119,0.016586052253842354,0.9990431666374207
TEST_34120,0.1878364086151123,0.9488387107849121
TEST_34121,0.690284013748169,0.9102557897567749
TEST_34122,0.08583042770624161,0.9939460158348083
TEST_34123,0.03621780872344971,0.7867823243141174
TEST_34124,0.07482969015836716,0.9864547252655029
TEST_34125,0.017258282750844955,0.9898362755775452
TEST_34126,0.0019164271652698517,0.996898889541626
TEST_34127,0.03325669839978218,0.9050127267837524
TEST_34128,0.0006641133222728968,0.999894380569458
TEST_34129,0.004656594712287188,0.9997876286506653
TEST_34130,0.1804444044828415,0.997282862663269
TEST_34131,0.0020854512695223093,0.9766318202018738
TEST_34132,0.009475266560912132,0.9400084614753723
TEST_34133,0.003833780065178871,0.9847642779350281
TEST_34134,0.39864033460617065,0.009214396588504314
TEST_34135,0.05843072757124901,0.9053875803947449
TEST_34136,0.007378711830824614,0.8694045543670654
TEST_34137,0.006421850528568029,0.9806055426597595
TEST_34138,0.03515942022204399,0.9451280832290649
TEST_34139,0.002069358015432954,0.9992758631706238
TEST_34140,0.000573344761505723,0.9989338517189026
TEST_34141,0.020754801109433174,0.998077392578125
TEST_34142,0.12148239463567734,0.9875450730323792
TEST_34143,0.0004378455923870206,0.9997854828834534
TEST_34144,0.0012879720889031887,0.9986255168914795
TEST_34145,0.011611904948949814,0.9956026077270508
TEST_34146,0.029798457399010658,0.9864987134933472
TEST_34147,0.006364927627146244,0.9901933073997498
TEST_34148,0.008995459415018559,0.991992175579071
TEST_34149,0.0040042586624622345,0.9948851466178894
TEST_34150,0.0037434622645378113,0.9723243713378906
TEST_34151,0.028759581968188286,0.9155364036560059
TEST_34152,0.0031059682369232178,0.9558499455451965
TEST_34153,0.025992117822170258,0.9930630326271057
TEST_34154,0.0052483053877949715,0.9999829530715942
TEST_34155,0.00034945274819619954,0.9994725584983826
TEST_34156,0.03590059280395508,0.906512439250946
TEST_34157,0.0008734612492844462,0.9981067180633545
TEST_34158,0.005056168418377638,0.9896489381790161
TEST_34159,0.0037185470573604107,0.9994838237762451
TEST_34160,0.028090184554457664,0.9941020607948303
TEST_34161,0.03137833997607231,0.9427494406700134
TEST_34162,0.005324976984411478,0.9815187454223633
TEST_34163,0.10352326929569244,0.8921203017234802
TEST_34164,0.0019957255572080612,0.9864869117736816
TEST_34165,0.0028022644110023975,0.999972939491272
TEST_34166,0.022057367488741875,0.9912881255149841
TEST_34167,0.9924282431602478,0.028700975701212883
TEST_34168,0.03999396413564682,0.9018176794052124
TEST_34169,0.0006978638120926917,0.997771680355072
TEST_34170,0.017725272104144096,0.7358048558235168
TEST_34171,0.9297352433204651,0.9685824513435364
TEST_34172,0.999292254447937,0.16450135409832
TEST_34173,0.001114102778956294,0.9993600249290466
TEST_34174,0.04697573930025101,0.9791547656059265
TEST_34175,8.105415327008814e-05,0.9998635053634644
TEST_34176,0.9871537089347839,0.000493904110044241
TEST_34177,0.46164432168006897,0.8884257078170776
TEST_34178,0.07703681290149689,0.9678716063499451
TEST_34179,0.001772463321685791,0.9998181462287903
TEST_34180,0.007404163014143705,0.9939501285552979
TEST_34181,0.0035130237229168415,0.9994484782218933
TEST_34182,0.37627071142196655,0.9207013845443726
TEST_34183,0.04145478829741478,0.961949348449707
TEST_34184,0.04597903788089752,0.9888975024223328
TEST_34185,0.9200608730316162,0.9564225077629089
TEST_34186,0.019853878766298294,0.976484477519989
TEST_34187,0.020571652799844742,0.7914046049118042
TEST_34188,0.027551941573619843,0.9725816249847412
TEST_34189,9.632948786020279e-05,0.9999737739562988
TEST_34190,0.01437280885875225,0.9314730763435364
TEST_34191,0.024311011657118797,0.5071470141410828
TEST_34192,0.763424813747406,0.1553153693675995
TEST_34193,0.0014348248951137066,0.9962924122810364
TEST_34194,0.10343680530786514,0.9052071571350098
TEST_34195,0.0009662919328548014,0.9797855019569397
TEST_34196,0.08800846338272095,0.9928041100502014
TEST_34197,0.06974206864833832,0.7296216487884521
TEST_34198,0.004900745581835508,0.9760944247245789
TEST_34199,0.935097873210907,0.7932365536689758
TEST_34200,0.09732645004987717,0.9537121653556824
TEST_34201,0.0018473590025678277,0.9975053668022156
TEST_34202,0.001949349301867187,0.9949315190315247
TEST_34203,0.0010853186249732971,0.9984508752822876
TEST_34204,0.01662050373852253,0.82832932472229
TEST_34205,0.011775861494243145,0.7773765921592712
TEST_34206,0.0009105912176892161,0.9991474151611328
TEST_34207,0.0028612236492335796,0.9680770039558411
TEST_34208,0.03259929269552231,0.9516115188598633
TEST_34209,0.009014799259603024,0.9938919544219971
TEST_34210,0.0011314174626022577,0.99872225522995
TEST_34211,0.034184206277132034,0.9798941016197205
TEST_34212,0.11463972926139832,0.3995550274848938
TEST_34213,0.0015432252548635006,0.9868239164352417
TEST_34214,0.8974557518959045,0.6705319285392761
TEST_34215,0.0002497003588359803,0.9997866749763489
TEST_34216,0.05325755104422569,0.790711522102356
TEST_34217,0.028796279802918434,0.9894137382507324
TEST_34218,0.17279492318630219,0.9843114018440247
TEST_34219,0.0605282261967659,0.9892134070396423
TEST_34220,0.013398533686995506,0.9209718108177185
TEST_34221,0.17341583967208862,0.9472936987876892
TEST_34222,0.0012270514853298664,0.9973167777061462
TEST_34223,0.039773982018232346,0.9684208035469055
TEST_34224,0.00021496336557902396,0.9992934465408325
TEST_34225,0.02038351632654667,0.9967875480651855
TEST_34226,0.004685360938310623,0.9999251365661621
TEST_34227,0.01129152812063694,0.9948390126228333
TEST_34228,0.009491467848420143,0.9913466572761536
TEST_34229,0.03761062026023865,0.9866374731063843
TEST_34230,0.23699134588241577,0.977616012096405
TEST_34231,0.9439557194709778,0.3495076596736908
TEST_34232,0.011378598399460316,0.995992124080658
TEST_34233,0.04723769426345825,0.7363814115524292
TEST_34234,0.002036828314885497,0.9900562763214111
TEST_34235,0.4231986403465271,0.9924307465553284
TEST_34236,0.012887590564787388,0.9726006984710693
TEST_34237,0.008200976997613907,0.9868268966674805
TEST_34238,0.07718534022569656,0.9644075632095337
TEST_34239,0.9742333292961121,0.0022479079198092222
TEST_34240,0.24961507320404053,0.8059328198432922
TEST_34241,0.002662791172042489,0.9849386215209961
TEST_34242,0.8998523354530334,0.6424480080604553
TEST_34243,0.021504061296582222,0.9524660706520081
TEST_34244,0.0015597727615386248,0.9890004396438599
TEST_34245,0.0006510016974061728,0.9987950325012207
TEST_34246,0.006108133587986231,0.9999995231628418
TEST_34247,0.0023816139437258244,0.9997387528419495
TEST_34248,0.1428469568490982,0.917057454586029
TEST_34249,0.026006506755948067,0.9980474710464478
TEST_34250,0.007833216339349747,0.9866665005683899
TEST_34251,0.0012039090506732464,0.9997339844703674
TEST_34252,0.5718966722488403,0.9007017016410828
TEST_34253,0.0019435245776548982,0.9997710585594177
TEST_34254,0.004809611011296511,0.9962134957313538
TEST_34255,0.024642879143357277,0.9820436239242554
TEST_34256,0.002046559238806367,0.9984666109085083
TEST_34257,0.007720349356532097,0.9999498128890991
TEST_34258,0.02354535087943077,0.954647421836853
TEST_34259,0.003177716163918376,0.9918803572654724
TEST_34260,0.14261694252490997,0.8794686198234558
TEST_34261,0.018291618674993515,0.995546817779541
TEST_34262,0.17718790471553802,0.8321226239204407
TEST_34263,0.028858544304966927,0.9880133867263794
TEST_34264,0.004029386211186647,0.8741670846939087
TEST_34265,0.0030538972932845354,0.9215239882469177
TEST_34266,0.11200893670320511,0.9989812970161438
TEST_34267,0.03632453456521034,0.9292793273925781
TEST_34268,0.008731955662369728,0.9923651814460754
TEST_34269,0.029476644471287727,0.8302100300788879
TEST_34270,0.3955771028995514,0.9685801267623901
TEST_34271,0.20807263255119324,0.9970646500587463
TEST_34272,0.03798752278089523,0.9859291911125183
TEST_34273,0.045504480600357056,0.8550918102264404
TEST_34274,0.023525264114141464,0.9855539202690125
TEST_34275,0.031143227592110634,0.9670469164848328
TEST_34276,0.9861332774162292,0.001169156632386148
TEST_34277,0.02004215493798256,0.9376702308654785
TEST_34278,0.003524068044498563,0.9943057894706726
TEST_34279,0.6984317898750305,0.5375632643699646
TEST_34280,0.6265015602111816,0.9310033917427063
TEST_34281,0.010850782506167889,0.9726675748825073
TEST_34282,0.012739441357553005,0.9648078680038452
TEST_34283,0.007253407966345549,0.9994613528251648
TEST_34284,0.9490109086036682,0.9894519448280334
TEST_34285,0.25874802470207214,0.9723184108734131
TEST_34286,0.002196839079260826,0.9998236298561096
TEST_34287,0.0009750638855621219,0.9948935508728027
TEST_34288,0.140292689204216,0.9984291195869446
TEST_34289,0.17406423389911652,0.9003728032112122
TEST_34290,0.002710107946768403,0.9938449859619141
TEST_34291,0.07476536184549332,0.7798489928245544
TEST_34292,0.06434725224971771,0.8903723955154419
TEST_34293,0.006771726068109274,0.978901207447052
TEST_34294,0.8231843113899231,0.7616908550262451
TEST_34295,0.010776029899716377,0.9990441203117371
TEST_34296,0.1528269499540329,0.9962922930717468
TEST_34297,0.022566145285964012,0.9931827187538147
TEST_34298,0.009973540902137756,0.9996758699417114
TEST_34299,0.14809860289096832,0.6755548715591431
TEST_34300,0.060844097286462784,0.8805250525474548
TEST_34301,0.0459875650703907,0.8182433843612671
TEST_34302,0.9141907691955566,0.8515315055847168
TEST_34303,0.0020561227574944496,0.9638170599937439
TEST_34304,0.09320186078548431,0.6426551342010498
TEST_34305,0.0005956264212727547,0.9941548705101013
TEST_34306,0.002424302976578474,0.9994581341743469
TEST_34307,0.08045754581689835,0.7344843745231628
TEST_34308,0.4810195565223694,0.9719405770301819
TEST_34309,0.0066630044020712376,0.999909520149231
TEST_34310,0.03255957365036011,0.8761561512947083
TEST_34311,0.0014032840263098478,0.9096813797950745
TEST_34312,0.00141169095877558,0.9899153709411621
TEST_34313,0.01613094098865986,0.9103773236274719
TEST_34314,0.030637996271252632,0.9321216940879822
TEST_34315,0.1281074732542038,0.9609183669090271
TEST_34316,0.017107440158724785,0.9980925917625427
TEST_34317,0.06985820084810257,0.8841646909713745
TEST_34318,0.002336810575798154,0.9988651275634766
TEST_34319,0.0020770737901329994,0.9075654149055481
TEST_34320,0.026906872168183327,0.9956303834915161
TEST_34321,0.8559103608131409,0.4456939995288849
TEST_34322,0.01913902349770069,0.9810897707939148
TEST_34323,0.00291005102917552,0.9866442084312439
TEST_34324,0.0010507225524634123,0.9985365867614746
TEST_34325,0.025292713195085526,0.9925550818443298
TEST_34326,0.07741282135248184,0.8674035668373108
TEST_34327,0.4765564501285553,0.4255903959274292
TEST_34328,0.05236324295401573,0.967728316783905
TEST_34329,0.42904144525527954,0.768392026424408
TEST_34330,0.01648055389523506,0.9700074791908264
TEST_34331,0.009046158753335476,0.9816873669624329
TEST_34332,0.004763798788189888,0.9932169318199158
TEST_34333,0.1426386535167694,0.9836140871047974
TEST_34334,0.0002456016663927585,0.993248701095581
TEST_34335,0.030631577596068382,0.9389063119888306
TEST_34336,0.012296372093260288,0.941656768321991
TEST_34337,0.022595582529902458,0.9755316972732544
TEST_34338,0.007777686696499586,0.9754518866539001
TEST_34339,0.001547984080389142,0.9994506239891052
TEST_34340,0.0010479215998202562,0.9900462031364441
TEST_34341,0.1001957505941391,0.9074174761772156
TEST_34342,0.9951062202453613,0.006425898056477308
TEST_34343,0.7460537552833557,0.09618741273880005
TEST_34344,0.1905096024274826,0.9958735108375549
TEST_34345,0.013544311746954918,0.9441199898719788
TEST_34346,0.18244537711143494,0.6071316599845886
TEST_34347,0.00022186650312505662,0.9973945617675781
TEST_34348,0.49056634306907654,0.8900918364524841
TEST_34349,0.004561742302030325,0.9796100854873657
TEST_34350,0.01730732060968876,0.9923056960105896
TEST_34351,0.05639442056417465,0.9157949090003967
TEST_34352,0.02854737639427185,0.9855268001556396
TEST_34353,0.008071675896644592,0.8978673815727234
TEST_34354,0.007608227431774139,0.9915109276771545
TEST_34355,2.0418954591150396e-05,0.997297465801239
TEST_34356,0.0016612531617283821,0.9852463603019714
TEST_34357,0.016561919823288918,0.9995343685150146
TEST_34358,0.008327744901180267,0.9982104301452637
TEST_34359,0.06945756822824478,0.9770864844322205
TEST_34360,0.008025333285331726,0.9985370635986328
TEST_34361,0.09822840988636017,0.9982210993766785
TEST_34362,0.0069623179733753204,0.9885118007659912
TEST_34363,0.0210371483117342,0.9488381743431091
TEST_34364,0.0013477234169840813,0.9867978692054749
TEST_34365,0.01849302463233471,0.9847153425216675
TEST_34366,2.0748690076288767e-05,0.9999785423278809
TEST_34367,0.11940532177686691,0.7209722399711609
TEST_34368,0.0058995019644498825,0.7351200580596924
TEST_34369,0.02212129905819893,0.9187828898429871
TEST_34370,0.009315982460975647,0.9912399649620056
TEST_34371,0.03470848873257637,0.9049201607704163
TEST_34372,0.9725521802902222,0.8515400886535645
TEST_34373,0.03049290180206299,0.9972949624061584
TEST_34374,0.2313065081834793,0.9536896347999573
TEST_34375,0.02187047339975834,0.9818285703659058
TEST_34376,0.03594338148832321,0.9917840957641602
TEST_34377,0.0019891606643795967,0.9982572197914124
TEST_34378,0.2840006351470947,0.9675197601318359
TEST_34379,0.03585803881287575,0.9929091930389404
TEST_34380,0.005179017316550016,0.9985859394073486
TEST_34381,0.003072486724704504,0.9905784726142883
TEST_34382,0.029563287273049355,0.9861213564872742
TEST_34383,0.41338637471199036,0.9943075776100159
TEST_34384,0.17536556720733643,0.9109503030776978
TEST_34385,0.011679544113576412,0.9626334309577942
TEST_34386,0.004740740638226271,0.9907199144363403
TEST_34387,0.4807353615760803,0.7149575352668762
TEST_34388,0.06645454466342926,0.9212702512741089
TEST_34389,0.0048226406797766685,0.9988238215446472
TEST_34390,0.02754390239715576,0.9749165177345276
TEST_34391,0.07525696605443954,0.9973034858703613
TEST_34392,0.004429879132658243,0.964568018913269
TEST_34393,0.023725032806396484,0.900842547416687
TEST_34394,0.020457668229937553,0.9820426106452942
TEST_34395,0.0009966869838535786,0.9995200634002686
TEST_34396,0.03155171871185303,0.9937521815299988
TEST_34397,0.004816485568881035,0.9967848062515259
TEST_34398,0.09803928434848785,0.40718361735343933
TEST_34399,0.6378610730171204,0.9577770829200745
TEST_34400,0.9978269934654236,0.13950791954994202
TEST_34401,0.2836594581604004,0.026247451081871986
TEST_34402,0.22075527906417847,0.6830225586891174
TEST_34403,5.248568868410075e-06,0.9999792575836182
TEST_34404,0.0062230173498392105,0.9966306090354919
TEST_34405,0.02863839454948902,0.9846255779266357
TEST_34406,0.0882631465792656,0.9839656352996826
TEST_34407,0.02662138268351555,0.5829132795333862
TEST_34408,0.007974173873662949,0.9444121718406677
TEST_34409,0.03650422394275665,0.982631266117096
TEST_34410,0.030243031680583954,0.9744592308998108
TEST_34411,0.37948980927467346,0.044011447578668594
TEST_34412,0.014021527022123337,0.9893419742584229
TEST_34413,0.003488158341497183,0.9601699113845825
TEST_34414,0.030887983739376068,0.9975256323814392
TEST_34415,0.03533356264233589,0.8746801018714905
TEST_34416,0.03172896057367325,0.8830423355102539
TEST_34417,0.022258024662733078,0.9840700626373291
TEST_34418,0.2160550057888031,0.8976582884788513
TEST_34419,0.011933584697544575,0.9995549321174622
TEST_34420,0.02649129182100296,0.9984474778175354
TEST_34421,0.891656756401062,0.4732385575771332
TEST_34422,0.00010409702372271568,0.9999904632568359
TEST_34423,0.37281420826911926,0.9955126643180847
TEST_34424,0.009818741120398045,0.9486964344978333
TEST_34425,0.02181210368871689,0.9603622555732727
TEST_34426,0.01061158161610365,0.998206615447998
TEST_34427,0.006503477692604065,0.997441291809082
TEST_34428,0.0138319693505764,0.9984007477760315
TEST_34429,0.006456995382905006,0.9968855977058411
TEST_34430,0.008464147336781025,0.9990407824516296
TEST_34431,0.9922608733177185,0.5988976359367371
TEST_34432,0.00094976945547387,0.9996219873428345
TEST_34433,0.021708231419324875,0.9913164377212524
TEST_34434,0.0016031822888180614,0.9987298846244812
TEST_34435,0.006726238410919905,0.9290656447410583
TEST_34436,0.004634302109479904,0.9945574998855591
TEST_34437,0.0022534646559506655,0.9942406415939331
TEST_34438,0.022524921223521233,0.4527225196361542
TEST_34439,0.008041148073971272,0.9956005811691284
TEST_34440,0.02742258459329605,0.9737148284912109
TEST_34441,0.0003842021687887609,0.99962317943573
TEST_34442,0.15617933869361877,0.9775945544242859
TEST_34443,0.0049517154693603516,0.9999057054519653
TEST_34444,0.001997934188693762,0.8434614539146423
TEST_34445,0.02515885978937149,0.9829500913619995
TEST_34446,0.01848400942981243,0.9847756028175354
TEST_34447,0.30430498719215393,0.4051322937011719
TEST_34448,0.011624060571193695,0.9676505327224731
TEST_34449,0.005903175100684166,0.9938980937004089
TEST_34450,0.011300933547317982,0.989821195602417
TEST_34451,0.008411047980189323,0.9760624766349792
TEST_34452,0.0006007899646647274,0.9969413876533508
TEST_34453,0.026568179950118065,0.8882778286933899
TEST_34454,0.9223524928092957,0.3749715983867645
TEST_34455,0.9994146823883057,0.004193907603621483
TEST_34456,0.006166811566799879,0.9870017766952515
TEST_34457,0.03797243908047676,0.9673493504524231
TEST_34458,0.017152270302176476,0.9878694415092468
TEST_34459,0.008521275594830513,0.9276085495948792
TEST_34460,0.005386787001043558,0.9919565916061401
TEST_34461,0.00146391277667135,0.998817503452301
TEST_34462,0.7052867412567139,0.4999544620513916
TEST_34463,0.012126783840358257,0.9994414448738098
TEST_34464,0.0711062103509903,0.9342249631881714
TEST_34465,0.00593994278460741,0.9899752736091614
TEST_34466,0.9742890000343323,0.12160483747720718
TEST_34467,0.0011124780867248774,0.996242880821228
TEST_34468,0.022306576371192932,0.9831897020339966
TEST_34469,0.0007152757025323808,0.9994901418685913
TEST_34470,0.12730732560157776,0.9973700046539307
TEST_34471,0.009033412672579288,0.9922040700912476
TEST_34472,0.027769384905695915,0.9755427241325378
TEST_34473,0.012079797685146332,0.9931908249855042
TEST_34474,0.05267617106437683,0.8438504934310913
TEST_34475,0.11205648630857468,0.9106143116950989
TEST_34476,0.09221143275499344,0.8175947666168213
TEST_34477,0.11633580178022385,0.8408724069595337
TEST_34478,0.02524496614933014,0.9349796772003174
TEST_34479,0.05226263031363487,0.8821954727172852
TEST_34480,0.0441448949277401,0.9482148289680481
TEST_34481,0.24341967701911926,0.9932431578636169
TEST_34482,0.1484088897705078,0.8685484528541565
TEST_34483,0.15529145300388336,0.9625108242034912
TEST_34484,0.08157523721456528,0.8579773902893066
TEST_34485,0.016698861494660378,0.9882153272628784
TEST_34486,0.018720537424087524,0.9914621114730835
TEST_34487,0.041977591812610626,0.9690327048301697
TEST_34488,0.011297827586531639,0.9962260723114014
TEST_34489,0.032613255083560944,0.9689080119132996
TEST_34490,0.7083232402801514,0.9324531555175781
TEST_34491,0.03956763818860054,0.6106637716293335
TEST_34492,0.4837806820869446,0.44903865456581116
TEST_34493,5.2490646339720115e-05,0.9993116855621338
TEST_34494,0.04115792363882065,0.998940646648407
TEST_34495,0.02360416203737259,0.9781293869018555
TEST_34496,0.011440190486609936,0.9995529055595398
TEST_34497,0.018373796716332436,0.9825265407562256
TEST_34498,0.0038119093514978886,0.9970822930335999
TEST_34499,0.00208304519765079,0.9876400828361511
TEST_34500,0.03257738798856735,0.9598121047019958
TEST_34501,0.07404062151908875,0.9454371929168701
TEST_34502,0.04844987392425537,0.9744793772697449
TEST_34503,0.11618032306432724,0.9969844222068787
TEST_34504,0.7116566896438599,0.8372074961662292
TEST_34505,0.07783505320549011,0.8736969232559204
TEST_34506,0.03022448904812336,0.9498085975646973
TEST_34507,0.03910955414175987,0.8649659752845764
TEST_34508,0.0007694365922361612,0.9883374571800232
TEST_34509,0.004436578135937452,0.9994117021560669
TEST_34510,0.005280972924083471,0.9377135038375854
TEST_34511,0.0029234886169433594,0.9942809343338013
TEST_34512,0.11906708776950836,0.9852163791656494
TEST_34513,0.419112890958786,0.9407526850700378
TEST_34514,0.10668336600065231,0.024498848244547844
TEST_34515,0.018952755257487297,0.9773585796356201
TEST_34516,0.08386682718992233,0.9965330362319946
TEST_34517,0.027105744928121567,0.9873278737068176
TEST_34518,0.6050488352775574,0.21280689537525177
TEST_34519,0.02172720618546009,0.984203577041626
TEST_34520,0.0026558053214102983,0.9913862943649292
TEST_34521,0.0009949109517037868,0.9946905970573425
TEST_34522,0.005644476972520351,0.9907827973365784
TEST_34523,0.006777267437428236,0.9995267391204834
TEST_34524,0.0018217561300843954,0.975357711315155
TEST_34525,0.0016736997058615088,0.9907235503196716
TEST_34526,0.006090824026614428,0.9921141862869263
TEST_34527,0.0024735089391469955,0.9058714509010315
TEST_34528,0.050537995994091034,0.871875524520874
TEST_34529,0.04103802517056465,0.9305290579795837
TEST_34530,0.005665203090757132,0.9995563626289368
TEST_34531,0.0020759087055921555,0.9990750551223755
TEST_34532,0.3930158019065857,0.1983368694782257
TEST_34533,0.06467065215110779,0.985373854637146
TEST_34534,0.03192621096968651,0.7409420013427734
TEST_34535,0.04704323410987854,0.1085377037525177
TEST_34536,0.006519861053675413,0.954204797744751
TEST_34537,0.005611999426037073,0.9981870055198669
TEST_34538,0.005917735863476992,0.9996706247329712
TEST_34539,0.015470074489712715,0.9046544432640076
TEST_34540,0.004461101721972227,0.9973180890083313
TEST_34541,0.007289302069693804,0.9990407824516296
TEST_34542,0.0018243107479065657,0.9961232542991638
TEST_34543,0.0008377793710678816,0.9905487895011902
TEST_34544,0.017936687916517258,0.9900345206260681
TEST_34545,0.003956933040171862,0.9018756747245789
TEST_34546,0.37447190284729004,0.9807034730911255
TEST_34547,0.0030382091645151377,0.9992823004722595
TEST_34548,0.007158384658396244,0.9997842907905579
TEST_34549,0.14708735048770905,0.8758971691131592
TEST_34550,0.00039196424768306315,0.9992532134056091
TEST_34551,0.023694004863500595,0.9997969269752502
TEST_34552,0.02713627927005291,0.9713149666786194
TEST_34553,0.0529104508459568,0.9847458600997925
TEST_34554,0.00031810958171263337,0.9997863173484802
TEST_34555,0.017643488943576813,0.9383211731910706
TEST_34556,0.022259635850787163,0.9967190623283386
TEST_34557,0.003375200554728508,0.9868587255477905
TEST_34558,0.0439537838101387,0.9025211334228516
TEST_34559,0.0118894437327981,0.9981062412261963
TEST_34560,0.0026458685752004385,0.9994200468063354
TEST_34561,0.03517462685704231,0.9955928921699524
TEST_34562,0.005306534003466368,0.9852757453918457
TEST_34563,0.03184659779071808,0.9788621664047241
TEST_34564,0.0010936845792457461,0.9992088675498962
TEST_34565,0.9308410286903381,0.8965616226196289
TEST_34566,0.9647183418273926,0.6331925988197327
TEST_34567,0.038971420377492905,0.9968215227127075
TEST_34568,0.0009772279299795628,0.9958908557891846
TEST_34569,0.010508652776479721,0.9860656261444092
TEST_34570,0.2556252181529999,0.949478805065155
TEST_34571,0.02194714918732643,0.9013198018074036
TEST_34572,0.12078748643398285,0.9952194094657898
TEST_34573,0.0008254734566435218,0.9983770847320557
TEST_34574,0.012986494228243828,0.9959237575531006
TEST_34575,0.02787725254893303,0.9496411085128784
TEST_34576,0.007389952894300222,0.9420709013938904
TEST_34577,0.0023094159550964832,0.9995695948600769
TEST_34578,0.41523897647857666,0.41042008996009827
TEST_34579,0.008348282426595688,0.9951280355453491
TEST_34580,0.03288203850388527,0.07127082347869873
TEST_34581,0.001225045183673501,0.9848963022232056
TEST_34582,0.03472207859158516,0.9166114330291748
TEST_34583,0.020530469715595245,0.8324348330497742
TEST_34584,0.9770972728729248,0.20483285188674927
TEST_34585,0.9644932746887207,0.005379133392125368
TEST_34586,0.006807547528296709,0.991830050945282
TEST_34587,0.008932461030781269,0.9980192184448242
TEST_34588,0.02152116596698761,0.8886646628379822
TEST_34589,0.007914715446531773,0.9995217323303223
TEST_34590,0.04049928858876228,0.8609783053398132
TEST_34591,0.01637144386768341,0.9251850843429565
TEST_34592,0.0006210766732692719,0.9612817764282227
TEST_34593,0.0018950413214042783,0.9936692118644714
TEST_34594,0.011079028248786926,0.9379879236221313
TEST_34595,0.0013495961902663112,0.9993945360183716
TEST_34596,0.015353947877883911,0.9477888345718384
TEST_34597,0.009466162882745266,0.997616171836853
TEST_34598,0.007710930425673723,0.9723817706108093
TEST_34599,0.04355312138795853,0.8743857145309448
TEST_34600,0.0389157310128212,0.9196687936782837
TEST_34601,0.8885605931282043,0.9922046661376953
TEST_34602,0.2819821536540985,0.9916422367095947
TEST_34603,0.03947152569890022,0.9811645746231079
TEST_34604,0.0419965423643589,0.9973388314247131
TEST_34605,0.0851062759757042,0.9498457312583923
TEST_34606,0.005132511258125305,0.9979524612426758
TEST_34607,0.0014850539155304432,0.997427761554718
TEST_34608,0.20922179520130157,0.9242107272148132
TEST_34609,0.013566016219556332,0.9907348155975342
TEST_34610,0.5308910012245178,0.2640308439731598
TEST_34611,0.999906063079834,0.010913130827248096
TEST_34612,0.013228291645646095,0.9940199851989746
TEST_34613,0.059989944100379944,0.944603681564331
TEST_34614,0.003865707665681839,0.9607706665992737
TEST_34615,0.015417594462633133,0.9941364526748657
TEST_34616,0.025307541713118553,0.9973558187484741
TEST_34617,0.023960860446095467,0.9763724207878113
TEST_34618,0.00158508715685457,0.9990942478179932
TEST_34619,0.005922643467783928,0.996360719203949
TEST_34620,0.012397000566124916,0.9960695505142212
TEST_34621,0.0036538559943437576,0.9524465203285217
TEST_34622,0.10263198614120483,0.9413735270500183
TEST_34623,0.21106064319610596,0.9537315964698792
TEST_34624,0.019120842218399048,0.9985925555229187
TEST_34625,0.0010401648469269276,0.9992635846138
TEST_34626,0.013817873783409595,0.9428398013114929
TEST_34627,0.034786198288202286,0.993919849395752
TEST_34628,0.6206685304641724,0.5670801401138306
TEST_34629,0.017930230125784874,0.9869873523712158
TEST_34630,0.01710631139576435,0.9917844533920288
TEST_34631,0.011588351801037788,0.9968640804290771
TEST_34632,0.0018304644618183374,0.9999290704727173
TEST_34633,0.035733312368392944,0.9562128782272339
TEST_34634,0.03678487241268158,0.9966891407966614
TEST_34635,0.026019085198640823,0.9614244103431702
TEST_34636,0.0020310748368501663,0.9987080097198486
TEST_34637,0.07212883234024048,0.8525621294975281
TEST_34638,0.013803982175886631,0.9827266931533813
TEST_34639,0.004097698722034693,0.9953321814537048
TEST_34640,0.000733553315512836,0.9962543249130249
TEST_34641,0.0852985754609108,0.9097961783409119
TEST_34642,0.0070192464627325535,0.9993701577186584
TEST_34643,0.002142636338248849,0.994897186756134
TEST_34644,0.004309536889195442,0.9943201541900635
TEST_34645,0.004491570871323347,0.9918367266654968
TEST_34646,0.23255369067192078,0.8923624753952026
TEST_34647,0.013811787590384483,0.9930832386016846
TEST_34648,0.003048874204978347,0.9998631477355957
TEST_34649,0.001510072615928948,0.9919024109840393
TEST_34650,0.0950481966137886,0.8757195472717285
TEST_34651,0.0023651146329939365,0.9967131614685059
TEST_34652,0.025143848732113838,0.9612553119659424
TEST_34653,0.00018796346557792276,0.9998181462287903
TEST_34654,0.006779415067285299,0.962136447429657
TEST_34655,0.9934139847755432,0.5578248500823975
TEST_34656,0.0027212402783334255,0.9958754181861877
TEST_34657,0.04218403995037079,0.9255673885345459
TEST_34658,0.008787756785750389,0.9914180040359497
TEST_34659,0.03224469721317291,0.9967095851898193
TEST_34660,0.049326956272125244,0.8991055488586426
TEST_34661,0.15815503895282745,0.9109819531440735
TEST_34662,0.01276254653930664,0.9920462369918823
TEST_34663,0.4612938165664673,0.9593427181243896
TEST_34664,0.00018775786156766117,0.9999665021896362
TEST_34665,6.98441217537038e-05,0.9992828965187073
TEST_34666,0.024761321023106575,0.9494481682777405
TEST_34667,0.008083155378699303,0.9961473941802979
TEST_34668,0.009353949688374996,0.9762998223304749
TEST_34669,0.011165815405547619,0.942533016204834
TEST_34670,0.055807020515203476,0.9635806083679199
TEST_34671,0.12113627791404724,0.9929590225219727
TEST_34672,0.001867529470473528,0.964319109916687
TEST_34673,0.028458429500460625,0.7506154179573059
TEST_34674,0.024379773065447807,0.9817343950271606
TEST_34675,0.02289877086877823,0.935283362865448
TEST_34676,0.00024529112852178514,0.999447762966156
TEST_34677,0.011203605681657791,0.9932149648666382
TEST_34678,0.032563213258981705,0.8950823545455933
TEST_34679,0.34692347049713135,0.930467963218689
TEST_34680,0.04270057752728462,0.9988000392913818
TEST_34681,0.02011629194021225,0.9854030609130859
TEST_34682,0.0039624921046197414,0.976653516292572
TEST_34683,0.1380520910024643,0.7944126129150391
TEST_34684,0.025781383737921715,0.9941800832748413
TEST_34685,0.10405193269252777,0.9410126209259033
TEST_34686,0.0007762268651276827,0.9976813793182373
TEST_34687,0.3516237735748291,0.9803538918495178
TEST_34688,0.01511941384524107,0.9614797830581665
TEST_34689,0.8334174156188965,0.896050214767456
TEST_34690,0.05061814934015274,0.9718879461288452
TEST_34691,0.664641797542572,0.5457324385643005
TEST_34692,0.10648883879184723,0.9407540559768677
TEST_34693,0.0009820389095693827,0.9829035401344299
TEST_34694,0.002888811519369483,0.9932336211204529
TEST_34695,0.00825478695333004,0.9512525200843811
TEST_34696,0.23300503194332123,0.341098427772522
TEST_34697,0.004672769922763109,0.9951217770576477
TEST_34698,0.07775934785604477,0.9374969005584717
TEST_34699,0.10375198721885681,0.9446668028831482
TEST_34700,0.003832030575722456,0.9954414367675781
TEST_34701,0.03465278074145317,0.8727089762687683
TEST_34702,0.0007903433288447559,0.9968724846839905
TEST_34703,0.003701792098581791,0.8755159378051758
TEST_34704,0.0024280641227960587,0.998150646686554
TEST_34705,0.013268299400806427,0.9539326429367065
TEST_34706,0.003590593347325921,0.9757966995239258
TEST_34707,0.06249108165502548,0.9394703507423401
TEST_34708,0.02640727162361145,0.9905053973197937
TEST_34709,0.04114210978150368,0.802253782749176
TEST_34710,0.032265402376651764,0.9197825193405151
TEST_34711,0.028922216966748238,0.8371092081069946
TEST_34712,0.42355698347091675,0.9089648723602295
TEST_34713,0.018968183547258377,0.9497599005699158
TEST_34714,0.022121751680970192,0.9925693869590759
TEST_34715,0.023910198360681534,0.975959062576294
TEST_34716,0.06065661460161209,0.9335675835609436
TEST_34717,0.043278664350509644,0.9285960793495178
TEST_34718,0.0966537669301033,0.8639481067657471
TEST_34719,0.015040989965200424,0.9970861077308655
TEST_34720,0.03160351142287254,0.9999998807907104
TEST_34721,0.0028092029970139265,0.9980168342590332
TEST_34722,0.03515409678220749,0.8788520693778992
TEST_34723,0.026653971523046494,0.941071629524231
TEST_34724,0.9972936511039734,0.03397716209292412
TEST_34725,0.00942522007972002,0.9919523596763611
TEST_34726,0.006425642874091864,0.9974967837333679
TEST_34727,0.028082985430955887,0.9676344394683838
TEST_34728,0.7724981904029846,0.6287029981613159
TEST_34729,0.09711547940969467,0.8695643544197083
TEST_34730,0.3884332776069641,0.9474048018455505
TEST_34731,0.003929042257368565,0.9679365754127502
TEST_34732,0.020851368084549904,0.12417183071374893
TEST_34733,0.03954879567027092,0.9220201969146729
TEST_34734,0.033548373728990555,0.8776142001152039
TEST_34735,0.014328737743198872,0.926077663898468
TEST_34736,0.09204304218292236,0.9733086824417114
TEST_34737,0.005532273091375828,0.9969084858894348
TEST_34738,0.9585608839988708,0.9615440368652344
TEST_34739,0.003884480334818363,0.9840080738067627
TEST_34740,0.0853082537651062,0.7228493690490723
TEST_34741,0.0029653667006641626,0.9892376661300659
TEST_34742,0.05366942286491394,0.5455771088600159
TEST_34743,0.22837579250335693,0.27465569972991943
TEST_34744,0.02071976475417614,0.9946954846382141
TEST_34745,0.008035707287490368,0.9963892698287964
TEST_34746,0.008884004317224026,0.9894411563873291
TEST_34747,0.0032852664589881897,0.9971883893013
TEST_34748,0.03684477135539055,0.8908819556236267
TEST_34749,0.03677928075194359,0.9594660401344299
TEST_34750,0.011598711833357811,0.9916457533836365
TEST_34751,0.004128328058868647,0.9902161359786987
TEST_34752,0.004139539320021868,0.998708963394165
TEST_34753,0.02364245243370533,0.9979220032691956
TEST_34754,0.048386696726083755,0.9153661131858826
TEST_34755,0.009214588440954685,0.9997796416282654
TEST_34756,0.024242287501692772,0.9820318222045898
TEST_34757,0.0011000554077327251,0.999657154083252
TEST_34758,0.00040098343743011355,0.9760466814041138
TEST_34759,0.009000766091048717,0.9990262985229492
TEST_34760,0.002630559029057622,0.9905474781990051
TEST_34761,0.0047353822737932205,0.9989368319511414
TEST_34762,0.0018633530708029866,0.9998600482940674
TEST_34763,0.09701541066169739,0.9882376790046692
TEST_34764,0.028815794736146927,0.9880387187004089
TEST_34765,0.01494048722088337,0.9920299053192139
TEST_34766,0.021904557943344116,0.8903481960296631
TEST_34767,0.01772027276456356,0.9767184853553772
TEST_34768,0.0034579455386847258,0.9997664093971252
TEST_34769,0.440145343542099,0.9451282620429993
TEST_34770,0.0008913169731386006,0.9977130889892578
TEST_34771,0.0967344418168068,0.9811998009681702
TEST_34772,0.003891096683219075,0.9894018769264221
TEST_34773,0.0004401237238198519,0.9991410970687866
TEST_34774,0.01313048042356968,0.995145857334137
TEST_34775,0.004403251688927412,0.9176422953605652
TEST_34776,0.00415995204821229,0.9776779413223267
TEST_34777,0.003388612298294902,0.9738839864730835
TEST_34778,0.014777900651097298,0.9913401007652283
TEST_34779,0.017406441271305084,0.9981489181518555
TEST_34780,0.08173991739749908,0.9987082481384277
TEST_34781,4.650330083677545e-05,0.9998728036880493
TEST_34782,0.13388946652412415,0.999393105506897
TEST_34783,0.0011892443289980292,0.6630661487579346
TEST_34784,0.006241679657250643,0.9895175099372864
TEST_34785,0.0019888272508978844,0.9996017813682556
TEST_34786,0.005711372010409832,0.9741499423980713
TEST_34787,0.0028487902600318193,0.9969350099563599
TEST_34788,0.06860644370317459,0.9869895577430725
TEST_34789,0.04645940288901329,0.9680819511413574
TEST_34790,0.033035773783922195,0.9274870157241821
TEST_34791,0.9937548637390137,0.9678419232368469
TEST_34792,0.011292283423244953,0.9496698975563049
TEST_34793,0.006164093967527151,0.9665307402610779
TEST_34794,0.003582885954529047,0.9997525811195374
TEST_34795,0.012537213973701,0.8328526020050049
TEST_34796,0.032950952649116516,0.9905559420585632
TEST_34797,0.7808851003646851,0.6379317045211792
TEST_34798,0.00022981785878073424,0.9999028444290161
TEST_34799,0.148021399974823,0.9535845518112183
TEST_34800,0.010900313034653664,0.9846988320350647
TEST_34801,0.0876130685210228,0.7618028521537781
TEST_34802,0.004448728170245886,0.9466683268547058
TEST_34803,0.009284683503210545,0.9893959164619446
TEST_34804,0.009927158243954182,0.9941515326499939
TEST_34805,0.0024897463154047728,0.9944421648979187
TEST_34806,0.024475647136569023,0.9979472756385803
TEST_34807,0.02054280787706375,0.9643113613128662
TEST_34808,0.01239663828164339,0.9969896078109741
TEST_34809,0.05231013521552086,0.9725379943847656
TEST_34810,0.057023122906684875,0.954474925994873
TEST_34811,0.001311116968281567,0.9998471736907959
TEST_34812,0.00725913792848587,0.9490546584129333
TEST_34813,0.005730216391384602,0.9990766048431396
TEST_34814,0.0022615345660597086,0.9973424077033997
TEST_34815,0.046008508652448654,0.998849630355835
TEST_34816,0.023403063416481018,0.8723202347755432
TEST_34817,0.9914154410362244,0.5566794276237488
TEST_34818,0.0012057740241289139,0.993509829044342
TEST_34819,0.00724968034774065,0.7206435203552246
TEST_34820,0.018227849155664444,0.9356918931007385
TEST_34821,0.2645918130874634,0.9686643481254578
TEST_34822,0.0032975368667393923,0.9979075193405151
TEST_34823,0.22291284799575806,0.2661389410495758
TEST_34824,0.02425769343972206,0.9263116717338562
TEST_34825,0.015286624431610107,0.9964752793312073
TEST_34826,0.0005067677702754736,0.9992727637290955
TEST_34827,0.00793836172670126,0.9464114904403687
TEST_34828,0.009613660164177418,0.8959705233573914
TEST_34829,0.0014091180637478828,0.9907051920890808
TEST_34830,0.008624072186648846,0.9960485100746155
TEST_34831,0.04192006587982178,0.983641505241394
TEST_34832,0.0018609344260767102,0.98737633228302
TEST_34833,0.056728798896074295,0.9031217098236084
TEST_34834,0.0092930868268013,0.9580562114715576
TEST_34835,0.1684248298406601,0.5299415588378906
TEST_34836,0.03781896457076073,0.9953743815422058
TEST_34837,0.025337327271699905,0.9962278604507446
TEST_34838,0.02752668596804142,0.969544529914856
TEST_34839,0.007899489253759384,0.9866538643836975
TEST_34840,0.001180146005935967,0.9987514019012451
TEST_34841,0.008765359409153461,0.9965358972549438
TEST_34842,0.0035255388356745243,0.9999066591262817
TEST_34843,0.0005555551615543664,0.9970124959945679
TEST_34844,0.02830152027308941,0.9910233020782471
TEST_34845,0.14088821411132812,0.9300571084022522
TEST_34846,0.019941890612244606,0.9657304286956787
TEST_34847,0.05370780825614929,0.958909809589386
TEST_34848,0.06603234261274338,0.9168796539306641
TEST_34849,0.00024148848024196923,0.9987769722938538
TEST_34850,0.3209064304828644,0.9746042490005493
TEST_34851,0.763515830039978,0.11013303697109222
TEST_34852,0.009562520310282707,0.8473043441772461
TEST_34853,0.00026530009927228093,0.9999743700027466
TEST_34854,0.007155460771173239,0.9975529313087463
TEST_34855,0.010846340097486973,0.830091655254364
TEST_34856,0.4699513018131256,0.9644003510475159
TEST_34857,0.031085925176739693,0.9648898839950562
TEST_34858,0.022740403190255165,0.8945679664611816
TEST_34859,0.003165787784382701,0.45843562483787537
TEST_34860,0.021389629691839218,0.9798241853713989
TEST_34861,0.5603493452072144,0.8186458945274353
TEST_34862,0.05102892965078354,0.8859261870384216
TEST_34863,0.06641107052564621,0.9867303371429443
TEST_34864,0.05494251474738121,0.8687543869018555
TEST_34865,0.0028779334388673306,0.9660508632659912
TEST_34866,0.005353608168661594,0.9997777342796326
TEST_34867,0.002937497803941369,0.9995836615562439
TEST_34868,0.05921155586838722,0.9385185241699219
TEST_34869,0.07914640009403229,0.8730002641677856
TEST_34870,0.0008232409018091857,0.9992696642875671
TEST_34871,0.00267552281729877,0.9950095415115356
TEST_34872,0.015653470531105995,0.9860425591468811
TEST_34873,0.00330024934373796,0.9993187189102173
TEST_34874,0.011236092075705528,0.9970021843910217
TEST_34875,0.9926585555076599,0.04956066980957985
TEST_34876,0.009584895335137844,0.9959256649017334
TEST_34877,0.001831265166401863,0.9986642599105835
TEST_34878,0.009374124929308891,0.999850869178772
TEST_34879,0.19525881111621857,0.9830467104911804
TEST_34880,0.2714366614818573,0.9973172545433044
TEST_34881,0.013300670310854912,0.9659461975097656
TEST_34882,0.0007157817017287016,0.9998821020126343
TEST_34883,0.0004742092569358647,0.9915387034416199
TEST_34884,0.9497771859169006,0.19657668471336365
TEST_34885,0.010250972583889961,0.9976327419281006
TEST_34886,0.0004251300997566432,0.9946170449256897
TEST_34887,0.01074934471398592,0.9994706511497498
TEST_34888,0.002979760291054845,0.9482668042182922
TEST_34889,0.0012579623144119978,0.9998231530189514
TEST_34890,0.0017147689359262586,0.999581515789032
TEST_34891,0.0047522736713290215,0.9716624617576599
TEST_34892,0.484414279460907,0.07870801538228989
TEST_34893,0.09943465888500214,0.15004189312458038
TEST_34894,0.024473808705806732,0.9323696494102478
TEST_34895,0.9928792119026184,0.5487067103385925
TEST_34896,0.002503669122233987,0.9747303128242493
TEST_34897,0.007437279913574457,0.919352114200592
TEST_34898,0.050119537860155106,0.8793725967407227
TEST_34899,0.004049499984830618,0.9773682355880737
TEST_34900,0.006097429431974888,0.9772017002105713
TEST_34901,0.32881754636764526,0.9462273120880127
TEST_34902,0.0007522753439843655,0.9943580031394958
TEST_34903,0.024109115824103355,0.9968701004981995
TEST_34904,0.005875136237591505,0.9899015426635742
TEST_34905,0.15244154632091522,0.7482442855834961
TEST_34906,0.001573338988237083,0.9998613595962524
TEST_34907,0.004882390610873699,0.9812465310096741
TEST_34908,0.0032553724013268948,0.9044833183288574
TEST_34909,0.008138923905789852,0.9833905100822449
TEST_34910,0.014901231043040752,0.9194009900093079
TEST_34911,0.9137068390846252,0.9706166982650757
TEST_34912,0.01658523641526699,0.9519221186637878
TEST_34913,0.004008313175290823,0.997246503829956
TEST_34914,0.018404275178909302,0.9997503161430359
TEST_34915,1.1454278414646524e-08,0.999919056892395
TEST_34916,0.09778373688459396,0.8498439192771912
TEST_34917,0.08076898753643036,0.8164288401603699
TEST_34918,0.014434976503252983,0.9974831938743591
TEST_34919,0.008775785565376282,0.9870980381965637
TEST_34920,0.03809191286563873,0.9588294625282288
TEST_34921,0.03473497927188873,0.38431206345558167
TEST_34922,0.01004522480070591,0.9809386730194092
TEST_34923,0.0004209123144391924,0.9987472295761108
TEST_34924,0.036580245941877365,0.8144125938415527
TEST_34925,0.12329062074422836,0.8837087750434875
TEST_34926,0.03263372927904129,0.9909535646438599
TEST_34927,0.046569064259529114,0.9518012404441833
TEST_34928,0.0440637581050396,0.8882305026054382
TEST_34929,0.1709849089384079,0.9113501310348511
TEST_34930,0.015673276036977768,0.6740989685058594
TEST_34931,0.004784503951668739,0.9857694506645203
TEST_34932,0.3413066267967224,0.6254488825798035
TEST_34933,0.0018614135915413499,0.9999997615814209
TEST_34934,0.009177714586257935,0.9945002794265747
TEST_34935,0.9978572726249695,0.0739760547876358
TEST_34936,0.008282260037958622,0.9491909742355347
TEST_34937,0.04786233603954315,0.9152321815490723
TEST_34938,0.04762404039502144,0.9878534078598022
TEST_34939,0.002400798723101616,0.9986300468444824
TEST_34940,0.003525341162458062,0.9979356527328491
TEST_34941,0.021342327818274498,0.9511600732803345
TEST_34942,0.0007984521216712892,0.9875108003616333
TEST_34943,5.550368314288789e-06,0.9999111890792847
TEST_34944,0.0029713488183915615,0.996253252029419
TEST_34945,0.0704207494854927,0.9193479418754578
TEST_34946,0.1335040181875229,0.9907010793685913
TEST_34947,0.03482766076922417,0.9552011489868164
TEST_34948,0.2820391356945038,0.8626139163970947
TEST_34949,0.07517831772565842,0.8727519512176514
TEST_34950,0.5793684720993042,0.9658966660499573
TEST_34951,0.022025741636753082,0.938771665096283
TEST_34952,0.007637477945536375,0.9977658987045288
TEST_34953,0.048302896320819855,0.5728119015693665
TEST_34954,0.003778704209253192,0.9990373849868774
TEST_34955,0.04024727642536163,0.9696934819221497
TEST_34956,0.007737288251519203,0.9994966983795166
TEST_34957,0.0016976915067061782,0.9910753965377808
TEST_34958,0.027600031346082687,0.839970588684082
TEST_34959,0.2000339776277542,0.9786065816879272
TEST_34960,0.03854024410247803,0.9948445558547974
TEST_34961,0.5154972672462463,0.9218505620956421
TEST_34962,0.045387525111436844,0.8763234615325928
TEST_34963,0.0005836157943122089,0.9986716508865356
TEST_34964,0.212692528963089,0.989483654499054
TEST_34965,0.00729514891281724,0.9984733462333679
TEST_34966,0.5787248611450195,0.8890691995620728
TEST_34967,0.02940071001648903,0.9894698858261108
TEST_34968,0.18371707201004028,0.9800915122032166
TEST_34969,0.0302354134619236,0.7592352628707886
TEST_34970,0.19001993536949158,0.9580005407333374
TEST_34971,0.18738611042499542,0.8715648055076599
TEST_34972,0.007407804951071739,0.9661530256271362
TEST_34973,0.005599478259682655,0.9886998534202576
TEST_34974,0.002649091649800539,0.9992128610610962
TEST_34975,0.12000793218612671,0.6884135007858276
TEST_34976,0.23116351664066315,0.9940302968025208
TEST_34977,0.000922424893360585,0.9980857372283936
TEST_34978,0.013080894015729427,0.9955577254295349
TEST_34979,0.0014899144880473614,0.9988947510719299
TEST_34980,0.09174983948469162,0.8647109866142273
TEST_34981,0.0366312637925148,0.8898546099662781
TEST_34982,0.9999991655349731,0.0020461981184780598
TEST_34983,0.023323366418480873,0.9892330169677734
TEST_34984,0.21999843418598175,0.9660630822181702
TEST_34985,0.30453404784202576,0.4409250020980835
TEST_34986,0.007679129019379616,0.9996602535247803
TEST_34987,0.010099373757839203,0.9859510064125061
TEST_34988,0.001224277657456696,0.997621476650238
TEST_34989,0.0016264778096228838,0.990602970123291
TEST_34990,0.0024628324899822474,0.9917077422142029
TEST_34991,0.02247702330350876,0.9521852135658264
TEST_34992,0.09794412553310394,0.6780416369438171
TEST_34993,0.004512510262429714,0.9935328960418701
TEST_34994,0.00047693506348878145,0.9988920092582703
TEST_34995,0.00041525953565724194,0.9754219055175781
TEST_34996,0.0784018263220787,0.997093677520752
TEST_34997,0.21586169302463531,0.6297578811645508
TEST_34998,0.00028650122112594545,0.999984860420227
TEST_34999,0.02263508550822735,0.9963975548744202
TEST_35000,0.11458098888397217,0.6857853531837463
TEST_35001,2.2854891312817927e-07,0.9999988079071045
TEST_35002,0.042655982077121735,0.9962055683135986
TEST_35003,0.026815857738256454,0.992055356502533
TEST_35004,0.006014301907271147,0.9947643280029297
TEST_35005,0.00023063707340043038,0.9987437129020691
TEST_35006,0.004158283118158579,0.9955925345420837
TEST_35007,0.15125307440757751,0.9346016645431519
TEST_35008,0.012992576695978642,0.7751021981239319
TEST_35009,0.001674432773143053,0.9910940527915955
TEST_35010,0.005743116606026888,0.9979695677757263
TEST_35011,0.04079807177186012,0.999535322189331
TEST_35012,0.14949412643909454,0.8885439038276672
TEST_35013,0.03259073942899704,0.9026791453361511
TEST_35014,0.001299940631724894,0.9997175335884094
TEST_35015,0.013869314454495907,0.7829359173774719
TEST_35016,0.2481655776500702,0.9205583333969116
TEST_35017,0.2422982007265091,0.8933115601539612
TEST_35018,0.4067607522010803,0.08473959565162659
TEST_35019,0.04539719596505165,0.925197958946228
TEST_35020,0.08161523938179016,0.7802987694740295
TEST_35021,0.003876729169860482,0.9880967140197754
TEST_35022,0.000983071862719953,0.998090922832489
TEST_35023,0.033766940236091614,0.9320438504219055
TEST_35024,0.0001623712305445224,0.9999475479125977
TEST_35025,0.004243772942572832,0.9984194040298462
TEST_35026,0.003742791712284088,0.9858224987983704
TEST_35027,0.008183538913726807,0.9899075031280518
TEST_35028,0.09058701246976852,0.9931743741035461
TEST_35029,0.014612546190619469,0.9996036887168884
TEST_35030,0.12733681499958038,0.9252004027366638
TEST_35031,0.008085503242909908,0.9990593791007996
TEST_35032,0.055624209344387054,0.992668092250824
TEST_35033,0.02236850932240486,0.9181943535804749
TEST_35034,0.038961805403232574,0.9029966592788696
TEST_35035,0.01886870339512825,0.9553892612457275
TEST_35036,0.02733619324862957,0.9973660111427307
TEST_35037,0.029691170901060104,0.9287267923355103
TEST_35038,0.07381748408079147,0.9866548776626587
TEST_35039,0.0026577431708574295,0.999634861946106
TEST_35040,0.018393006175756454,0.981151282787323
TEST_35041,0.002972052665427327,0.9944451451301575
TEST_35042,0.0019371140515431762,0.9997633099555969
TEST_35043,0.005961509421467781,0.9961165189743042
TEST_35044,0.036483462899923325,0.9629082083702087
TEST_35045,0.03369893506169319,0.9759873151779175
TEST_35046,0.9925761222839355,0.21696855127811432
TEST_35047,0.035046935081481934,0.9154247045516968
TEST_35048,0.02481677010655403,0.9815110564231873
TEST_35049,0.023063529282808304,0.9866930842399597
TEST_35050,0.09700887650251389,0.9871864318847656
TEST_35051,0.1014639139175415,0.8458341956138611
TEST_35052,0.002881367225199938,0.9753534197807312
TEST_35053,0.9999001026153564,0.0659082755446434
TEST_35054,0.0032044078689068556,0.996991753578186
TEST_35055,0.00659547746181488,0.9843460917472839
TEST_35056,0.01294727623462677,0.9673221707344055
TEST_35057,0.011463029310107231,0.9999337196350098
TEST_35058,0.00908876396715641,0.9974722266197205
TEST_35059,0.05834931135177612,0.9389544725418091
TEST_35060,0.024103792384266853,0.8844448924064636
TEST_35061,0.00499341357499361,0.9998641014099121
TEST_35062,0.0007687917095609009,0.9948582649230957
TEST_35063,0.03353497385978699,0.865386426448822
TEST_35064,0.0008309955010190606,0.9976153373718262
TEST_35065,0.055176831781864166,0.7899463772773743
TEST_35066,0.0030295338947325945,0.9938713312149048
TEST_35067,0.003887712489813566,0.996751070022583
TEST_35068,0.007323011290282011,0.9330931305885315
TEST_35069,0.9996256828308105,0.046720486134290695
TEST_35070,0.020689602941274643,0.9993433356285095
TEST_35071,0.03211391717195511,0.9168444871902466
TEST_35072,0.16644224524497986,0.14926216006278992
TEST_35073,0.1322392225265503,0.06295791268348694
TEST_35074,0.10427936166524887,0.6926820278167725
TEST_35075,0.3660941421985626,0.9092610478401184
TEST_35076,0.03149533271789551,0.918143630027771
TEST_35077,0.062397707253694534,0.995122492313385
TEST_35078,0.023897599428892136,0.9964137673377991
TEST_35079,0.0013136363122612238,0.9998451471328735
TEST_35080,0.027235768735408783,0.9343054294586182
TEST_35081,0.007791959680616856,0.9952567219734192
TEST_35082,0.11862269788980484,0.9623743295669556
TEST_35083,0.08506923913955688,0.9107472896575928
TEST_35084,0.5334583520889282,0.9587584137916565
TEST_35085,0.035382550209760666,0.9159339666366577
TEST_35086,0.024617386981844902,0.9705243706703186
TEST_35087,0.7054924964904785,0.9143100380897522
TEST_35088,0.002517281798645854,0.9970937967300415
TEST_35089,0.07067153602838516,0.973744809627533
TEST_35090,0.01911797933280468,0.9922352433204651
TEST_35091,0.00072341354098171,0.9993353486061096
TEST_35092,0.045218851417303085,0.9543749094009399
TEST_35093,0.014135465957224369,0.9739194512367249
TEST_35094,0.0429006963968277,0.9868640303611755
TEST_35095,0.002060528378933668,0.997696578502655
TEST_35096,0.0032416190952062607,0.9959326386451721
TEST_35097,0.014913340099155903,0.936102569103241
TEST_35098,0.000941742560826242,0.9041675329208374
TEST_35099,0.010638277977705002,0.908646285533905
TEST_35100,0.0013244369765743613,0.986659049987793
TEST_35101,0.0014031382743269205,0.9954248070716858
TEST_35102,0.5336309671401978,0.9140812754631042
TEST_35103,0.023823508992791176,0.9967086315155029
TEST_35104,0.026520797982811928,0.9739094972610474
TEST_35105,0.005037425551563501,0.9994126558303833
TEST_35106,0.03433520346879959,0.5789918899536133
TEST_35107,0.0027262435760349035,0.9969018697738647
TEST_35108,0.854765772819519,0.911949634552002
TEST_35109,0.9973074197769165,0.20641465485095978
TEST_35110,0.11299770325422287,0.9980195760726929
TEST_35111,0.13356944918632507,0.9803527593612671
TEST_35112,0.004451490938663483,0.9964441657066345
TEST_35113,0.02571766823530197,0.9950289130210876
TEST_35114,0.006402941420674324,0.9972978234291077
TEST_35115,0.0011532420758157969,0.9828259348869324
TEST_35116,0.8473146557807922,0.9699519276618958
TEST_35117,0.2305326908826828,0.9149077534675598
TEST_35118,0.2363961935043335,0.7765012383460999
TEST_35119,0.0025561871007084846,0.9991015195846558
TEST_35120,0.0020655998960137367,0.9962648749351501
TEST_35121,0.006116412114351988,0.9876532554626465
TEST_35122,0.005366558209061623,0.9958717226982117
TEST_35123,0.0010706322500482202,0.9998041987419128
TEST_35124,0.0019558335188776255,0.998017430305481
TEST_35125,0.03858686611056328,0.9961814880371094
TEST_35126,0.07487160712480545,0.977334201335907
TEST_35127,0.011534742079675198,0.9868513941764832
TEST_35128,0.2690529525279999,0.9614188075065613
TEST_35129,0.0019946631509810686,0.9979273080825806
TEST_35130,0.0031278161332011223,0.9989635944366455
TEST_35131,0.0004674590309150517,0.9984588623046875
TEST_35132,0.003675879677757621,0.9939104318618774
TEST_35133,0.0006710807792842388,0.9971355199813843
TEST_35134,0.002605500165373087,0.9377864003181458
TEST_35135,0.01446232758462429,0.18567685782909393
TEST_35136,0.021932270377874374,0.9977765679359436
TEST_35137,0.008618684485554695,0.9939128756523132
TEST_35138,0.008579053916037083,0.9982518553733826
TEST_35139,0.0015253359451889992,0.9996238946914673
TEST_35140,0.5179969668388367,0.8937238454818726
TEST_35141,0.006246339529752731,0.9979557991027832
TEST_35142,0.9980474710464478,0.00020129971380811185
TEST_35143,0.0008203970501199365,0.8854885697364807
TEST_35144,0.7155685424804688,0.2332732230424881
TEST_35145,0.0008189829532057047,0.9992584586143494
TEST_35146,0.0009243314270861447,0.9997852444648743
TEST_35147,0.6321085691452026,0.7487353086471558
TEST_35148,0.10669922828674316,0.44123536348342896
TEST_35149,0.17721571028232574,0.9727968573570251
TEST_35150,0.11405067890882492,0.9089603424072266
TEST_35151,0.003965497016906738,0.9914306998252869
TEST_35152,0.04907888546586037,0.8633467555046082
TEST_35153,0.004375808406621218,0.9979348182678223
TEST_35154,0.013516384176909924,0.9576285481452942
TEST_35155,0.015853825956583023,0.9999034404754639
TEST_35156,0.14881044626235962,0.8632513880729675
TEST_35157,0.010580158792436123,0.9826008677482605
TEST_35158,0.002734592417255044,0.9653995037078857
TEST_35159,0.039967428892850876,0.9930725693702698
TEST_35160,0.01968163065612316,0.883169949054718
TEST_35161,0.002195001346990466,0.9906336069107056
TEST_35162,0.003842880018055439,0.9942318797111511
TEST_35163,0.002547895535826683,0.9989759922027588
TEST_35164,0.040183939039707184,0.988120436668396
TEST_35165,0.029010606929659843,0.9160799980163574
TEST_35166,0.1435883492231369,0.9675941467285156
TEST_35167,0.999790370464325,0.00016986866830848157
TEST_35168,0.003118121065199375,0.9990992546081543
TEST_35169,0.14972417056560516,0.7221305966377258
TEST_35170,0.3370766341686249,0.8921775817871094
TEST_35171,0.002758393529802561,0.9887807369232178
TEST_35172,0.004975095856934786,0.8817093372344971
TEST_35173,0.0724937692284584,0.5249167680740356
TEST_35174,0.0022320153657346964,0.999941349029541
TEST_35175,0.007316371891647577,0.9967087507247925
TEST_35176,0.0324886254966259,0.9819154739379883
TEST_35177,0.014335636049509048,0.9959936141967773
TEST_35178,0.045871514827013016,0.9999996423721313
TEST_35179,0.0003280865785200149,0.9998726844787598
TEST_35180,0.028040042147040367,0.9995738863945007
TEST_35181,0.0068169161677360535,0.980760931968689
TEST_35182,0.0004246307071298361,0.9993769526481628
TEST_35183,0.0008494110661558807,0.9958594441413879
TEST_35184,0.002015152247622609,0.9958198070526123
TEST_35185,0.007940934970974922,0.994445264339447
TEST_35186,0.003564251121133566,0.7284623384475708
TEST_35187,0.03279802203178406,0.9087138175964355
TEST_35188,0.03391478210687637,0.9947027564048767
TEST_35189,0.0031694660428911448,0.9133356213569641
TEST_35190,0.0024590117391198874,0.9938055276870728
TEST_35191,0.13591307401657104,0.5251137614250183
TEST_35192,0.6435908079147339,0.9762019515037537
TEST_35193,0.005390089005231857,0.9966020584106445
TEST_35194,0.00047754895058460534,0.9991199374198914
TEST_35195,0.10362830758094788,0.16257162392139435
TEST_35196,0.6082437038421631,0.9435502290725708
TEST_35197,0.009610491804778576,0.9987296462059021
TEST_35198,0.010994898155331612,0.75730961561203
TEST_35199,0.34731563925743103,0.7110451459884644
TEST_35200,0.0014376670587807894,0.9994408488273621
TEST_35201,0.04643348231911659,0.3956250846385956
TEST_35202,0.0021022662986069918,0.9555321335792542
TEST_35203,0.006230408791452646,0.9964280724525452
TEST_35204,0.1751421093940735,0.10248707234859467
TEST_35205,0.002921801758930087,0.997205913066864
TEST_35206,0.021701926365494728,0.9993898868560791
TEST_35207,0.01633472554385662,0.9929514527320862
TEST_35208,0.01770087145268917,0.9574005007743835
TEST_35209,0.02355298213660717,0.9604244232177734
TEST_35210,0.11790024489164352,0.9764227271080017
TEST_35211,0.5746080875396729,0.67659592628479
TEST_35212,0.0028730975463986397,0.9889770150184631
TEST_35213,0.004422579426318407,0.9361767768859863
TEST_35214,0.026016460731625557,0.88730388879776
TEST_35215,0.00040472066029906273,0.9990280866622925
TEST_35216,0.0042204707860946655,0.9971792697906494
TEST_35217,0.0002346457913517952,0.998024582862854
TEST_35218,0.02328377403318882,0.95143723487854
TEST_35219,0.0060158297419548035,0.9994388222694397
TEST_35220,0.012408542446792126,0.9875487089157104
TEST_35221,0.7842024564743042,0.9162368178367615
TEST_35222,0.028401684015989304,0.9801123142242432
TEST_35223,0.0006220078794285655,0.9993627667427063
TEST_35224,0.34875214099884033,0.9146519899368286
TEST_35225,0.012117641046643257,0.9095386862754822
TEST_35226,0.004866929724812508,0.9729136228561401
TEST_35227,0.006690705195069313,0.9981328845024109
TEST_35228,0.0023578687105327845,0.9977357387542725
TEST_35229,0.0002772704465314746,0.9984104633331299
TEST_35230,0.9991222023963928,0.00031931285047903657
TEST_35231,0.1883711814880371,0.9592954516410828
TEST_35232,0.20330475270748138,0.8650045394897461
TEST_35233,0.01281584333628416,0.9979143738746643
TEST_35234,0.00255810865201056,0.9305171966552734
TEST_35235,0.035553812980651855,0.903740406036377
TEST_35236,0.0014932907652109861,0.9741435050964355
TEST_35237,0.6275566220283508,0.9837865233421326
TEST_35238,0.007159117609262466,0.990504801273346
TEST_35239,0.0099325031042099,0.9058564901351929
TEST_35240,0.09990840405225754,0.7677903175354004
TEST_35241,0.00011208330397494137,0.9994022846221924
TEST_35242,0.006112378556281328,0.9994810223579407
TEST_35243,0.005717820022255182,0.9937896132469177
TEST_35244,0.051469314843416214,0.96409010887146
TEST_35245,0.04408029466867447,0.3908637464046478
TEST_35246,0.005910279229283333,0.9784884452819824
TEST_35247,0.004154339898377657,0.9960197806358337
TEST_35248,0.1611405313014984,0.9019767045974731
TEST_35249,0.23112739622592926,0.3998754620552063
TEST_35250,0.009546464309096336,0.9883350133895874
TEST_35251,0.865994930267334,0.18372635543346405
TEST_35252,0.008769765496253967,0.98826003074646
TEST_35253,0.018974220380187035,0.9993687272071838
TEST_35254,0.0008428141591139138,0.9921637773513794
TEST_35255,0.018360551446676254,0.9283010363578796
TEST_35256,0.14035308361053467,0.8494551777839661
TEST_35257,0.002253568498417735,0.995758593082428
TEST_35258,0.04071033000946045,0.8611096143722534
TEST_35259,0.0008705573272891343,0.9772916436195374
TEST_35260,0.027455955743789673,0.9769037365913391
TEST_35261,0.0006761031108908355,0.9338243007659912
TEST_35262,0.005993232596665621,0.996160626411438
TEST_35263,0.0024879800621420145,0.9996507167816162
TEST_35264,0.09017287939786911,0.9510314464569092
TEST_35265,0.0023950610775500536,0.9990587830543518
TEST_35266,0.010023058392107487,0.9663020372390747
TEST_35267,0.03140208125114441,0.9024338126182556
TEST_35268,0.009083118289709091,0.9894129633903503
TEST_35269,0.05130960792303085,0.8831145763397217
TEST_35270,0.0055020758882164955,0.997783362865448
TEST_35271,0.003501022234559059,0.9990336894989014
TEST_35272,0.046769581735134125,0.8449777364730835
TEST_35273,0.001934876898303628,0.9994012117385864
TEST_35274,0.11028674244880676,0.9956881403923035
TEST_35275,0.0757189691066742,0.9721909761428833
TEST_35276,0.02727130427956581,0.8948910236358643
TEST_35277,0.2710038125514984,0.8751110434532166
TEST_35278,0.010085211135447025,0.9989724159240723
TEST_35279,0.011202824302017689,0.9889501929283142
TEST_35280,0.15317770838737488,0.7317214012145996
TEST_35281,0.0009097612928599119,0.9993288516998291
TEST_35282,0.008826405741274357,0.9929827451705933
TEST_35283,0.3136897385120392,0.27182385325431824
TEST_35284,0.0018093151738867164,0.9861915111541748
TEST_35285,0.0033133230172097683,0.9913996458053589
TEST_35286,0.017560776323080063,0.9989114999771118
TEST_35287,0.2526003420352936,0.9102354645729065
TEST_35288,0.03383689373731613,0.9757055640220642
TEST_35289,0.005654602777212858,0.9984785914421082
TEST_35290,0.02511817030608654,0.9603842496871948
TEST_35291,0.020129753276705742,0.9838808178901672
TEST_35292,0.00899024959653616,0.8387920260429382
TEST_35293,0.00880056619644165,0.9998643398284912
TEST_35294,0.0036034095101058483,0.9849098324775696
TEST_35295,0.013236136175692081,0.8981859087944031
TEST_35296,0.38054412603378296,0.9718116521835327
TEST_35297,0.002329545095562935,0.9999819993972778
TEST_35298,0.28349289298057556,0.9501692056655884
TEST_35299,0.009546026587486267,0.9911617040634155
TEST_35300,0.0606188140809536,0.9615758657455444
TEST_35301,0.007320373319089413,0.9878461956977844
TEST_35302,0.007197569590061903,1.0
TEST_35303,0.0052385833114385605,0.9835171699523926
TEST_35304,0.012730837799608707,0.9943559765815735
TEST_35305,0.006230287719517946,0.9965770840644836
TEST_35306,0.0031771287322044373,0.9999895095825195
TEST_35307,0.4273306429386139,0.9676008820533752
TEST_35308,0.031095188111066818,0.9906468391418457
TEST_35309,0.5706121325492859,0.9228293895721436
TEST_35310,0.0031488772947341204,0.9976019263267517
TEST_35311,0.012931857258081436,0.9979104399681091
TEST_35312,0.0013850769028067589,0.9899917244911194
TEST_35313,0.0028058739844709635,0.995689332485199
TEST_35314,0.04294048249721527,0.9612603783607483
TEST_35315,0.03621967136859894,0.6960135698318481
TEST_35316,0.02988244965672493,0.9980663657188416
TEST_35317,0.029322633519768715,0.924222469329834
TEST_35318,0.20735959708690643,0.9245766401290894
TEST_35319,0.036884158849716187,0.8584185838699341
TEST_35320,0.00619372958317399,0.9960149526596069
TEST_35321,0.1886633038520813,0.9661834836006165
TEST_35322,0.024886690080165863,0.997816801071167
TEST_35323,0.9560869932174683,0.7593297958374023
TEST_35324,0.0008418280631303787,0.9896845817565918
TEST_35325,0.01516871340572834,0.9648937582969666
TEST_35326,0.0033289918210357428,0.9906213283538818
TEST_35327,0.02357623167335987,0.9869567155838013
TEST_35328,0.9998199343681335,0.0002127745101461187
TEST_35329,0.5926997065544128,0.9077728390693665
TEST_35330,0.001282730489037931,0.9940844178199768
TEST_35331,0.018456459045410156,0.9871664643287659
TEST_35332,0.004852300975471735,0.9966461062431335
TEST_35333,0.0015449910424649715,0.9910462498664856
TEST_35334,0.46302932500839233,0.7631435394287109
TEST_35335,0.0008547799661755562,0.9998583793640137
TEST_35336,0.007071859668940306,0.9887118339538574
TEST_35337,0.09209117293357849,0.9616039991378784
TEST_35338,0.03161120414733887,0.9251254200935364
TEST_35339,0.43175920844078064,0.9525790214538574
TEST_35340,0.9663720726966858,0.5703692436218262
TEST_35341,0.03255631402134895,0.9998363256454468
TEST_35342,0.11504308879375458,0.7407861351966858
TEST_35343,0.33595651388168335,0.9080507159233093
TEST_35344,0.0015316767385229468,0.9896721839904785
TEST_35345,0.008727981708943844,0.9831194281578064
TEST_35346,0.0817926898598671,0.6786853075027466
TEST_35347,0.00752575509250164,0.9836254715919495
TEST_35348,0.011262116953730583,0.9881149530410767
TEST_35349,0.004108112771064043,0.9982414245605469
TEST_35350,0.019396817311644554,0.9753936529159546
TEST_35351,0.024294378235936165,0.9027063250541687
TEST_35352,0.04803228750824928,0.7081055641174316
TEST_35353,0.00584814976900816,0.9970594048500061
TEST_35354,0.00024360278621315956,0.9963977336883545
TEST_35355,0.06700149923563004,0.5021728873252869
TEST_35356,0.006915627513080835,0.988836407661438
TEST_35357,0.03773612529039383,0.9849337935447693
TEST_35358,0.999323844909668,0.016129368916153908
TEST_35359,0.00823094230145216,0.9761175513267517
TEST_35360,0.00771469296887517,0.9936581254005432
TEST_35361,0.36373114585876465,0.9833102822303772
TEST_35362,0.022068895399570465,0.9597859382629395
TEST_35363,0.27135169506073,0.5078327059745789
TEST_35364,0.05440022796392441,0.9362722635269165
TEST_35365,0.0018872423097491264,0.9997339844703674
TEST_35366,0.02076786942780018,0.4675537347793579
TEST_35367,0.00666354363784194,0.9770323038101196
TEST_35368,0.6117491722106934,0.9907366633415222
TEST_35369,0.23020146787166595,0.9955915808677673
TEST_35370,0.00029340555192902684,0.9969563484191895
TEST_35371,0.001306498539634049,0.9993938207626343
TEST_35372,0.6061103343963623,0.2629759907722473
TEST_35373,0.004673339892178774,0.999021053314209
TEST_35374,0.007876754738390446,0.9956302642822266
TEST_35375,0.024763602763414383,0.987272322177887
TEST_35376,0.03023545630276203,0.8676084876060486
TEST_35377,0.0010430277325212955,0.9988278746604919
TEST_35378,0.010908150114119053,0.989651620388031
TEST_35379,0.0002646124630700797,0.9997648596763611
TEST_35380,0.0027472523506730795,0.9704237580299377
TEST_35381,0.8762161731719971,0.15755583345890045
TEST_35382,0.1157519668340683,0.9798808693885803
TEST_35383,0.0013066839892417192,0.9908248782157898
TEST_35384,0.003276341361925006,0.9971080422401428
TEST_35385,0.005093819461762905,0.9954657554626465
TEST_35386,0.0903279036283493,0.9047759175300598
TEST_35387,0.006402953993529081,0.9998517036437988
TEST_35388,0.0017910557799041271,0.98859041929245
TEST_35389,0.9999898672103882,5.916285203966254e-07
TEST_35390,0.45579221844673157,0.2897935211658478
TEST_35391,0.5764943361282349,0.949428915977478
TEST_35392,0.007939296774566174,0.9186474680900574
TEST_35393,0.003174708690494299,0.9985308647155762
TEST_35394,0.5268948078155518,0.794530987739563
TEST_35395,0.005028551910072565,0.9923195242881775
TEST_35396,0.003780314465984702,0.9951565265655518
TEST_35397,0.0022996014449745417,0.993527352809906
TEST_35398,0.16244889795780182,0.9760830402374268
TEST_35399,0.04933050274848938,0.8944072723388672
TEST_35400,0.021915631368756294,0.9999668598175049
TEST_35401,0.023043101653456688,0.9367098808288574
TEST_35402,0.00809283833950758,0.9957618117332458
TEST_35403,0.8635464906692505,0.9158008098602295
TEST_35404,0.18976524472236633,0.7997138500213623
TEST_35405,0.0015949216904118657,0.9979907274246216
TEST_35406,0.005679659079760313,0.9844391942024231
TEST_35407,0.15529343485832214,0.8608019351959229
TEST_35408,0.034565459936857224,0.649634063243866
TEST_35409,0.19439035654067993,0.8235927820205688
TEST_35410,0.0023810905404388905,0.9999487400054932
TEST_35411,0.03375885263085365,0.945899248123169
TEST_35412,0.9978200197219849,0.00574458995833993
TEST_35413,0.13473355770111084,0.9644107818603516
TEST_35414,0.2913983166217804,0.6315369009971619
TEST_35415,0.5330331921577454,0.9362779855728149
TEST_35416,0.005385811440646648,0.9954679012298584
TEST_35417,0.869107723236084,0.9877511262893677
TEST_35418,0.013875485397875309,0.9950574636459351
TEST_35419,7.463241490768269e-05,0.9990311861038208
TEST_35420,0.028476594015955925,0.9640378355979919
TEST_35421,0.001424626912921667,0.9417064189910889
TEST_35422,0.06369903683662415,0.7631914615631104
TEST_35423,0.01929917186498642,0.9868518710136414
TEST_35424,0.9676887392997742,0.5917127728462219
TEST_35425,0.0004269524069968611,0.9999788999557495
TEST_35426,0.014275913126766682,0.9961708188056946
TEST_35427,0.0003980587935075164,0.9993947744369507
TEST_35428,0.06078246235847473,0.9290657639503479
TEST_35429,0.1714777946472168,0.9841496348381042
TEST_35430,0.01180786732584238,0.9668459892272949
TEST_35431,0.007980044931173325,0.9976021647453308
TEST_35432,0.021169215440750122,0.9935017228126526
TEST_35433,0.03183728829026222,0.9800726175308228
TEST_35434,0.0321529284119606,0.9836861491203308
TEST_35435,0.018969915807247162,0.9933330416679382
TEST_35436,0.9907910823822021,0.025005575269460678
TEST_35437,0.0013463597279042006,0.998898983001709
TEST_35438,0.7317489981651306,0.04530143737792969
TEST_35439,0.001233810791745782,0.9974727034568787
TEST_35440,0.004618820734322071,0.9981116056442261
TEST_35441,0.018718339502811432,0.9503841996192932
TEST_35442,0.00669905124232173,0.9934387803077698
TEST_35443,0.01391147542744875,0.9953697323799133
TEST_35444,0.029998449608683586,0.905643880367279
TEST_35445,0.011378291994333267,0.9871548414230347
TEST_35446,0.006195675581693649,0.997951328754425
TEST_35447,0.0368473194539547,0.9975416660308838
TEST_35448,0.021023593842983246,0.9649370908737183
TEST_35449,0.028746072202920914,0.9954313039779663
TEST_35450,0.02039753831923008,0.9950803518295288
TEST_35451,0.01618538424372673,0.9843115210533142
TEST_35452,0.024860968813300133,0.38506168127059937
TEST_35453,0.003903243225067854,0.9975288510322571
TEST_35454,0.0013656028313562274,0.9994298815727234
TEST_35455,0.022775059565901756,0.9655094742774963
TEST_35456,0.026533547788858414,0.9896933436393738
TEST_35457,0.0003516601282171905,0.9994111061096191
TEST_35458,0.006146775558590889,0.9978885054588318
TEST_35459,0.9777194261550903,0.9538811445236206
TEST_35460,0.007570256013423204,0.9953472018241882
TEST_35461,0.002026432193815708,0.9992002844810486
TEST_35462,0.006071628537029028,0.9985290765762329
TEST_35463,0.07715805619955063,0.8456922173500061
TEST_35464,0.026094168424606323,0.9598972201347351
TEST_35465,0.00019466459343675524,0.9987013339996338
TEST_35466,0.9626842141151428,0.9038375020027161
TEST_35467,0.0030047143809497356,0.9952461123466492
TEST_35468,0.012493623420596123,0.9981139898300171
TEST_35469,0.24908053874969482,0.7221215963363647
TEST_35470,0.05802663043141365,0.988415002822876
TEST_35471,0.9989811778068542,0.000506651122123003
TEST_35472,0.0681256502866745,0.7979052662849426
TEST_35473,0.018413197249174118,0.991710364818573
TEST_35474,0.0364481583237648,0.8887076377868652
TEST_35475,0.021529441699385643,0.9363961815834045
TEST_35476,0.9577611088752747,0.017156362533569336
TEST_35477,0.02709520235657692,0.9500387907028198
TEST_35478,0.039854537695646286,0.9789779186248779
TEST_35479,0.18296384811401367,0.9705995917320251
TEST_35480,0.43973541259765625,0.9532618522644043
TEST_35481,0.0023196209222078323,0.982147216796875
TEST_35482,0.0007695539970882237,0.99919193983078
TEST_35483,0.9098803997039795,0.09701670706272125
TEST_35484,0.005657606292515993,0.9929702877998352
TEST_35485,0.010782456956803799,0.9996540546417236
TEST_35486,0.036422207951545715,0.9793322086334229
TEST_35487,0.008310459554195404,0.9943260550498962
TEST_35488,0.1372857689857483,0.884118914604187
TEST_35489,0.004387405700981617,0.9942284822463989
TEST_35490,0.002278917236253619,0.9949758052825928
TEST_35491,0.015663493424654007,0.9985750913619995
TEST_35492,0.012525707483291626,0.9916248917579651
TEST_35493,0.013833151198923588,0.9412201642990112
TEST_35494,0.17755943536758423,0.17342770099639893
TEST_35495,0.9914687871932983,0.006959727965295315
TEST_35496,0.010784205980598927,0.9520944356918335
TEST_35497,0.9986162185668945,0.00510989036411047
TEST_35498,0.003100476460531354,0.9798454642295837
TEST_35499,0.09934697300195694,0.9242019057273865
TEST_35500,0.003985811956226826,0.9958006739616394
TEST_35501,0.04607964679598808,0.7457488775253296
TEST_35502,0.0033941257279366255,0.9859976768493652
TEST_35503,0.09404224157333374,0.8989961743354797
TEST_35504,0.0012136364821344614,0.9904187321662903
TEST_35505,7.876279596530367e-06,0.9999827146530151
TEST_35506,0.03310560807585716,0.998325765132904
TEST_35507,0.03368512541055679,0.9975600242614746
TEST_35508,0.10427340865135193,0.9796707630157471
TEST_35509,0.03466782718896866,0.9978498220443726
TEST_35510,0.07267185300588608,0.922534167766571
TEST_35511,0.009915663860738277,0.9931780099868774
TEST_35512,0.010587752796709538,0.8762518763542175
TEST_35513,0.00017748230311553925,0.9999947547912598
TEST_35514,0.001457569538615644,0.997674286365509
TEST_35515,0.41445380449295044,0.8072666525840759
TEST_35516,0.029909586533904076,0.88456130027771
TEST_35517,0.49347320199012756,0.9475575089454651
TEST_35518,0.017163213342428207,0.9113947749137878
TEST_35519,0.003857951844111085,0.9810452461242676
TEST_35520,0.752782940864563,0.9158480763435364
TEST_35521,0.009045333601534367,0.9924131035804749
TEST_35522,0.9941943287849426,0.00030136617715470493
TEST_35523,0.9956852197647095,0.8541923761367798
TEST_35524,0.03967366740107536,0.9548194408416748
TEST_35525,0.10641735792160034,0.997749388217926
TEST_35526,0.04151327162981033,0.889763355255127
TEST_35527,0.0011230818927288055,0.9963764548301697
TEST_35528,0.6203030943870544,0.9638153314590454
TEST_35529,0.0007149410666897893,0.9999829530715942
TEST_35530,0.004359528888016939,0.9906272888183594
TEST_35531,0.009560712613165379,0.9988530874252319
TEST_35532,0.006197367329150438,0.9931700229644775
TEST_35533,0.6281143426895142,0.8914227485656738
TEST_35534,0.9939135909080505,0.33749210834503174
TEST_35535,0.9688171744346619,0.0635431706905365
TEST_35536,0.04035696014761925,0.9142998456954956
TEST_35537,0.013929487206041813,0.9922975897789001
TEST_35538,0.0724964588880539,0.9590826630592346
TEST_35539,0.003208300331607461,0.9813993573188782
TEST_35540,0.012844864279031754,0.9876241683959961
TEST_35541,0.011252451688051224,0.9729994535446167
TEST_35542,0.020681068301200867,0.9792015552520752
TEST_35543,0.002698868978768587,0.9931538105010986
TEST_35544,0.010553018189966679,0.9941099286079407
TEST_35545,0.03867153823375702,0.9892974495887756
TEST_35546,0.03467441722750664,0.9975752234458923
TEST_35547,0.001355087268166244,0.9983036518096924
TEST_35548,0.026372672989964485,0.923744797706604
TEST_35549,0.010136255994439125,0.9668874144554138
TEST_35550,0.00971628725528717,0.9047482013702393
TEST_35551,0.020653264597058296,0.8948326706886292
TEST_35552,0.0008450585301034153,0.9777882695198059
TEST_35553,0.015749169513583183,0.9900506138801575
TEST_35554,0.019324900582432747,0.9976686835289001
TEST_35555,0.0013230815529823303,0.9793561100959778
TEST_35556,0.019329089671373367,0.9843340516090393
TEST_35557,0.004742135759443045,0.9174727201461792
TEST_35558,0.011151835322380066,0.9700826406478882
TEST_35559,0.1126636266708374,0.7161479592323303
TEST_35560,0.0033773554023355246,0.9325721859931946
TEST_35561,0.009610183537006378,0.9852801561355591
TEST_35562,0.0017712959088385105,0.9764581918716431
TEST_35563,0.0013477845350280404,0.9957411289215088
TEST_35564,0.026019874960184097,0.9637323617935181
TEST_35565,0.0007233783253468573,0.9941372871398926
TEST_35566,0.002527955686673522,0.9964894652366638
TEST_35567,0.0030009839683771133,0.9997619986534119
TEST_35568,0.3153785765171051,0.9630466103553772
TEST_35569,0.019642163068056107,0.8993301391601562
TEST_35570,0.02284613437950611,0.9722345471382141
TEST_35571,0.008176896721124649,1.0
TEST_35572,0.0027754055336117744,0.9986794590950012
TEST_35573,0.016113651916384697,0.9790500998497009
TEST_35574,0.8881212472915649,0.9575096368789673
TEST_35575,0.3838726878166199,0.9364861249923706
TEST_35576,0.013586897403001785,0.9717844724655151
TEST_35577,0.0023561858106404543,0.9946815371513367
TEST_35578,0.007017976604402065,0.9988265633583069
TEST_35579,0.005811176262795925,0.9935944676399231
TEST_35580,0.008631229400634766,0.9994126558303833
TEST_35581,0.0014161147410050035,0.9948828220367432
TEST_35582,0.0006083776825107634,0.9979362487792969
TEST_35583,0.01774534024298191,0.998714804649353
TEST_35584,0.011524352245032787,0.9994534850120544
TEST_35585,0.010207055136561394,0.9996694326400757
TEST_35586,0.011747672222554684,0.9993694424629211
TEST_35587,0.002523239469155669,0.9942501783370972
TEST_35588,0.09142258018255234,0.9214000105857849
TEST_35589,0.03670497238636017,0.9905087947845459
TEST_35590,0.9765755534172058,0.9230351448059082
TEST_35591,0.015101233497262001,0.9635732769966125
TEST_35592,0.014437026344239712,0.9962348341941833
TEST_35593,0.0057843527756631374,0.9957667589187622
TEST_35594,0.09149398654699326,0.9137888550758362
TEST_35595,0.0033713963348418474,0.995789110660553
TEST_35596,0.028511498123407364,0.9978074431419373
TEST_35597,0.03297773748636246,0.9544500708580017
TEST_35598,0.007453993894159794,0.9984149932861328
TEST_35599,0.0044683353044092655,0.9998608827590942
TEST_35600,0.03575829416513443,0.9728497266769409
TEST_35601,0.011458923108875751,0.9220825433731079
TEST_35602,0.023165039718151093,0.8164405822753906
TEST_35603,0.007677544839680195,0.988074004650116
TEST_35604,0.0008605718030594289,0.9973660111427307
TEST_35605,0.02383185550570488,0.995785653591156
TEST_35606,0.03658280894160271,0.9574699997901917
TEST_35607,0.00017478283552918583,0.997272789478302
TEST_35608,0.028355799615383148,0.9978370070457458
TEST_35609,0.03007148951292038,0.9925230145454407
TEST_35610,0.00999454315751791,0.998416543006897
TEST_35611,0.004624894820153713,0.9831773638725281
TEST_35612,0.0275300033390522,0.9968542456626892
TEST_35613,0.1546362042427063,0.998302698135376
TEST_35614,0.00953755434602499,0.904089093208313
TEST_35615,0.03663483262062073,0.9524544477462769
TEST_35616,0.04965970665216446,0.9282633066177368
TEST_35617,0.00835452601313591,0.9948659539222717
TEST_35618,0.6728067994117737,0.6318824291229248
TEST_35619,0.000255757593549788,0.990343451499939
TEST_35620,0.38953354954719543,0.29557743668556213
TEST_35621,0.00799193698912859,0.9895557761192322
TEST_35622,0.8519582748413086,0.9710184335708618
TEST_35623,0.0018272593151777983,0.9992344379425049
TEST_35624,0.03364866226911545,0.9901410937309265
TEST_35625,0.006988047622144222,0.9405185580253601
TEST_35626,0.02026527374982834,0.9921283721923828
TEST_35627,0.0004087302659172565,0.9988235831260681
TEST_35628,0.00029578193789348006,0.9999884366989136
TEST_35629,0.011692154221236706,0.9957756400108337
TEST_35630,0.015159868635237217,0.995345413684845
TEST_35631,0.01067003421485424,0.8674209117889404
TEST_35632,0.027774125337600708,0.940431535243988
TEST_35633,0.022100336849689484,0.9553718566894531
TEST_35634,5.098268957226537e-06,0.9993506073951721
TEST_35635,0.039248060435056686,0.9658800959587097
TEST_35636,0.3030947744846344,0.7584553956985474
TEST_35637,0.05116325616836548,0.9600830078125
TEST_35638,0.016226939857006073,0.9943646192550659
TEST_35639,0.0005628343787975609,0.9981414079666138
TEST_35640,0.042662233114242554,0.6970884799957275
TEST_35641,0.09294277429580688,0.8841472864151001
TEST_35642,0.11124242842197418,0.8924920558929443
TEST_35643,0.01741919480264187,0.9314184784889221
TEST_35644,0.009331847541034222,0.9891242980957031
TEST_35645,0.010453462600708008,0.9957991242408752
TEST_35646,0.0011030775494873524,0.9983824491500854
TEST_35647,0.12083756923675537,0.9393428564071655
TEST_35648,0.03838375583291054,0.9760347604751587
TEST_35649,0.0053785694763064384,0.9863237142562866
TEST_35650,0.02546515315771103,0.8135961890220642
TEST_35651,0.06545530259609222,0.9698467254638672
TEST_35652,0.025979802012443542,0.9907572865486145
TEST_35653,0.004349762573838234,0.9969934225082397
TEST_35654,0.0008749194093979895,0.9992977380752563
TEST_35655,0.4562985897064209,0.917500376701355
TEST_35656,0.00899573601782322,0.9423590302467346
TEST_35657,0.0070004770532250404,0.9749884009361267
TEST_35658,0.0020326075609773397,0.9460794925689697
TEST_35659,0.004700586665421724,0.9982330799102783
TEST_35660,0.0009539442253299057,0.9729295372962952
TEST_35661,0.00092226144624874,0.9942102432250977
TEST_35662,0.16022419929504395,0.8624053001403809
TEST_35663,0.0010755090042948723,0.9919131994247437
TEST_35664,0.09777086228132248,0.991570234298706
TEST_35665,0.012037561275064945,0.9613044261932373
TEST_35666,0.07849773019552231,0.8881282806396484
TEST_35667,0.032356467097997665,0.9128180742263794
TEST_35668,0.9771876931190491,0.8613266944885254
TEST_35669,0.00014881562674418092,0.9998879432678223
TEST_35670,0.044396206736564636,0.8001868724822998
TEST_35671,0.005464024376124144,0.999750554561615
TEST_35672,0.7004011273384094,0.5185942053794861
TEST_35673,0.004456773400306702,0.9894886612892151
TEST_35674,0.0166466161608696,0.9891178011894226
TEST_35675,0.004118422046303749,0.9992990493774414
TEST_35676,0.04523571580648422,0.807012677192688
TEST_35677,0.9998592138290405,0.001306160120293498
TEST_35678,0.011524835601449013,0.9910086989402771
TEST_35679,0.030075354501605034,0.9350414276123047
TEST_35680,0.010500217787921429,0.9998001456260681
TEST_35681,0.0023155875969678164,0.990951657295227
TEST_35682,0.018244624137878418,0.9739665985107422
TEST_35683,0.275298148393631,0.49371424317359924
TEST_35684,0.014730524271726608,0.9476032853126526
TEST_35685,0.032878242433071136,0.958358645439148
TEST_35686,0.9574344754219055,0.0994095578789711
TEST_35687,0.003992545884102583,0.966471254825592
TEST_35688,0.0028888569213449955,0.9868310689926147
TEST_35689,0.06697036325931549,0.976382315158844
TEST_35690,0.013320865109562874,0.8398943543434143
TEST_35691,0.9990034699440002,0.40905192494392395
TEST_35692,0.009276085533201694,0.9871556758880615
TEST_35693,0.9989904761314392,0.09742362052202225
TEST_35694,0.007395403925329447,0.9955636262893677
TEST_35695,0.0006516659632325172,0.992961585521698
TEST_35696,0.005036371294409037,0.9866561889648438
TEST_35697,0.0026953942142426968,0.9760575890541077
TEST_35698,0.041572969406843185,0.9057483077049255
TEST_35699,0.005892844870686531,0.9278742074966431
TEST_35700,0.014194014482200146,0.9904114603996277
TEST_35701,0.0027803140692412853,0.9983256459236145
TEST_35702,0.42760467529296875,0.9731318950653076
TEST_35703,0.004063879605382681,0.9938628673553467
TEST_35704,0.9960214495658875,0.0004281923174858093
TEST_35705,0.08168292045593262,0.8453146815299988
TEST_35706,0.11298885196447372,0.9545914530754089
TEST_35707,0.0067884912714362144,0.9978262782096863
TEST_35708,0.05873380973935127,0.9963755011558533
TEST_35709,1.1654682566586416e-05,0.9999452829360962
TEST_35710,0.04325280711054802,0.9652418494224548
TEST_35711,0.00119777861982584,0.9969931840896606
TEST_35712,0.9034613370895386,0.6970702409744263
TEST_35713,0.015786828473210335,0.9851635098457336
TEST_35714,0.13881227374076843,0.9902220964431763
TEST_35715,0.027486857026815414,0.9499295949935913
TEST_35716,0.0022357713896781206,0.9990346431732178
TEST_35717,0.4163355231285095,0.9914946556091309
TEST_35718,0.08814133703708649,0.9802313446998596
TEST_35719,0.01658196933567524,0.9794937968254089
TEST_35720,0.004408715292811394,0.9996802806854248
TEST_35721,0.037000399082899094,0.960749089717865
TEST_35722,0.9922791719436646,0.02648160792887211
TEST_35723,0.013780911453068256,0.9293991327285767
TEST_35724,0.03358650207519531,0.9491863250732422
TEST_35725,0.1926819533109665,0.867892324924469
TEST_35726,0.012780256569385529,0.998239278793335
TEST_35727,0.0012356155784800649,0.9995274543762207
TEST_35728,0.06616558879613876,0.9698456525802612
TEST_35729,0.006248071324080229,0.9953762292861938
TEST_35730,0.032276250422000885,0.9843571782112122
TEST_35731,0.9923673272132874,0.0008656790014356375
TEST_35732,0.11240075528621674,0.9767006039619446
TEST_35733,0.021533139050006866,0.9966013431549072
TEST_35734,0.05864463746547699,0.8789926171302795
TEST_35735,0.008314433507621288,0.8956040143966675
TEST_35736,0.001126929186284542,0.9997958540916443
TEST_35737,0.0006626364192925394,0.9991139769554138
TEST_35738,0.0038675956893712282,0.9976171851158142
TEST_35739,0.16321156919002533,0.5453208684921265
TEST_35740,0.14847609400749207,0.5749731659889221
TEST_35741,0.0630650445818901,0.8588436841964722
TEST_35742,0.9063898324966431,0.8885396718978882
TEST_35743,0.002087318804115057,0.999019980430603
TEST_35744,0.016918973997235298,0.9973130822181702
TEST_35745,0.021068008616566658,0.9977776408195496
TEST_35746,0.09501854330301285,0.7886855006217957
TEST_35747,0.002220569644123316,0.9992914199829102
TEST_35748,0.0110456682741642,0.9975529313087463
TEST_35749,0.009218166582286358,0.9256842136383057
TEST_35750,0.01435168832540512,0.32833096385002136
TEST_35751,0.0026111071929335594,0.9997970461845398
TEST_35752,0.06630243360996246,0.8797798156738281
TEST_35753,0.04971558600664139,0.761252224445343
TEST_35754,0.002026353031396866,0.9933585524559021
TEST_35755,0.02494223602116108,0.9989080429077148
TEST_35756,0.006310679949820042,0.9670020937919617
TEST_35757,0.005810622591525316,0.9922804832458496
TEST_35758,0.0674806609749794,0.8344411849975586
TEST_35759,0.04942627623677254,0.8870097398757935
TEST_35760,0.9994580149650574,3.54971984961594e-06
TEST_35761,0.003992807120084763,0.9925904273986816
TEST_35762,0.9989235997200012,0.02488892339169979
TEST_35763,0.000710387947037816,0.9992191791534424
TEST_35764,0.8706057071685791,0.8900501728057861
TEST_35765,0.6435885429382324,0.6205894351005554
TEST_35766,0.0006414989475160837,0.9981396198272705
TEST_35767,0.0008241796749643981,0.9803834557533264
TEST_35768,0.006970677059143782,0.9986355900764465
TEST_35769,0.9936647415161133,0.9066218137741089
TEST_35770,0.00347263365983963,0.9996452331542969
TEST_35771,0.0016750100767239928,0.9998922348022461
TEST_35772,0.015520651824772358,0.9873424768447876
TEST_35773,0.09160235524177551,0.8569077849388123
TEST_35774,0.04340864345431328,0.9776036739349365
TEST_35775,0.009018399752676487,0.9808314442634583
TEST_35776,0.0005828461144119501,0.999398946762085
TEST_35777,0.03607446700334549,0.8797986507415771
TEST_35778,0.0004160206881351769,0.9996095299720764
TEST_35779,0.002362543949857354,0.9999939203262329
TEST_35780,0.9649370908737183,0.840396523475647
TEST_35781,0.00912714283913374,0.8784834742546082
TEST_35782,0.00033719558268785477,0.9999791383743286
TEST_35783,0.003686018753796816,0.9996716976165771
TEST_35784,0.7842075228691101,0.9191185832023621
TEST_35785,0.9977161884307861,0.1979062557220459
TEST_35786,0.0005343324155546725,0.9997789263725281
TEST_35787,0.004687329288572073,0.9563803672790527
TEST_35788,0.030725132673978806,0.9968210458755493
TEST_35789,0.005057032220065594,0.9989544153213501
TEST_35790,0.0010788681684061885,0.9992222785949707
TEST_35791,0.02518956921994686,0.7848432660102844
TEST_35792,0.0036215046420693398,0.9980734586715698
TEST_35793,0.9898453950881958,5.78738035983406e-05
TEST_35794,0.023148341104388237,0.9839682579040527
TEST_35795,0.0013750252546742558,0.9967585206031799
TEST_35796,0.30344104766845703,0.9528577327728271
TEST_35797,0.005970216356217861,0.964250385761261
TEST_35798,0.005151581019163132,0.9863166213035583
TEST_35799,0.12382349371910095,0.9707294702529907
TEST_35800,0.0076348730362951756,0.9846514463424683
TEST_35801,0.0008194162510335445,0.9940018057823181
TEST_35802,0.019758105278015137,0.9994577765464783
TEST_35803,0.025123102590441704,0.9737453460693359
TEST_35804,0.41628026962280273,0.7102394104003906
TEST_35805,0.007087030913680792,0.9965476393699646
TEST_35806,0.9683499932289124,0.2578425705432892
TEST_35807,0.03608754277229309,0.976901113986969
TEST_35808,0.0004994462360627949,0.9996284246444702
TEST_35809,0.008153772912919521,0.9978299736976624
TEST_35810,0.02385306917130947,0.9724775552749634
TEST_35811,0.0018728310242295265,0.9999829530715942
TEST_35812,0.03994155675172806,0.969870388507843
TEST_35813,0.10473325848579407,0.9789784550666809
TEST_35814,0.040096625685691833,0.9756499528884888
TEST_35815,0.002118096686899662,0.9987540245056152
TEST_35816,0.3823591470718384,0.9273375272750854
TEST_35817,0.001674665603786707,0.9987963438034058
TEST_35818,0.03990396112203598,0.9906386137008667
TEST_35819,0.05726395174860954,0.8358924388885498
TEST_35820,0.03240027278661728,0.8897858262062073
TEST_35821,0.04988717660307884,0.8913496136665344
TEST_35822,0.0057127042673528194,0.9957211017608643
TEST_35823,0.09330102801322937,0.6079745292663574
TEST_35824,0.028721235692501068,0.9447886943817139
TEST_35825,0.001755911041982472,0.9985702037811279
TEST_35826,0.015453670173883438,0.9931411147117615
TEST_35827,0.9978100657463074,0.00017982350254897028
TEST_35828,0.06367140263319016,0.8354703783988953
TEST_35829,0.1406821310520172,0.9576243162155151
TEST_35830,0.003617463866248727,0.9824442267417908
TEST_35831,0.058004219084978104,0.9988935589790344
TEST_35832,0.007690594531595707,0.9960699081420898
TEST_35833,0.013916363008320332,0.8272601962089539
TEST_35834,0.010423141531646252,0.9682802557945251
TEST_35835,0.0020860149525105953,0.9945558309555054
TEST_35836,0.031183458864688873,0.9129037857055664
TEST_35837,0.0034531904384493828,0.9898732900619507
TEST_35838,0.002672559814527631,0.993335485458374
TEST_35839,0.0011932884808629751,0.9897282719612122
TEST_35840,0.047970108687877655,0.9407844543457031
TEST_35841,0.10946238785982132,0.9353085160255432
TEST_35842,0.02684541419148445,0.9139145016670227
TEST_35843,0.1482200026512146,0.6587914228439331
TEST_35844,0.03973239287734032,0.9772475361824036
TEST_35845,0.021175336092710495,0.9980565905570984
TEST_35846,0.033709410578012466,0.9340617656707764
TEST_35847,0.0024414989165961742,0.8394891023635864
TEST_35848,0.005872830282896757,0.984034538269043
TEST_35849,0.013198908418416977,0.8368080258369446
TEST_35850,0.017986297607421875,0.9841545820236206
TEST_35851,0.0054182070307433605,0.9991994500160217
TEST_35852,0.02724488079547882,0.9872205853462219
TEST_35853,0.005224170628935099,0.9968944787979126
TEST_35854,0.13634517788887024,0.9976574182510376
TEST_35855,0.13320015370845795,0.9684426784515381
TEST_35856,0.010395948775112629,0.9976334571838379
TEST_35857,0.033079780638217926,0.8213169574737549
TEST_35858,0.004540731199085712,0.9931135773658752
TEST_35859,0.003843637416139245,0.9870570302009583
TEST_35860,0.003213555086404085,0.996369481086731
TEST_35861,0.015835072845220566,0.8186026811599731
TEST_35862,0.08566254377365112,0.8619333505630493
TEST_35863,0.01922747492790222,0.9962218999862671
TEST_35864,0.11114715039730072,0.9993253946304321
TEST_35865,0.05177196487784386,0.9874902367591858
TEST_35866,0.0006368188187479973,0.9723814129829407
TEST_35867,0.00038490124279633164,0.9973424077033997
TEST_35868,0.03590976446866989,0.9981125593185425
TEST_35869,0.0934840738773346,0.8863607048988342
TEST_35870,0.04619643837213516,0.9080203771591187
TEST_35871,0.04515592008829117,0.8513920307159424
TEST_35872,0.029947971925139427,0.8027007579803467
TEST_35873,0.019805116578936577,0.9553758502006531
TEST_35874,0.13122443854808807,0.8744848370552063
TEST_35875,0.04905061051249504,0.9964471459388733
TEST_35876,0.023241611197590828,0.9186080098152161
TEST_35877,0.018155932426452637,0.9462278485298157
TEST_35878,0.038061514496803284,0.8530101776123047
TEST_35879,0.027558209374547005,0.9929776787757874
TEST_35880,0.02736644260585308,0.9743692278862
TEST_35881,0.0021706095430999994,0.9464912414550781
TEST_35882,0.05194336920976639,0.9767994284629822
TEST_35883,0.005115871783345938,0.9977033734321594
TEST_35884,0.05269516259431839,0.9552656412124634
TEST_35885,0.0006873816601000726,0.9999053478240967
TEST_35886,0.026672324165701866,0.9743189215660095
TEST_35887,0.0019248147727921605,0.9946176409721375
TEST_35888,0.0026685642078518867,0.9939742684364319
TEST_35889,0.0016890839906409383,0.9953285455703735
TEST_35890,0.3719196021556854,0.9975041747093201
TEST_35891,0.046901676803827286,0.8618707060813904
TEST_35892,0.11250722408294678,0.8529175519943237
TEST_35893,0.0010764996986836195,0.9997251629829407
TEST_35894,0.029302315786480904,0.9982932209968567
TEST_35895,0.0009298805380240083,0.9990448355674744
TEST_35896,0.014695677906274796,0.9198701977729797
TEST_35897,0.015165102668106556,0.9614033699035645
TEST_35898,0.009266258217394352,0.9950954914093018
TEST_35899,0.0016181899700313807,0.9967725872993469
TEST_35900,0.010455254465341568,0.9322888255119324
TEST_35901,0.9144911170005798,0.9878084659576416
TEST_35902,0.02740664593875408,0.954444408416748
TEST_35903,0.0006517615402117372,0.99747234582901
TEST_35904,0.05913976952433586,0.9598580002784729
TEST_35905,0.00046450854279100895,0.9997664093971252
TEST_35906,0.027862047776579857,0.9938825368881226
TEST_35907,0.018990669399499893,0.9593834280967712
TEST_35908,0.004136430099606514,0.8727040886878967
TEST_35909,0.0003451668017078191,0.9999477863311768
TEST_35910,0.020407944917678833,0.6280509829521179
TEST_35911,0.015280209481716156,0.9989615678787231
TEST_35912,0.553829550743103,0.0240496639162302
TEST_35913,0.0012910111108794808,0.9936614036560059
TEST_35914,0.013104158453643322,0.9900914430618286
TEST_35915,0.0123966746032238,0.9552578330039978
TEST_35916,0.05334338918328285,0.8556262254714966
TEST_35917,0.026165081188082695,0.9215490221977234
TEST_35918,0.01570509374141693,0.9938133955001831
TEST_35919,0.006005821283906698,0.9982905983924866
TEST_35920,0.017000563442707062,0.9972397089004517
TEST_35921,0.0728161558508873,0.9952936768531799
TEST_35922,0.09074746817350388,0.8709858059883118
TEST_35923,0.02343636378645897,0.9963704347610474
TEST_35924,0.02585705555975437,0.9987995624542236
TEST_35925,0.020795991644263268,0.9893418550491333
TEST_35926,0.032885510474443436,0.8925674557685852
TEST_35927,0.0900115817785263,0.9908017516136169
TEST_35928,0.003839694196358323,0.9885448813438416
TEST_35929,0.0009889411740005016,0.9954848289489746
TEST_35930,0.010205580852925777,0.9952837824821472
TEST_35931,0.021514011546969414,0.9904566407203674
TEST_35932,0.2991417944431305,0.876437783241272
TEST_35933,0.012832053005695343,0.9437934756278992
TEST_35934,0.04882563278079033,0.9902201890945435
TEST_35935,0.022574791684746742,0.9420372247695923
TEST_35936,0.3525371253490448,0.917489767074585
TEST_35937,0.001524660037830472,0.9995042085647583
TEST_35938,0.07323621213436127,0.48414042592048645
TEST_35939,0.005484970286488533,0.9882591962814331
TEST_35940,0.002594903577119112,0.9973835349082947
TEST_35941,0.03209532052278519,0.9441190361976624
TEST_35942,0.00995977409183979,0.9849372506141663
TEST_35943,0.0024262976367026567,0.9994198083877563
TEST_35944,0.004006130155175924,0.982119619846344
TEST_35945,0.033817462623119354,0.8931267261505127
TEST_35946,0.1435026228427887,0.8502772450447083
TEST_35947,0.011379714123904705,0.9675837755203247
TEST_35948,0.05641984939575195,0.9322968125343323
TEST_35949,0.03550788015127182,0.8639782071113586
TEST_35950,0.15510421991348267,0.7421686053276062
TEST_35951,0.01668579876422882,0.5661816596984863
TEST_35952,0.16783267259597778,0.9091169834136963
TEST_35953,0.07667644321918488,0.8932228684425354
TEST_35954,0.0007911801221780479,0.9999849796295166
TEST_35955,0.0027444541919976473,0.9957263469696045
TEST_35956,0.009541433304548264,0.9650062322616577
TEST_35957,0.03701820969581604,0.9977927207946777
TEST_35958,0.01296261791139841,0.995790421962738
TEST_35959,0.04707477241754532,0.9378796219825745
TEST_35960,0.01802893541753292,0.9054291248321533
TEST_35961,0.027517998591065407,0.8928011655807495
TEST_35962,0.0031295951921492815,0.9961000680923462
TEST_35963,0.0010277628898620605,0.999675989151001
TEST_35964,0.0028555509634315968,0.9990227222442627
TEST_35965,0.0076141878962516785,0.98667973279953
TEST_35966,0.017648745328187943,0.9517160654067993
TEST_35967,0.03212199732661247,0.9506511092185974
TEST_35968,0.008310043253004551,0.9994908571243286
TEST_35969,0.005019656382501125,0.9921543002128601
TEST_35970,0.031046587973833084,0.9970722198486328
TEST_35971,0.0016185203567147255,0.9969000816345215
TEST_35972,0.004937170073390007,0.9967304468154907
TEST_35973,0.9996603727340698,0.7438263893127441
TEST_35974,0.006768214516341686,0.9998449087142944
TEST_35975,0.005864451173692942,0.9957815408706665
TEST_35976,0.03706314414739609,0.9878475666046143
TEST_35977,0.024036431685090065,0.9974863529205322
TEST_35978,0.016190823167562485,0.9811944365501404
TEST_35979,0.03548169508576393,0.9029388427734375
TEST_35980,0.12207873165607452,0.9431382417678833
TEST_35981,0.007031274028122425,0.9780304431915283
TEST_35982,0.04930826649069786,0.9430203437805176
TEST_35983,0.010820316150784492,0.9984186887741089
TEST_35984,0.07615301758050919,0.9996010661125183
TEST_35985,0.01340488251298666,0.9991326928138733
TEST_35986,0.008508313447237015,0.9633006453514099
TEST_35987,0.007020090706646442,0.9946557283401489
TEST_35988,0.00024764289264567196,0.9999512434005737
TEST_35989,0.03605469688773155,0.9815821647644043
TEST_35990,0.026783641427755356,0.9891515970230103
TEST_35991,0.06228410080075264,0.9377529621124268
TEST_35992,0.0666767805814743,0.9686542749404907
TEST_35993,0.004615336656570435,0.9754083156585693
TEST_35994,0.002244478790089488,0.986523449420929
TEST_35995,0.8478593826293945,0.7997405529022217
TEST_35996,0.001613922300748527,0.9997184872627258
TEST_35997,0.09454597532749176,0.8207975029945374
TEST_35998,0.01966194435954094,0.9575642943382263
TEST_35999,0.011819873936474323,0.9948970675468445
TEST_36000,0.027462156489491463,0.9074004888534546
TEST_36001,0.041506242007017136,0.9698217511177063
TEST_36002,0.9942135214805603,3.808904511970468e-05
TEST_36003,0.08179766684770584,0.8728815317153931
TEST_36004,0.007303250953555107,0.986596405506134
TEST_36005,0.0002516527893021703,0.9999277591705322
TEST_36006,0.12492327392101288,0.8510978817939758
TEST_36007,0.010171511210501194,0.9990021586418152
TEST_36008,0.0015487633645534515,0.9957388639450073
TEST_36009,0.9137189388275146,0.9587569236755371
TEST_36010,0.02727033942937851,0.9766124486923218
TEST_36011,0.024370141327381134,0.9930180311203003
TEST_36012,0.9832388162612915,0.2091292142868042
TEST_36013,0.19068209826946259,0.9148625731468201
TEST_36014,0.01982150413095951,0.9949333071708679
TEST_36015,0.0032522627152502537,0.9750006198883057
TEST_36016,0.0037902293261140585,0.9989171028137207
TEST_36017,0.0023244847543537617,0.9931895732879639
TEST_36018,0.03135279566049576,0.918689489364624
TEST_36019,0.011897389777004719,0.99326092004776
TEST_36020,0.026035655289888382,0.9978194236755371
TEST_36021,0.042307257652282715,0.9305514693260193
TEST_36022,0.029936108738183975,0.8621063828468323
TEST_36023,0.0015575493453070521,0.9999500513076782
TEST_36024,0.06669458746910095,0.8615409731864929
TEST_36025,0.021035440266132355,0.8892250657081604
TEST_36026,0.013702095486223698,0.9716842174530029
TEST_36027,0.0014134207740426064,0.9971104860305786
TEST_36028,0.0008473129710182548,0.9986169338226318
TEST_36029,0.007703596726059914,0.9887375831604004
TEST_36030,0.11053644120693207,0.8800045251846313
TEST_36031,0.01217728666961193,0.9985246062278748
TEST_36032,0.02655481919646263,0.9494374990463257
TEST_36033,0.020683620125055313,0.8903011679649353
TEST_36034,0.0409887358546257,0.5125343203544617
TEST_36035,0.02167125977575779,0.9966463446617126
TEST_36036,0.017851069569587708,0.9805793166160583
TEST_36037,0.001883524702861905,0.9999505281448364
TEST_36038,0.009053775109350681,0.9900513291358948
TEST_36039,0.28301897644996643,0.7996934056282043
TEST_36040,0.04353298619389534,0.9105949401855469
TEST_36041,0.1308487206697464,0.9324156641960144
TEST_36042,0.009480740875005722,0.9979097247123718
TEST_36043,0.015525453723967075,0.9905815124511719
TEST_36044,0.001093172118999064,0.991054356098175
TEST_36045,0.010447210632264614,0.9976481795310974
TEST_36046,0.05761564150452614,0.8635864853858948
TEST_36047,0.007646345533430576,0.9740327596664429
TEST_36048,0.03305738791823387,0.9886360168457031
TEST_36049,0.0021025012247264385,0.9574718475341797
TEST_36050,0.34654301404953003,0.8798937797546387
TEST_36051,0.01365292351692915,0.9903408885002136
TEST_36052,0.04374917224049568,0.9432209134101868
TEST_36053,0.00787618849426508,0.9989277720451355
TEST_36054,0.0004497701011132449,0.9998975992202759
TEST_36055,0.08066105842590332,0.6758126020431519
TEST_36056,0.005958839785307646,0.9963343143463135
TEST_36057,0.014994246885180473,0.9962903261184692
TEST_36058,0.12672965228557587,0.6560867428779602
TEST_36059,0.0010529501596465707,0.9966024160385132
TEST_36060,0.02320239692926407,0.9919084906578064
TEST_36061,0.013629955239593983,0.9971412420272827
TEST_36062,0.2795833349227905,0.8669856190681458
TEST_36063,0.0027013069484382868,0.987633466720581
TEST_36064,0.14057594537734985,0.9790600538253784
TEST_36065,0.001969238743185997,0.9992154836654663
TEST_36066,0.05010799318552017,0.8926655054092407
TEST_36067,0.00039018329698592424,0.9999353885650635
TEST_36068,0.9495962858200073,0.012165584601461887
TEST_36069,0.005060396622866392,0.9960876703262329
TEST_36070,0.0013524352107197046,0.9990399479866028
TEST_36071,0.0015845809830352664,0.9219182729721069
TEST_36072,0.0029370442498475313,0.9994872808456421
TEST_36073,0.023088017478585243,0.9514716863632202
TEST_36074,0.0048978026024997234,0.9718915820121765
TEST_36075,0.028469756245613098,0.8884598016738892
TEST_36076,0.014757094904780388,0.9955968260765076
TEST_36077,0.009589255787432194,0.996947705745697
TEST_36078,0.023236863315105438,0.9865396618843079
TEST_36079,0.06674274802207947,0.950573205947876
TEST_36080,0.0035516805946826935,0.9623766541481018
TEST_36081,0.6164779663085938,0.9794243574142456
TEST_36082,0.9917036294937134,0.024307018145918846
TEST_36083,0.01290050521492958,0.8218284845352173
TEST_36084,0.9862096905708313,0.9819260239601135
TEST_36085,0.0015831958735361695,0.9900570511817932
TEST_36086,0.10338981449604034,0.8435639142990112
TEST_36087,0.012734165415167809,0.9503427743911743
TEST_36088,0.010187813080847263,0.986078679561615
TEST_36089,0.003967250697314739,0.9079263806343079
TEST_36090,4.568472286337055e-05,0.9998075366020203
TEST_36091,0.0031229627784341574,0.9968523383140564
TEST_36092,0.9957977533340454,0.4808728098869324
TEST_36093,0.003733677789568901,0.9935338497161865
TEST_36094,0.0686260238289833,0.8951988220214844
TEST_36095,0.031580280512571335,0.9938550591468811
TEST_36096,0.0017567587783560157,0.9870282411575317
TEST_36097,0.0378238707780838,0.9603114724159241
TEST_36098,0.9191200137138367,0.0023221424780786037
TEST_36099,0.008584937080740929,0.9885373115539551
TEST_36100,0.0001782723265932873,0.9994974136352539
TEST_36101,0.0004128065484110266,0.9995095729827881
TEST_36102,0.019193105399608612,0.9931278228759766
TEST_36103,0.01220414787530899,0.9894272685050964
TEST_36104,0.9996212720870972,0.00040060325409285724
TEST_36105,0.2538190484046936,0.8489382266998291
TEST_36106,0.017924629151821136,0.9793211221694946
TEST_36107,0.004437881987541914,0.9776445627212524
TEST_36108,0.3471599221229553,0.9495691657066345
TEST_36109,0.008660386316478252,0.9854045510292053
TEST_36110,0.004879981745034456,0.9167772531509399
TEST_36111,0.0698782205581665,0.9996331930160522
TEST_36112,0.002831577556207776,0.9943572878837585
TEST_36113,0.008196592330932617,0.999478280544281
TEST_36114,0.8550836443901062,0.8628939390182495
TEST_36115,0.008367057889699936,0.9991390705108643
TEST_36116,0.015538746491074562,0.582734227180481
TEST_36117,0.13753072917461395,0.9013181924819946
TEST_36118,0.03900472819805145,0.8968271613121033
TEST_36119,0.006076042074710131,0.995963454246521
TEST_36120,0.0008584960014559329,0.9997221827507019
TEST_36121,0.258317232131958,0.9930909872055054
TEST_36122,0.7952103018760681,0.2472521811723709
TEST_36123,0.0024208929389715195,0.9992363452911377
TEST_36124,0.5849210619926453,0.9702870845794678
TEST_36125,0.017197465524077415,0.9990208148956299
TEST_36126,0.011198119260370731,0.9575856328010559
TEST_36127,0.0013059194898232818,0.9972689747810364
TEST_36128,0.0037788962945342064,0.9981088638305664
TEST_36129,0.0018676379695534706,0.9992018342018127
TEST_36130,0.9815281629562378,0.8787338137626648
TEST_36131,0.3509935736656189,0.3535968065261841
TEST_36132,0.03827815502882004,0.8769010305404663
TEST_36133,0.138547882437706,0.9902982115745544
TEST_36134,0.01496861968189478,0.997847318649292
TEST_36135,0.0069723776541650295,0.9083436131477356
TEST_36136,0.001704998197965324,0.9894706010818481
TEST_36137,0.0119358841329813,0.9785422086715698
TEST_36138,0.002442913595587015,0.9967257976531982
TEST_36139,0.0007301981095224619,0.9979211688041687
TEST_36140,0.2566484212875366,0.8204714059829712
TEST_36141,0.003230087459087372,0.9982168078422546
TEST_36142,0.9943941831588745,0.042704056948423386
TEST_36143,4.775279649038566e-06,0.9991613626480103
TEST_36144,0.027241984382271767,0.9725812673568726
TEST_36145,0.004046364687383175,0.9378705024719238
TEST_36146,0.0166484285145998,0.6624476313591003
TEST_36147,0.007806794252246618,0.9887920022010803
TEST_36148,0.11094129830598831,0.6960108280181885
TEST_36149,0.4911316931247711,0.8647259473800659
TEST_36150,0.002187661360949278,0.9696159362792969
TEST_36151,0.25978943705558777,0.9725434184074402
TEST_36152,0.02314840257167816,0.7583674788475037
TEST_36153,0.004033214878290892,0.9981694221496582
TEST_36154,0.04637804627418518,0.901404857635498
TEST_36155,0.12318982183933258,0.43137043714523315
TEST_36156,0.048934925347566605,0.9926174283027649
TEST_36157,0.0003326927253510803,0.9972214698791504
TEST_36158,0.01076250709593296,0.9956973791122437
TEST_36159,0.004457727074623108,0.9971789121627808
TEST_36160,0.01092529483139515,0.9958226680755615
TEST_36161,0.0066607738845050335,0.9953987002372742
TEST_36162,0.020044725388288498,0.9990436434745789
TEST_36163,0.0017692819237709045,0.9996005892753601
TEST_36164,0.02017069235444069,0.9426059722900391
TEST_36165,0.11396041512489319,0.9777179956436157
TEST_36166,0.013971204869449139,0.9980348944664001
TEST_36167,0.03372730687260628,0.9861747026443481
TEST_36168,0.007749509997665882,0.9363076686859131
TEST_36169,0.00855505745857954,0.9391545057296753
TEST_36170,0.0017126641469076276,0.9999390840530396
TEST_36171,0.00499770836904645,0.9914830327033997
TEST_36172,0.025061650201678276,0.9859480857849121
TEST_36173,0.011824090965092182,0.973025918006897
TEST_36174,0.06703631579875946,0.9352179765701294
TEST_36175,0.01530974730849266,0.9826180338859558
TEST_36176,0.001479566446505487,0.9974954128265381
TEST_36177,0.020086761564016342,0.8948723077774048
TEST_36178,0.14197129011154175,0.9645506143569946
TEST_36179,0.0013815410202369094,0.9995923638343811
TEST_36180,0.3623495399951935,0.9528445601463318
TEST_36181,0.023991255089640617,0.41438549757003784
TEST_36182,0.017025507986545563,0.9219875931739807
TEST_36183,0.0020432693418115377,0.9960564374923706
TEST_36184,0.0016306830802932382,0.9996206760406494
TEST_36185,0.013110104948282242,0.999416708946228
TEST_36186,0.08310054242610931,0.9353809952735901
TEST_36187,0.015086771920323372,0.9785133600234985
TEST_36188,0.028424298390746117,0.9937657117843628
TEST_36189,0.009044141508638859,0.8067504167556763
TEST_36190,0.35651835799217224,0.9601326584815979
TEST_36191,0.018335701897740364,0.9973094463348389
TEST_36192,0.6746886968612671,0.8989784717559814
TEST_36193,0.010198455303907394,0.9920674562454224
TEST_36194,0.026016343384981155,0.8393527269363403
TEST_36195,0.0017862549284473062,0.9970703125
TEST_36196,2.3822971343179233e-05,0.9997568726539612
TEST_36197,0.01162128895521164,0.9882213473320007
TEST_36198,0.00036517129046842456,0.9961395859718323
TEST_36199,0.006281756330281496,0.9998220801353455
TEST_36200,0.02601495198905468,0.952415406703949
TEST_36201,0.05493444204330444,0.8801982402801514
TEST_36202,0.024862021207809448,0.9845476746559143
TEST_36203,0.01704409532248974,0.9951634407043457
TEST_36204,0.0002323046646779403,0.9994230270385742
TEST_36205,0.9999687671661377,1.9652938135550357e-05
TEST_36206,0.0008214825065806508,0.9999207258224487
TEST_36207,0.9516960978507996,0.8669170141220093
TEST_36208,0.010223216377198696,0.9996962547302246
TEST_36209,0.9703468680381775,0.9721152186393738
TEST_36210,0.013853710144758224,0.9388693571090698
TEST_36211,0.015260396525263786,0.997147262096405
TEST_36212,4.340813120506937e-06,0.9999356269836426
TEST_36213,0.003071316983550787,0.9839898347854614
TEST_36214,0.0042613535188138485,0.9897078275680542
TEST_36215,0.32993432879447937,0.674140989780426
TEST_36216,0.02426767908036709,0.9580389261245728
TEST_36217,0.02166873589158058,0.9958264231681824
TEST_36218,0.0008328862604685128,0.9936512112617493
TEST_36219,0.39666831493377686,0.9120769500732422
TEST_36220,0.02575051411986351,0.995417594909668
TEST_36221,0.040953557938337326,0.9722788333892822
TEST_36222,0.02086634933948517,0.9134997725486755
TEST_36223,0.022151680663228035,0.996504545211792
TEST_36224,0.06512986868619919,0.9911331534385681
TEST_36225,0.0008626685594208539,0.9985698461532593
TEST_36226,0.10514720529317856,0.8409409523010254
TEST_36227,0.006519941613078117,0.9985393285751343
TEST_36228,0.11030761152505875,0.9972666501998901
TEST_36229,0.0026423349045217037,0.9993996620178223
TEST_36230,0.22387337684631348,0.9038386940956116
TEST_36231,0.011977163143455982,0.9997426867485046
TEST_36232,0.0011755784507840872,0.998645007610321
TEST_36233,0.935418963432312,0.8799415826797485
TEST_36234,0.02757079154253006,0.8459572196006775
TEST_36235,0.03466029465198517,0.9366699457168579
TEST_36236,0.0215139277279377,0.9850054979324341
TEST_36237,0.005007047671824694,0.9963945746421814
TEST_36238,0.031236698850989342,0.9841989278793335
TEST_36239,0.005560970865190029,0.9745237827301025
TEST_36240,0.03457382321357727,0.9985465407371521
TEST_36241,0.6977442502975464,0.4458388090133667
TEST_36242,0.00118867342825979,0.9988962411880493
TEST_36243,0.02903524599969387,0.900739312171936
TEST_36244,0.97774338722229,0.35510173439979553
TEST_36245,0.010798366740345955,0.9472644329071045
TEST_36246,0.01416960172355175,0.9888936877250671
TEST_36247,0.011178136803209782,0.9928990602493286
TEST_36248,0.0005544775631278753,0.9994634985923767
TEST_36249,0.9970738887786865,0.020598210394382477
TEST_36250,0.010261205025017262,0.9893256425857544
TEST_36251,0.0220456775277853,0.9996234178543091
TEST_36252,0.015712859109044075,0.9770901203155518
TEST_36253,0.12384515255689621,0.470181405544281
TEST_36254,0.014621887356042862,0.9426509141921997
TEST_36255,0.0657329261302948,0.9825775027275085
TEST_36256,0.012712793424725533,0.9916213750839233
TEST_36257,0.010271538980305195,0.7093043923377991
TEST_36258,0.039157114923000336,0.982515811920166
TEST_36259,0.002496308647096157,0.987234890460968
TEST_36260,0.002256619744002819,0.9795355200767517
TEST_36261,0.0017643067985773087,0.9995265007019043
TEST_36262,0.2683323621749878,0.9969576597213745
TEST_36263,0.04287521168589592,0.9935759902000427
TEST_36264,0.0017980291740968823,0.9995293617248535
TEST_36265,0.0029989019967615604,0.997947633266449
TEST_36266,0.028981806710362434,0.8765886425971985
TEST_36267,0.03358989208936691,0.9106000661849976
TEST_36268,0.0032169155310839415,0.9999673366546631
TEST_36269,0.042383138090372086,0.979205846786499
TEST_36270,0.08586281538009644,0.9964351654052734
TEST_36271,0.010293211787939072,0.9687914252281189
TEST_36272,0.16590474545955658,0.9900261163711548
TEST_36273,0.8942667841911316,0.3185966908931732
TEST_36274,0.00018351156904827803,0.9998101592063904
TEST_36275,0.02098546363413334,0.9356315732002258
TEST_36276,0.9359956383705139,0.9488785266876221
TEST_36277,0.00515162106603384,0.9983232617378235
TEST_36278,0.07427757233381271,0.36761221289634705
TEST_36279,0.05937965214252472,0.8353066444396973
TEST_36280,0.03139273822307587,0.9966652989387512
TEST_36281,0.0018108943477272987,0.9972952008247375
TEST_36282,0.003897489281371236,0.9979100823402405
TEST_36283,0.25971734523773193,0.6772958040237427
TEST_36284,0.035759538412094116,0.9591039419174194
TEST_36285,0.004605239722877741,0.9654276967048645
TEST_36286,0.007925686426460743,0.9901676177978516
TEST_36287,0.017629973590373993,0.979488730430603
TEST_36288,0.0009130791295319796,0.9979038238525391
TEST_36289,0.00031162583036348224,0.9981607794761658
TEST_36290,0.040027327835559845,0.6771546602249146
TEST_36291,0.03680134937167168,0.9409708380699158
TEST_36292,0.009406193159520626,0.9890559911727905
TEST_36293,0.007910625077784061,0.9958294034004211
TEST_36294,0.029870232567191124,0.9839329719543457
TEST_36295,0.015309883281588554,0.9907683730125427
TEST_36296,0.6802909970283508,0.3337080180644989
TEST_36297,8.925600559450686e-05,0.9999668598175049
TEST_36298,0.6799465417861938,0.839738130569458
TEST_36299,0.1533668041229248,0.9159185886383057
TEST_36300,0.0026957709342241287,0.9991112351417542
TEST_36301,2.3702481485088356e-05,0.9999586343765259
TEST_36302,0.07461433857679367,0.972415566444397
TEST_36303,0.006647687405347824,0.9985028505325317
TEST_36304,0.03142257407307625,0.8087853193283081
TEST_36305,0.03767910227179527,0.9599325656890869
TEST_36306,5.884901383979013e-07,0.9999531507492065
TEST_36307,0.008430198766291142,0.7556071877479553
TEST_36308,0.5680986642837524,0.6319145560264587
TEST_36309,0.0404617078602314,0.9751595258712769
TEST_36310,0.009314830414950848,0.9994663596153259
TEST_36311,0.023527927696704865,0.9190412759780884
TEST_36312,0.34879791736602783,0.940743088722229
TEST_36313,0.0010118449572473764,0.9935579895973206
TEST_36314,0.014925974421203136,0.992465615272522
TEST_36315,0.025667324662208557,0.9987115859985352
TEST_36316,0.007290271110832691,0.9967361092567444
TEST_36317,0.01363157108426094,0.8774433732032776
TEST_36318,0.04194130748510361,0.9703196883201599
TEST_36319,0.45102810859680176,0.9483345746994019
TEST_36320,0.009036003611981869,0.9079363942146301
TEST_36321,0.9717860817909241,0.7963261008262634
TEST_36322,0.046972986310720444,0.9034475684165955
TEST_36323,0.0009808177128434181,0.9997854828834534
TEST_36324,0.024080030620098114,0.9998904466629028
TEST_36325,0.016324056312441826,0.9963185787200928
TEST_36326,0.00072071747854352,0.9998313188552856
TEST_36327,0.022533411160111427,0.9985740184783936
TEST_36328,0.012838153168559074,0.9976893663406372
TEST_36329,0.05944746360182762,0.9992766976356506
TEST_36330,0.02819141559302807,0.6046154499053955
TEST_36331,0.12217340618371964,0.980492889881134
TEST_36332,0.003839279757812619,0.9998098015785217
TEST_36333,0.44551849365234375,0.44954439997673035
TEST_36334,0.012700272724032402,0.9985743761062622
TEST_36335,0.017909081652760506,0.9921882152557373
TEST_36336,0.047893863171339035,0.8991783857345581
TEST_36337,0.00553925521671772,0.9976168870925903
TEST_36338,0.4347795844078064,0.5402402877807617
TEST_36339,0.7941476702690125,0.28170934319496155
TEST_36340,0.14972804486751556,0.9771000146865845
TEST_36341,0.10254105180501938,0.990519642829895
TEST_36342,0.03490682318806648,0.995871365070343
TEST_36343,0.0019856365397572517,0.9927362203598022
TEST_36344,0.00354477996006608,0.9762524366378784
TEST_36345,0.0027205748483538628,0.9970402121543884
TEST_36346,0.02594122104346752,0.9976771473884583
TEST_36347,0.007985951378941536,0.9973710775375366
TEST_36348,0.04157111048698425,0.9692021012306213
TEST_36349,0.2734205424785614,0.4326311945915222
TEST_36350,0.05802830681204796,0.8793148994445801
TEST_36351,0.011911380104720592,0.9845262765884399
TEST_36352,0.0017101818230003119,0.9670854210853577
TEST_36353,0.03751863166689873,0.8784414529800415
TEST_36354,0.023069459944963455,0.9402446746826172
TEST_36355,0.004824279807507992,0.9968405961990356
TEST_36356,0.042655009776353836,0.7849743962287903
TEST_36357,0.008867552503943443,0.4876667857170105
TEST_36358,0.01057380624115467,0.9966867566108704
TEST_36359,0.03216233476996422,0.9959627985954285
TEST_36360,0.005595608148723841,0.9988406300544739
TEST_36361,0.0002713273570407182,0.9964470267295837
TEST_36362,0.001366898650303483,0.9998849630355835
TEST_36363,0.01957814395427704,0.8577138781547546
TEST_36364,0.013005717657506466,0.9964092373847961
TEST_36365,0.052536409348249435,0.9685925245285034
TEST_36366,0.1493614763021469,0.5468215346336365
TEST_36367,0.026176847517490387,0.9006536602973938
TEST_36368,0.015248270705342293,0.9989171028137207
TEST_36369,0.04229499027132988,0.9892765283584595
TEST_36370,0.022290406748652458,0.9966636300086975
TEST_36371,0.04507036879658699,0.9911516308784485
TEST_36372,0.043225646018981934,0.8893992304801941
TEST_36373,0.0053167096339166164,0.9948476552963257
TEST_36374,0.6799720525741577,0.9783843755722046
TEST_36375,0.005428052507340908,0.9993411898612976
TEST_36376,0.03033316880464554,0.9179065227508545
TEST_36377,0.007811071816831827,0.9710623025894165
TEST_36378,0.01495606079697609,0.9810534119606018
TEST_36379,0.008451267145574093,0.9482308626174927
TEST_36380,0.0009158998727798462,0.9922365546226501
TEST_36381,0.02170417085289955,0.9990112781524658
TEST_36382,0.01635053940117359,0.9449651837348938
TEST_36383,0.23864471912384033,0.9292609691619873
TEST_36384,0.0006553434068337083,0.9801299571990967
TEST_36385,0.017785821110010147,0.9724607467651367
TEST_36386,0.024504154920578003,0.9975269436836243
TEST_36387,0.0006289995508268476,0.9993447661399841
TEST_36388,0.00031946724629960954,0.9988318085670471
TEST_36389,0.013567667454481125,0.9654229283332825
TEST_36390,0.09862743318080902,0.758972704410553
TEST_36391,0.11720095574855804,0.9246324896812439
TEST_36392,0.8371632695198059,0.6114568114280701
TEST_36393,0.0045446730218827724,0.9952846169471741
TEST_36394,0.6826915740966797,0.011596481315791607
TEST_36395,0.005709557794034481,0.998995840549469
TEST_36396,0.01827453449368477,0.9705031514167786
TEST_36397,0.025071272626519203,0.9957389831542969
TEST_36398,0.007375478278845549,0.9974057078361511
TEST_36399,0.06847584247589111,0.8744091987609863
TEST_36400,0.9007213711738586,0.8205066919326782
TEST_36401,0.3573773503303528,0.7780169248580933
TEST_36402,0.03688228502869606,0.9978846907615662
TEST_36403,0.0751292034983635,0.9724538922309875
TEST_36404,0.999617338180542,0.07191561907529831
TEST_36405,0.3892269730567932,0.8272085785865784
TEST_36406,0.99808669090271,0.7698313593864441
TEST_36407,0.05506602302193642,0.9952057003974915
TEST_36408,0.0004746316117234528,0.998683750629425
TEST_36409,0.016986560076475143,0.9907819628715515
TEST_36410,0.23417030274868011,0.8553225994110107
TEST_36411,0.008201380260288715,0.9874754548072815
TEST_36412,0.02658427692949772,0.9983249306678772
TEST_36413,0.15840061008930206,0.9284992218017578
TEST_36414,0.997846245765686,0.5358951091766357
TEST_36415,0.00381093705072999,0.9984208345413208
TEST_36416,0.019367640838027,0.9979227185249329
TEST_36417,0.0874345451593399,0.8979963660240173
TEST_36418,0.5491727590560913,0.9685072302818298
TEST_36419,0.04055674746632576,0.9764101505279541
TEST_36420,0.00216921279206872,0.9952991008758545
TEST_36421,0.004551490303128958,0.9956948757171631
TEST_36422,0.0010935261379927397,0.9985677003860474
TEST_36423,0.02119806408882141,0.9961423277854919
TEST_36424,0.006926101632416248,0.9574937224388123
TEST_36425,0.0010449776891618967,0.9851279854774475
TEST_36426,0.003800350707024336,0.9993652701377869
TEST_36427,0.12805554270744324,0.9449118375778198
TEST_36428,0.03288273885846138,0.8743110299110413
TEST_36429,0.2916596233844757,0.8728627562522888
TEST_36430,0.03976381570100784,0.8757221102714539
TEST_36431,0.015090370550751686,0.6196744441986084
TEST_36432,0.049168672412633896,0.8756187558174133
TEST_36433,0.012463989667594433,0.9760584235191345
TEST_36434,0.004855348262935877,0.9970492720603943
TEST_36435,0.03194791451096535,0.9973037242889404
TEST_36436,0.020988784730434418,0.9602609276771545
TEST_36437,0.9983785152435303,0.016954462975263596
TEST_36438,0.029371239244937897,0.9990302324295044
TEST_36439,0.01855151727795601,0.9999058246612549
TEST_36440,0.0018689449643716216,0.9960697889328003
TEST_36441,0.015049505978822708,0.9994533658027649
TEST_36442,0.0028650967869907618,0.998190701007843
TEST_36443,0.0011963465949520469,0.9876866936683655
TEST_36444,0.0013290827628225088,0.9986547231674194
TEST_36445,0.0832061767578125,0.9969707727432251
TEST_36446,0.0077001373283565044,0.998467743396759
TEST_36447,0.124149851500988,0.9991382360458374
TEST_36448,0.0028398078866302967,0.9973171353340149
TEST_36449,0.2995929419994354,0.3524966239929199
TEST_36450,0.009483840316534042,0.9410298466682434
TEST_36451,0.0005446146242320538,0.9918787479400635
TEST_36452,0.027072297409176826,0.9707139134407043
TEST_36453,0.9997020363807678,1.0356427083024755e-05
TEST_36454,0.05524620786309242,0.9224731922149658
TEST_36455,0.008417481556534767,0.9977735877037048
TEST_36456,0.5884309411048889,0.6360028386116028
TEST_36457,0.9473115801811218,0.5334445238113403
TEST_36458,0.029835030436515808,0.9486720561981201
TEST_36459,0.004298100247979164,0.8689171671867371
TEST_36460,0.0512518472969532,0.9604437351226807
TEST_36461,0.8167021870613098,0.9863412976264954
TEST_36462,0.003468003123998642,0.9585075378417969
TEST_36463,0.01234493963420391,0.9410182237625122
TEST_36464,0.1183578222990036,0.8386502265930176
TEST_36465,0.004765786696225405,0.9968135952949524
TEST_36466,0.0021110514644533396,0.9962249994277954
TEST_36467,0.18658095598220825,0.8458367586135864
TEST_36468,0.008867984637618065,0.9334843754768372
TEST_36469,0.03129192814230919,0.9239570498466492
TEST_36470,0.0014004589756950736,0.9859532713890076
TEST_36471,0.015661701560020447,0.9938115477561951
TEST_36472,0.6515180468559265,0.9615399241447449
TEST_36473,0.03072441555559635,0.995361864566803
TEST_36474,0.05281421169638634,0.996459424495697
TEST_36475,0.11547673493623734,0.8847768306732178
TEST_36476,0.016483992338180542,0.9426957368850708
TEST_36477,0.8718580007553101,0.9564864635467529
TEST_36478,0.08330553770065308,0.9099252223968506
TEST_36479,0.012951274402439594,0.9796964526176453
TEST_36480,0.013150695711374283,0.2826293706893921
TEST_36481,0.0004405949148349464,0.9999940395355225
TEST_36482,0.004870557226240635,0.9884998202323914
TEST_36483,0.14990146458148956,0.8542361855506897
TEST_36484,0.002486220095306635,1.0
TEST_36485,0.9664289355278015,0.990418016910553
TEST_36486,0.0028560562059283257,0.9992535710334778
TEST_36487,0.020978465676307678,0.9880631566047668
TEST_36488,0.01267189159989357,0.9914831519126892
TEST_36489,0.007939545437693596,0.9978400468826294
TEST_36490,0.01882701739668846,0.9690417647361755
TEST_36491,0.06658943742513657,0.8867445588111877
TEST_36492,0.001004204386845231,0.9999159574508667
TEST_36493,0.00044076485210098326,0.9994308352470398
TEST_36494,0.009570163674652576,0.6675490140914917
TEST_36495,0.7439307570457458,0.6077861189842224
TEST_36496,0.539074182510376,0.17272603511810303
TEST_36497,0.0024425117298960686,0.9945711493492126
TEST_36498,0.11091962456703186,0.9933178424835205
TEST_36499,0.014466406777501106,0.9664182662963867
TEST_36500,0.14719051122665405,0.8757283687591553
TEST_36501,0.000942515442147851,0.9999939203262329
TEST_36502,0.0011984326411038637,0.9681634902954102
TEST_36503,0.00571188610047102,0.9886102676391602
TEST_36504,0.013237233273684978,0.9959190487861633
TEST_36505,0.03697088360786438,0.9978299736976624
TEST_36506,0.0038136045914143324,0.9853391647338867
TEST_36507,0.010584301315248013,0.9936832189559937
TEST_36508,0.05164697393774986,0.973750114440918
TEST_36509,0.07686520367860794,0.9124463796615601
TEST_36510,0.08031110465526581,0.8726564049720764
TEST_36511,0.05651477724313736,0.9064337015151978
TEST_36512,0.00048066480667330325,0.9995961785316467
TEST_36513,0.004444149322807789,0.9766324758529663
TEST_36514,0.24284020066261292,0.8941989541053772
TEST_36515,0.038932085037231445,0.9970824122428894
TEST_36516,0.07087363302707672,0.9618684649467468
TEST_36517,0.0012766120489686728,0.9984488487243652
TEST_36518,0.06945173442363739,0.9875698685646057
TEST_36519,0.06969980895519257,0.9006862640380859
TEST_36520,0.09675333648920059,0.5364910364151001
TEST_36521,0.0030365311540663242,0.9971619844436646
TEST_36522,0.37039071321487427,0.8400028944015503
TEST_36523,0.03049001470208168,0.9340735077857971
TEST_36524,0.027205882593989372,0.9977638721466064
TEST_36525,0.0008114765514619648,0.9989084005355835
TEST_36526,0.028702732175588608,0.9994341731071472
TEST_36527,0.0023151515051722527,0.999749481678009
TEST_36528,0.000780573463998735,0.9911115765571594
TEST_36529,0.005204875022172928,0.9973610043525696
TEST_36530,0.6545060276985168,0.04482988268136978
TEST_36531,0.9994812607765198,0.0077185737900435925
TEST_36532,0.2992922365665436,0.5160706639289856
TEST_36533,0.060965705662965775,0.8209357261657715
TEST_36534,0.2703886330127716,0.9365730881690979
TEST_36535,0.007541407365351915,0.7739490270614624
TEST_36536,0.003987826872617006,0.9906484484672546
TEST_36537,0.029103903099894524,0.9898102283477783
TEST_36538,0.02994370646774769,0.9957791566848755
TEST_36539,0.002115644048899412,0.9996089339256287
TEST_36540,0.011285269632935524,0.9894328713417053
TEST_36541,0.4784553349018097,0.9940979480743408
TEST_36542,0.09951908886432648,0.9426517486572266
TEST_36543,0.003618108108639717,0.998350977897644
TEST_36544,0.09809289872646332,0.9379435777664185
TEST_36545,0.007857060059905052,0.9999505281448364
TEST_36546,0.002083302941173315,0.9944522976875305
TEST_36547,0.01301408838480711,0.9984057545661926
TEST_36548,0.007295805029571056,0.988329291343689
TEST_36549,0.01560905110090971,0.9606577157974243
TEST_36550,0.02698371186852455,0.8512592911720276
TEST_36551,0.016140449792146683,0.9945462942123413
TEST_36552,0.2193247377872467,0.35550549626350403
TEST_36553,0.022236088290810585,0.9896185994148254
TEST_36554,0.028697147965431213,0.9655269384384155
TEST_36555,0.005572656635195017,0.9934859871864319
TEST_36556,0.024720367044210434,0.9566593170166016
TEST_36557,0.0046732486225664616,0.9999288320541382
TEST_36558,0.0020299628376960754,0.9956484436988831
TEST_36559,0.0025575733743608,0.9991433620452881
TEST_36560,0.01796286180615425,0.9301537871360779
TEST_36561,0.8498534560203552,0.8421465754508972
TEST_36562,0.00089265126734972,0.9975428581237793
TEST_36563,0.0035055200569331646,0.9969103932380676
TEST_36564,0.011642718687653542,0.6684108972549438
TEST_36565,0.030195219442248344,0.9866940975189209
TEST_36566,0.0009445736650377512,0.9802808165550232
TEST_36567,0.0046521439217031,0.9807342290878296
TEST_36568,0.009964914992451668,0.9874292016029358
TEST_36569,0.3249601721763611,0.9587510824203491
TEST_36570,0.08907393366098404,0.9873774647712708
TEST_36571,0.028663115575909615,0.7971968054771423
TEST_36572,0.009285441599786282,0.9945875406265259
TEST_36573,0.0008419038495048881,0.9965502023696899
TEST_36574,0.009049476124346256,0.9971014857292175
TEST_36575,0.0015025358879938722,0.9997637867927551
TEST_36576,0.6715043187141418,0.9743924736976624
TEST_36577,0.015903286635875702,0.9956621527671814
TEST_36578,0.014923282898962498,0.9875994920730591
TEST_36579,0.008887406438589096,0.9742513298988342
TEST_36580,0.0009870153153315187,0.9971185922622681
TEST_36581,0.4821743965148926,0.9727476239204407
TEST_36582,0.00020849907014053315,0.9966852068901062
TEST_36583,0.007850958034396172,0.9994378685951233
TEST_36584,0.9394259452819824,0.8967068195343018
TEST_36585,0.02668748050928116,0.9962815642356873
TEST_36586,0.0301656611263752,0.9859147071838379
TEST_36587,0.011035812087357044,0.9148117899894714
TEST_36588,0.003080087946727872,0.9791264533996582
TEST_36589,0.0018594142748042941,0.9980095028877258
TEST_36590,0.9994279742240906,0.9312041401863098
TEST_36591,0.0038546680007129908,0.9861424565315247
TEST_36592,0.002439893316477537,0.9960837364196777
TEST_36593,0.030906731262803078,0.9967047572135925
TEST_36594,0.007110327947884798,0.965711772441864
TEST_36595,0.021504756063222885,0.8728267550468445
TEST_36596,0.0026010344736278057,0.9957937002182007
TEST_36597,0.0028528799302875996,0.9677172899246216
TEST_36598,0.00033095222897827625,0.9995930790901184
TEST_36599,0.03019295632839203,0.9100587964057922
TEST_36600,0.02312423475086689,0.9372413158416748
TEST_36601,0.0015296967467293143,0.9992145299911499
TEST_36602,0.07487019151449203,0.7567458748817444
TEST_36603,0.002987739397212863,0.9993250370025635
TEST_36604,0.039571404457092285,0.9409626722335815
TEST_36605,0.009724847041070461,0.9747421741485596
TEST_36606,0.09967099875211716,0.9703393578529358
TEST_36607,0.009297644719481468,0.9988987445831299
TEST_36608,0.036678265780210495,0.9146170616149902
TEST_36609,0.013039801269769669,0.6404908299446106
TEST_36610,0.06486678123474121,0.9122589826583862
TEST_36611,0.034774262458086014,0.9615567922592163
TEST_36612,0.06483718752861023,0.8937804102897644
TEST_36613,0.23536255955696106,0.87382972240448
TEST_36614,0.9272604584693909,0.12638504803180695
TEST_36615,0.007140445522964001,0.9709801077842712
TEST_36616,0.0019729300402104855,0.9989138841629028
TEST_36617,0.00040617780177854,0.9838158488273621
TEST_36618,0.0007423741044476628,0.9974265694618225
TEST_36619,0.05676107108592987,0.8370594382286072
TEST_36620,0.0028344441670924425,0.997674286365509
TEST_36621,0.015993259847164154,0.9799336194992065
TEST_36622,0.030497286468744278,0.9844875931739807
TEST_36623,0.004547188524156809,0.2624232769012451
TEST_36624,0.007035709917545319,0.9993519186973572
TEST_36625,0.012475087307393551,0.9781961441040039
TEST_36626,0.08494065701961517,0.4307262897491455
TEST_36627,0.004616469144821167,0.9877641797065735
TEST_36628,0.06956182420253754,0.9983330368995667
TEST_36629,0.003665752476081252,0.9687256217002869
TEST_36630,0.006247668527066708,0.9986364245414734
TEST_36631,0.03580668568611145,0.992691695690155
TEST_36632,0.002774055814370513,0.9949711561203003
TEST_36633,0.014269312843680382,0.9654592275619507
TEST_36634,0.0353524349629879,0.3478180766105652
TEST_36635,0.05365300178527832,0.9009996652603149
TEST_36636,0.33812227845191956,0.6248762607574463
TEST_36637,0.018530486151576042,0.992438018321991
TEST_36638,0.026628393679857254,0.9996320009231567
TEST_36639,0.03603716939687729,0.8789395689964294
TEST_36640,0.00018738834478426725,0.9993558526039124
TEST_36641,0.0015666054096072912,0.9986151456832886
TEST_36642,0.012780185788869858,0.9998852014541626
TEST_36643,0.32822489738464355,0.9989871382713318
TEST_36644,0.0003641216899268329,0.9993327260017395
TEST_36645,0.013449376448988914,0.9946995973587036
TEST_36646,0.006159475073218346,0.9942901134490967
TEST_36647,0.040307771414518356,0.9527261257171631
TEST_36648,0.01354890689253807,0.9995409250259399
TEST_36649,0.009203198365867138,0.9998337030410767
TEST_36650,0.09946223348379135,0.8475788235664368
TEST_36651,0.029409147799015045,0.903876543045044
TEST_36652,0.026226399466395378,0.9346305131912231
TEST_36653,0.001626239507459104,0.9655078053474426
TEST_36654,0.008933056145906448,0.9940827488899231
TEST_36655,0.8634981513023376,0.4578079879283905
TEST_36656,0.0026322384364902973,0.9995686411857605
TEST_36657,0.06027429550886154,0.95256108045578
TEST_36658,0.01582150161266327,0.6885840892791748
TEST_36659,0.010748539119958878,0.9904971122741699
TEST_36660,0.01661412976682186,0.9928820133209229
TEST_36661,0.08332192152738571,0.8949164152145386
TEST_36662,0.000653030292596668,0.9986177682876587
TEST_36663,0.00674703111872077,0.9567649364471436
TEST_36664,0.004867357201874256,0.9935397505760193
TEST_36665,0.00046947834198363125,0.9992753863334656
TEST_36666,0.012256061658263206,0.9913141131401062
TEST_36667,0.018769899383187294,0.990515947341919
TEST_36668,0.05574857071042061,0.9095098972320557
TEST_36669,0.018681379035115242,0.6994062066078186
TEST_36670,0.004563024267554283,0.9993079900741577
TEST_36671,0.016662172973155975,0.8861750364303589
TEST_36672,0.0022418403532356024,0.9992949962615967
TEST_36673,0.0006208724807947874,0.9982099533081055
TEST_36674,0.0011096167145296931,0.9951243996620178
TEST_36675,0.18733428418636322,0.47589409351348877
TEST_36676,0.017047787085175514,0.9773026704788208
TEST_36677,0.8633468747138977,0.8724395036697388
TEST_36678,0.28590503334999084,0.8788377046585083
TEST_36679,0.02243201807141304,0.9958704113960266
TEST_36680,0.09039275348186493,0.9182473421096802
TEST_36681,0.002629688708111644,0.9753246307373047
TEST_36682,0.03485875576734543,0.9968219995498657
TEST_36683,0.4791862666606903,0.9990087151527405
TEST_36684,0.007724748458713293,0.9954148530960083
TEST_36685,0.008961198851466179,0.9867988228797913
TEST_36686,0.02700885757803917,0.9852981567382812
TEST_36687,0.0018835784867405891,0.997713565826416
TEST_36688,0.03530982509255409,0.7948707938194275
TEST_36689,0.008367940783500671,0.9893683791160583
TEST_36690,0.011837849393486977,0.9982524514198303
TEST_36691,0.10219670087099075,0.09729909151792526
TEST_36692,0.007196452002972364,0.9964075684547424
TEST_36693,0.015278119593858719,0.9871751666069031
TEST_36694,0.006716582458466291,0.9240232110023499
TEST_36695,0.0362420417368412,0.8834159970283508
TEST_36696,0.015294341370463371,0.9957312941551208
TEST_36697,0.005555064417421818,0.9962910413742065
TEST_36698,0.009899349883198738,0.9099346995353699
TEST_36699,0.00047126421122811735,0.9985085129737854
TEST_36700,0.05156732723116875,0.9141658544540405
TEST_36701,0.01407528854906559,0.9611225128173828
TEST_36702,0.12775202095508575,0.75152987241745
TEST_36703,0.11147156357765198,0.6621050834655762
TEST_36704,0.03895300254225731,0.8855615258216858
TEST_36705,0.06960146874189377,0.9751797318458557
TEST_36706,0.004766937345266342,0.9777732491493225
TEST_36707,0.007438952103257179,0.9950084686279297
TEST_36708,0.04642932116985321,0.8084344267845154
TEST_36709,0.04660767689347267,0.951886773109436
TEST_36710,0.01296604610979557,0.9755892157554626
TEST_36711,0.00026124660507775843,0.9996910095214844
TEST_36712,0.43694671988487244,0.07665208727121353
TEST_36713,0.0005251119146123528,0.9997984766960144
TEST_36714,0.0591050460934639,0.8668616414070129
TEST_36715,0.0006751221953891218,0.9989180564880371
TEST_36716,0.30519452691078186,0.8135240077972412
TEST_36717,0.021182190626859665,0.9998798370361328
TEST_36718,0.017519904300570488,0.8982459902763367
TEST_36719,0.0010164623381569982,0.9921297430992126
TEST_36720,0.11706732213497162,0.9126993417739868
TEST_36721,0.040644023567438126,0.8969985842704773
TEST_36722,0.014047550037503242,0.9553705453872681
TEST_36723,0.02611733041703701,0.9499977231025696
TEST_36724,0.013356485404074192,0.9289026856422424
TEST_36725,0.9918498992919922,0.3376315236091614
TEST_36726,0.0018949700752273202,0.9951779842376709
TEST_36727,0.01585201732814312,0.9546930193901062
TEST_36728,0.00020608068734873086,0.998991072177887
TEST_36729,0.10592781752347946,0.9014409184455872
TEST_36730,0.019868332892656326,0.9943493008613586
TEST_36731,0.024979952722787857,0.9966272115707397
TEST_36732,0.9168301224708557,0.947320282459259
TEST_36733,0.040437839925289154,0.9865265488624573
TEST_36734,0.4767545461654663,0.9494030475616455
TEST_36735,0.027143262326717377,0.9993914365768433
TEST_36736,0.005911791697144508,0.9743661880493164
TEST_36737,8.99687729543075e-05,0.9999831914901733
TEST_36738,0.15878187119960785,0.9073255062103271
TEST_36739,0.013942915014922619,0.9816721081733704
TEST_36740,0.0077283200807869434,0.9826980233192444
TEST_36741,0.03825797885656357,0.9792181253433228
TEST_36742,0.002308600815013051,0.9995700716972351
TEST_36743,0.002823639428243041,0.9928287863731384
TEST_36744,0.0020634327083826065,0.993478536605835
TEST_36745,0.018106328323483467,0.9732027649879456
TEST_36746,0.0008974004886113107,0.9661937355995178
TEST_36747,0.00260279793292284,0.990529477596283
TEST_36748,0.022440876811742783,0.9635087847709656
TEST_36749,0.003770015202462673,0.9514460563659668
TEST_36750,0.025754433125257492,0.9477512836456299
TEST_36751,0.9999707937240601,0.014037830755114555
TEST_36752,0.0043253512121737,0.19801586866378784
TEST_36753,4.466406153369462e-06,0.9998769760131836
TEST_36754,0.030499620363116264,0.9176236391067505
TEST_36755,0.0010007723467424512,0.9871276617050171
TEST_36756,0.08118964731693268,0.9901455044746399
TEST_36757,0.02261592634022236,0.9822278618812561
TEST_36758,0.004252670332789421,0.9951238036155701
TEST_36759,0.04325327277183533,0.9352082014083862
TEST_36760,0.011753476224839687,0.9956735968589783
TEST_36761,0.005513845477253199,0.9895261526107788
TEST_36762,0.05171230062842369,0.9626388549804688
TEST_36763,0.006411432288587093,0.9847120046615601
TEST_36764,0.8401485681533813,0.5529700517654419
TEST_36765,0.0007707516779191792,0.9998773336410522
TEST_36766,0.004422077443450689,0.9990272521972656
TEST_36767,0.009792448952794075,0.9876524209976196
TEST_36768,0.015917211771011353,0.991091787815094
TEST_36769,0.02371232397854328,0.945606529712677
TEST_36770,0.01950526237487793,0.9915325045585632
TEST_36771,0.002821901347488165,0.9964027404785156
TEST_36772,0.042551763355731964,0.9919015765190125
TEST_36773,0.00774909183382988,0.9993205070495605
TEST_36774,0.0008087029564194381,0.9505184888839722
TEST_36775,0.5777656435966492,0.9684590101242065
TEST_36776,0.03751297667622566,0.8557606339454651
TEST_36777,0.0025757281109690666,0.9882094860076904
TEST_36778,0.009343549609184265,0.9959151148796082
TEST_36779,0.04832664877176285,0.9175536632537842
TEST_36780,0.9529972672462463,0.013010848313570023
TEST_36781,0.12459142506122589,0.5218310952186584
TEST_36782,0.00037029830855317414,0.9974695444107056
TEST_36783,0.027829384431242943,0.9977695941925049
TEST_36784,0.8786227703094482,0.02658480405807495
TEST_36785,0.012655835598707199,0.957934558391571
TEST_36786,0.03252820298075676,0.8931857943534851
TEST_36787,0.18988101184368134,0.9062111377716064
TEST_36788,0.02490154094994068,0.9702177047729492
TEST_36789,0.9944748282432556,0.7526012659072876
TEST_36790,0.004406984429806471,0.9999619722366333
TEST_36791,0.001830669934861362,0.9997174143791199
TEST_36792,0.6421449780464172,0.6332533955574036
TEST_36793,0.0026973611675202847,0.9933468103408813
TEST_36794,0.028838371858000755,0.9861249327659607
TEST_36795,0.0026837345212697983,0.9953081011772156
TEST_36796,0.05330357700586319,0.8643075823783875
TEST_36797,0.9545373916625977,0.3006974458694458
TEST_36798,0.006529734004288912,0.9880746006965637
TEST_36799,0.010582230053842068,0.9627104997634888
TEST_36800,0.012580137699842453,0.9380092024803162
TEST_36801,0.3452918231487274,0.9883915781974792
TEST_36802,0.15224669873714447,0.8505774140357971
TEST_36803,0.03479372337460518,0.9990457892417908
TEST_36804,0.003386876778677106,0.9949625730514526
TEST_36805,0.0465465784072876,0.9836117625236511
TEST_36806,0.852006733417511,0.9178569912910461
TEST_36807,0.9811912178993225,0.4934242069721222
TEST_36808,0.0011607020860537887,0.9997990727424622
TEST_36809,0.001177983358502388,0.9821124076843262
TEST_36810,0.06881840527057648,0.9993001222610474
TEST_36811,0.016307808458805084,0.9961211085319519
TEST_36812,0.0026868507266044617,0.9976294636726379
TEST_36813,0.0006423747399821877,0.9998410940170288
TEST_36814,0.03118891268968582,0.7036863565444946
TEST_36815,0.0131007619202137,0.9992803931236267
TEST_36816,0.0011247718939557672,0.9971613883972168
TEST_36817,0.0049689291045069695,0.9971164464950562
TEST_36818,0.001319335075095296,0.9913990497589111
TEST_36819,0.2934090197086334,0.23097890615463257
TEST_36820,0.006316665560007095,0.9977351427078247
TEST_36821,0.06169996038079262,0.8780949711799622
TEST_36822,0.00046589761041104794,0.9878169894218445
TEST_36823,0.00562206469476223,0.9844021797180176
TEST_36824,0.9998878240585327,8.74145989655517e-05
TEST_36825,0.023732973262667656,0.962466299533844
TEST_36826,0.0017647476634010673,0.9970865845680237
TEST_36827,0.00453718239441514,0.9918757677078247
TEST_36828,0.006318372208625078,0.9901936650276184
TEST_36829,0.005884810816496611,0.9827477335929871
TEST_36830,0.0004239397239871323,0.999079704284668
TEST_36831,0.007379438262432814,0.9881399869918823
TEST_36832,0.007246952038258314,0.9221130609512329
TEST_36833,0.05545322597026825,0.9839874505996704
TEST_36834,0.7496302127838135,0.9737386107444763
TEST_36835,0.012220460921525955,0.9882233738899231
TEST_36836,0.0042806039564311504,0.9991472959518433
TEST_36837,0.0023026273120194674,0.9999055862426758
TEST_36838,0.0009540715836919844,0.9987275004386902
TEST_36839,0.0019820688758045435,0.9953018426895142
TEST_36840,0.043555643409490585,0.9062800407409668
TEST_36841,0.009164918214082718,0.934657096862793
TEST_36842,0.7980486750602722,0.5971799492835999
TEST_36843,0.09886626154184341,0.9433771967887878
TEST_36844,0.019831335172057152,0.989284098148346
TEST_36845,0.0364319309592247,0.0231500044465065
TEST_36846,0.00677493354305625,0.9996023774147034
TEST_36847,0.008919334039092064,0.8683487772941589
TEST_36848,0.03390340507030487,0.9827110171318054
TEST_36849,0.009838840924203396,0.9505180716514587
TEST_36850,0.0045215110294520855,0.9945551156997681
TEST_36851,0.9869610071182251,0.9303485751152039
TEST_36852,0.026459312066435814,0.9818203449249268
TEST_36853,0.007450695615261793,0.9983616471290588
TEST_36854,0.022610098123550415,0.8658963441848755
TEST_36855,0.2334970086812973,0.9934778213500977
TEST_36856,0.008183876052498817,0.9714897274971008
TEST_36857,0.9983381032943726,0.04538750275969505
TEST_36858,0.011076782830059528,0.999506950378418
TEST_36859,0.999871015548706,0.018419835716485977
TEST_36860,0.4888417720794678,0.5417776703834534
TEST_36861,0.011691195890307426,0.9995638728141785
TEST_36862,0.011979782953858376,0.9521299004554749
TEST_36863,0.01567346602678299,0.9995313882827759
TEST_36864,0.001781968167051673,0.9994658827781677
TEST_36865,0.001073489896953106,0.9993922710418701
TEST_36866,0.0956793949007988,0.8834362626075745
TEST_36867,0.04559978470206261,0.8066458106040955
TEST_36868,0.003916841931641102,0.9974579215049744
TEST_36869,0.00483010895550251,0.9714932441711426
TEST_36870,0.0020548473112285137,0.9967791438102722
TEST_36871,0.06128300353884697,0.9462074637413025
TEST_36872,0.0017609893111512065,0.9983490705490112
TEST_36873,0.004422529134899378,0.9977819323539734
TEST_36874,0.00947483628988266,0.9672468900680542
TEST_36875,0.00483097555115819,0.9848440289497375
TEST_36876,0.06480307132005692,0.8775733709335327
TEST_36877,0.004509762395173311,0.8906185626983643
TEST_36878,0.03547932207584381,0.967427134513855
TEST_36879,0.05634820833802223,0.876291036605835
TEST_36880,0.059170912951231,0.9973384737968445
TEST_36881,0.06856993585824966,0.9443960189819336
TEST_36882,0.0030826604925096035,0.939031183719635
TEST_36883,0.010095789097249508,0.967409074306488
TEST_36884,0.07896489650011063,0.836331844329834
TEST_36885,0.00048243108903989196,0.9996156692504883
TEST_36886,0.004062504041939974,0.9980887770652771
TEST_36887,0.0047037601470947266,0.9946002960205078
TEST_36888,0.18077728152275085,0.9939855933189392
TEST_36889,0.18429991602897644,0.9826372265815735
TEST_36890,0.012732625007629395,0.9929730892181396
TEST_36891,0.015475418418645859,0.9915367364883423
TEST_36892,0.038457587361335754,0.9876551032066345
TEST_36893,0.021218163892626762,0.9722150564193726
TEST_36894,0.001913459855131805,0.9983242154121399
TEST_36895,0.19753512740135193,0.7834274768829346
TEST_36896,0.004362350795418024,0.9955847859382629
TEST_36897,0.009135528467595577,0.9779813885688782
TEST_36898,0.0007874062866903841,0.9984571933746338
TEST_36899,0.012333201244473457,0.9802154302597046
TEST_36900,0.005039731971919537,0.9857102632522583
TEST_36901,0.0006185250240378082,0.9991905093193054
TEST_36902,0.001978823682293296,0.989336371421814
TEST_36903,0.00299202767200768,0.9999346733093262
TEST_36904,0.005983840208500624,0.988512396812439
TEST_36905,0.8769934177398682,0.052265848964452744
TEST_36906,0.12312912195920944,0.9024776220321655
TEST_36907,0.0026648056227713823,0.7839550971984863
TEST_36908,0.02274939976632595,0.984852135181427
TEST_36909,0.0013217510422691703,0.9999967813491821
TEST_36910,0.018597174435853958,0.9978076815605164
TEST_36911,0.003664359450340271,0.9826151132583618
TEST_36912,0.027232585474848747,0.9752609729766846
TEST_36913,0.020284045487642288,0.9066452383995056
TEST_36914,0.0012124243658035994,0.9994505047798157
TEST_36915,0.03829801082611084,0.879193902015686
TEST_36916,0.97991943359375,0.8925622701644897
TEST_36917,0.005975187290459871,0.9997782111167908
TEST_36918,0.2159126251935959,0.4058949649333954
TEST_36919,0.11781974881887436,0.8283268809318542
TEST_36920,0.04335508868098259,0.9113324880599976
TEST_36921,0.25036486983299255,0.8713667988777161
TEST_36922,0.0004419276665430516,0.9994572997093201
TEST_36923,0.0006301605608314276,0.9998835325241089
TEST_36924,0.0034795727115124464,0.9938588738441467
TEST_36925,0.0640101283788681,0.9984899759292603
TEST_36926,0.026881540194153786,0.8961079120635986
TEST_36927,0.0027728029526770115,0.9715220332145691
TEST_36928,0.00028787244809791446,0.9995481371879578
TEST_36929,0.04451420530676842,0.9492961168289185
TEST_36930,0.9898181557655334,0.12209127098321915
TEST_36931,0.9999850988388062,4.675853233493399e-06
TEST_36932,0.0011693014530465007,0.9993245601654053
TEST_36933,0.005350006278604269,0.9973863959312439
TEST_36934,0.5426409840583801,0.3618842661380768
TEST_36935,0.016822287812829018,0.997900128364563
TEST_36936,0.7400347590446472,0.14539770781993866
TEST_36937,0.044120654463768005,0.8852287530899048
TEST_36938,0.003349089529365301,0.9847250580787659
TEST_36939,0.00486659724265337,0.9987731575965881
TEST_36940,0.00023593103105667979,0.999269425868988
TEST_36941,0.04437142238020897,0.9229742288589478
TEST_36942,0.7337603569030762,0.8935726284980774
TEST_36943,0.37151139974594116,0.24137483537197113
TEST_36944,0.01933114603161812,0.9791973233222961
TEST_36945,0.014639580622315407,0.9380142688751221
TEST_36946,0.8858504891395569,0.557982861995697
TEST_36947,0.0026766834780573845,0.3617413341999054
TEST_36948,0.0005314863519743085,0.9996005892753601
TEST_36949,0.8641680479049683,0.7238057851791382
TEST_36950,0.03531014919281006,0.7893069386482239
TEST_36951,0.005266102496534586,0.9687109589576721
TEST_36952,0.0012623901711776853,0.9992601275444031
TEST_36953,0.021979838609695435,0.8688076734542847
TEST_36954,0.06895727664232254,0.9413899183273315
TEST_36955,0.003633923130109906,1.0
TEST_36956,0.05696200579404831,0.8962408304214478
TEST_36957,0.009536216966807842,0.9845412969589233
TEST_36958,0.013663459569215775,0.9979901313781738
TEST_36959,0.00023116280499380082,0.9981815814971924
TEST_36960,0.00853421725332737,0.11662094295024872
TEST_36961,0.011527926661074162,0.996970534324646
TEST_36962,0.005722186528146267,0.9985414743423462
TEST_36963,0.010036655701696873,0.991245448589325
TEST_36964,0.0007759823347441852,0.9998571872711182
TEST_36965,0.0030213126447051764,0.9575896859169006
TEST_36966,0.10465457290410995,0.8461500406265259
TEST_36967,0.734262228012085,0.9467400312423706
TEST_36968,0.9957400560379028,0.13298794627189636
TEST_36969,0.06809845566749573,0.8629915118217468
TEST_36970,0.005654181819409132,0.9996964931488037
TEST_36971,0.0020852189045399427,0.9995003938674927
TEST_36972,0.0006028017378412187,0.9848716855049133
TEST_36973,0.0015877692494541407,0.9969831109046936
TEST_36974,0.0005510952323675156,0.9970706701278687
TEST_36975,0.015087664127349854,0.9695555567741394
TEST_36976,0.006961738225072622,0.9976242184638977
TEST_36977,0.8109544515609741,0.23227350413799286
TEST_36978,0.005225915461778641,0.9774070978164673
TEST_36979,0.9664016366004944,0.6061925888061523
TEST_36980,0.34286510944366455,0.8782684206962585
TEST_36981,0.021671470254659653,0.9847486615180969
TEST_36982,0.028615884482860565,0.9994944334030151
TEST_36983,0.003854832611978054,0.9974212646484375
TEST_36984,0.018931351602077484,0.9313759803771973
TEST_36985,0.05844497308135033,0.8790698051452637
TEST_36986,0.0826190635561943,0.9482531547546387
TEST_36987,0.0782482847571373,0.9828119874000549
TEST_36988,0.019472455605864525,0.9875284433364868
TEST_36989,0.026454202830791473,0.9838976263999939
TEST_36990,0.9681133031845093,0.9943205118179321
TEST_36991,0.01861036755144596,0.8519478440284729
TEST_36992,0.001765951863490045,0.9988172650337219
TEST_36993,0.7374863624572754,0.8991162180900574
TEST_36994,0.0005378515343181789,0.9998606443405151
TEST_36995,0.0006616359460167587,0.9945616126060486
TEST_36996,0.9992825388908386,0.0018838788382709026
TEST_36997,0.009925761260092258,0.9717274308204651
TEST_36998,0.0414743646979332,0.8783446550369263
TEST_36999,0.009522696025669575,0.9108391404151917
TEST_37000,0.0008265655487775803,0.9981169700622559
TEST_37001,0.0008407434797845781,0.9974902868270874
TEST_37002,0.009954250417649746,0.9766443371772766
TEST_37003,0.047648780047893524,0.8956062197685242
TEST_37004,0.022624317556619644,0.7274919748306274
TEST_37005,0.9671608805656433,0.1918553113937378
TEST_37006,0.7758784294128418,0.9973399043083191
TEST_37007,0.019603736698627472,0.9808773398399353
TEST_37008,0.004563281778246164,0.9969895482063293
TEST_37009,0.031857915222644806,0.9973303079605103
TEST_37010,0.020103946328163147,0.9890974760055542
TEST_37011,0.32331734895706177,0.8241420984268188
TEST_37012,0.00047807302325963974,0.9999634027481079
TEST_37013,0.0018043949967250228,0.9924615025520325
TEST_37014,0.003284832462668419,0.9996994733810425
TEST_37015,0.004815306514501572,0.997570812702179
TEST_37016,0.5856881737709045,0.8178311586380005
TEST_37017,0.0002145090256817639,0.993866503238678
TEST_37018,0.11591023206710815,0.9501786828041077
TEST_37019,0.2794961929321289,0.912220299243927
TEST_37020,0.013122092001140118,0.9968528151512146
TEST_37021,0.010597392916679382,0.9694105386734009
TEST_37022,0.0006278004730120301,0.9993707537651062
TEST_37023,0.1448398381471634,0.9967777132987976
TEST_37024,0.0008676812285557389,0.9861209988594055
TEST_37025,0.001796515891328454,0.9759509563446045
TEST_37026,0.09013830870389938,0.9609293937683105
TEST_37027,0.014096876606345177,0.999159574508667
TEST_37028,0.6634935736656189,0.4422488808631897
TEST_37029,0.009939482435584068,0.9953258037567139
TEST_37030,0.008730615489184856,0.9561798572540283
TEST_37031,0.026534220203757286,0.9015039801597595
TEST_37032,0.014671931974589825,0.9614530801773071
TEST_37033,0.9988617897033691,0.020031282678246498
TEST_37034,0.0013612605398520827,0.9653930068016052
TEST_37035,0.3978489935398102,0.6115699410438538
TEST_37036,0.002680510049685836,0.9954395890235901
TEST_37037,0.0035024629905819893,0.9946574568748474
TEST_37038,0.01885950192809105,0.980066180229187
TEST_37039,0.021837105974555016,0.9941397905349731
TEST_37040,0.000699312542565167,0.9999971389770508
TEST_37041,0.004900243133306503,0.9992544054985046
TEST_37042,0.9931179285049438,0.9112136960029602
TEST_37043,0.0028178750071674585,0.9826450347900391
TEST_37044,0.003525585401803255,0.9905145168304443
TEST_37045,0.019407203420996666,0.9651479125022888
TEST_37046,0.0008268298115581274,0.9903852939605713
TEST_37047,0.0001699987769825384,0.999742329120636
TEST_37048,0.2083909660577774,0.696093738079071
TEST_37049,0.6565777063369751,0.8535583019256592
TEST_37050,0.005642079748213291,0.9533706307411194
TEST_37051,0.16733942925930023,0.8667476177215576
TEST_37052,0.14028173685073853,0.9232997894287109
TEST_37053,0.0311600212007761,0.9812300205230713
TEST_37054,0.015487383119761944,0.9862041473388672
TEST_37055,0.0760575458407402,0.6083794236183167
TEST_37056,0.008207173086702824,0.9901728630065918
TEST_37057,0.02586398273706436,0.9627367258071899
TEST_37058,0.00018085124611388892,0.9999994039535522
TEST_37059,0.29846036434173584,0.9052653908729553
TEST_37060,0.9952630996704102,0.034463971853256226
TEST_37061,0.007794013246893883,0.9993525147438049
TEST_37062,0.5982421040534973,0.6132760643959045
TEST_37063,0.0492129884660244,0.7994576096534729
TEST_37064,0.013898554258048534,0.9777796268463135
TEST_37065,0.9107255935668945,0.905837893486023
TEST_37066,0.7019205689430237,0.8632040023803711
TEST_37067,0.002891030628234148,0.9990278482437134
TEST_37068,0.016334403306245804,0.9947595000267029
TEST_37069,0.026596106588840485,0.9368130564689636
TEST_37070,2.03728395717917e-05,0.9993544220924377
TEST_37071,0.007270761765539646,0.9959294199943542
TEST_37072,0.02633080631494522,0.9681810140609741
TEST_37073,0.00572986388579011,0.8278703093528748
TEST_37074,0.0024691782891750336,0.9983538389205933
TEST_37075,0.17719946801662445,0.9828101396560669
TEST_37076,0.1650858372449875,0.9911501407623291
TEST_37077,0.008722653612494469,0.990801990032196
TEST_37078,0.12950055301189423,0.5166695713996887
TEST_37079,0.005599164869636297,0.9920758008956909
TEST_37080,0.008532990701496601,0.9368804097175598
TEST_37081,0.004568441770970821,0.9943222999572754
TEST_37082,0.0302994754165411,0.9363681077957153
TEST_37083,0.0014423987595364451,0.9985021352767944
TEST_37084,0.011136239394545555,0.9976378679275513
TEST_37085,0.044920455664396286,0.9016409516334534
TEST_37086,0.0032482289243489504,0.9609998464584351
TEST_37087,0.15147070586681366,0.98459792137146
TEST_37088,0.03561539202928543,0.9883801937103271
TEST_37089,0.01964242197573185,0.9824407696723938
TEST_37090,0.0064571877010166645,0.989464282989502
TEST_37091,0.011750667355954647,0.99940025806427
TEST_37092,0.007706888951361179,0.9658991098403931
TEST_37093,0.02875540964305401,0.9745610356330872
TEST_37094,0.07721693813800812,0.8945660591125488
TEST_37095,0.0005168355419300497,0.9968411922454834
TEST_37096,0.09681952744722366,0.8976187705993652
TEST_37097,0.009270714595913887,0.7080903649330139
TEST_37098,0.0006636047037318349,0.9983848333358765
TEST_37099,0.0005600767326541245,0.9967337846755981
TEST_37100,0.028094377368688583,0.9803227186203003
TEST_37101,0.006930612958967686,0.9941800832748413
TEST_37102,0.010032876394689083,0.9929672479629517
TEST_37103,0.058976102620363235,0.9498326778411865
TEST_37104,0.05691947415471077,0.9208030700683594
TEST_37105,0.01336987130343914,0.9575892090797424
TEST_37106,0.8514003157615662,0.0632862001657486
TEST_37107,0.006176398601382971,0.9889772534370422
TEST_37108,0.16020232439041138,0.8811044692993164
TEST_37109,0.21164266765117645,0.9883179068565369
TEST_37110,0.2770436406135559,0.6840797662734985
TEST_37111,0.03188043832778931,0.938788115978241
TEST_37112,0.022811753675341606,0.914006769657135
TEST_37113,0.014990966767072678,0.9864584803581238
TEST_37114,0.09117433428764343,0.8391645550727844
TEST_37115,0.03178443759679794,0.9043969511985779
TEST_37116,0.021949974820017815,0.9856736063957214
TEST_37117,0.002666981192305684,0.9991324543952942
TEST_37118,0.006083629094064236,0.995621383190155
TEST_37119,0.101506806910038,0.8712582588195801
TEST_37120,0.00086449203081429,0.999442994594574
TEST_37121,0.022091832011938095,0.9835566282272339
TEST_37122,0.040590956807136536,0.9283501505851746
TEST_37123,0.10783103853464127,0.957146942615509
TEST_37124,0.007746826857328415,0.17229929566383362
TEST_37125,0.14412164688110352,0.9415452480316162
TEST_37126,0.0211238544434309,0.9660927057266235
TEST_37127,0.042648348957300186,0.9742292761802673
TEST_37128,0.06173599511384964,0.8647571802139282
TEST_37129,0.030666615813970566,0.975704550743103
TEST_37130,0.0014376657782122493,0.9996129870414734
TEST_37131,0.011426285840570927,0.9988154172897339
TEST_37132,0.0020582489669322968,0.9973209500312805
TEST_37133,0.27137982845306396,0.7918859720230103
TEST_37134,0.0376250259578228,0.8506647944450378
TEST_37135,0.012161179445683956,0.991820216178894
TEST_37136,0.05172072350978851,0.9245259165763855
TEST_37137,4.57132191513665e-05,0.9998395442962646
TEST_37138,0.02812945283949375,0.8844650387763977
TEST_37139,0.16415651142597198,0.9614417552947998
TEST_37140,0.032469604164361954,0.9986543655395508
TEST_37141,0.014231011271476746,0.9887958765029907
TEST_37142,0.003502027364447713,0.9995763897895813
TEST_37143,0.7012976408004761,0.965435266494751
TEST_37144,0.0641036406159401,0.944827675819397
TEST_37145,0.041309796273708344,0.9100174307823181
TEST_37146,0.004560445435345173,0.9970431923866272
TEST_37147,0.0073167248629033566,0.995503842830658
TEST_37148,0.006843777373433113,0.9714884161949158
TEST_37149,0.3055226504802704,0.06568743288516998
TEST_37150,0.0007571467431262136,0.9845483303070068
TEST_37151,0.13689200580120087,0.9884451627731323
TEST_37152,0.01737518422305584,0.9987022876739502
TEST_37153,0.06464394181966782,0.8401834964752197
TEST_37154,0.9867968559265137,0.624973475933075
TEST_37155,0.0013057503383606672,0.9950149655342102
TEST_37156,0.0020448090508580208,0.996052622795105
TEST_37157,0.7033863663673401,0.37103384733200073
TEST_37158,0.012505059130489826,0.9996969699859619
TEST_37159,0.21479707956314087,0.9970671534538269
TEST_37160,0.2150575816631317,0.7495591640472412
TEST_37161,0.005738609004765749,0.9857075810432434
TEST_37162,0.002385541796684265,0.9924448132514954
TEST_37163,0.0032074861228466034,0.9996095299720764
TEST_37164,0.1736936867237091,0.8875962495803833
TEST_37165,0.9536527395248413,0.8122031688690186
TEST_37166,0.0033686275128275156,0.9967172741889954
TEST_37167,0.031050672754645348,0.9720368385314941
TEST_37168,0.5870534181594849,0.8900724649429321
TEST_37169,0.005736658815294504,0.9888774752616882
TEST_37170,0.005629127845168114,0.994554877281189
TEST_37171,0.003862218465656042,0.9969773292541504
TEST_37172,0.0032932376489043236,0.9998021721839905
TEST_37173,0.010672666132450104,0.9506679177284241
TEST_37174,0.018457910045981407,0.9271818995475769
TEST_37175,0.0473422110080719,0.9993988275527954
TEST_37176,0.9886128902435303,0.7648661136627197
TEST_37177,0.004799852147698402,0.9882016777992249
TEST_37178,0.002321608131751418,0.9781573414802551
TEST_37179,0.0017143322620540857,0.9877917170524597
TEST_37180,0.006844004616141319,0.9977656602859497
TEST_37181,0.03136763349175453,0.9651356935501099
TEST_37182,0.0020461941603571177,0.9652596116065979
TEST_37183,0.059795498847961426,0.9945554733276367
TEST_37184,0.4923015236854553,0.9246501326560974
TEST_37185,0.02206292375922203,0.9556930065155029
TEST_37186,0.5273417830467224,0.9899532198905945
TEST_37187,0.0032001722138375044,0.9988804459571838
TEST_37188,0.635381817817688,0.17182761430740356
TEST_37189,0.011077926494181156,0.9958283305168152
TEST_37190,0.005994163919240236,0.9903258681297302
TEST_37191,0.015073753893375397,0.988286554813385
TEST_37192,0.02090119756758213,0.9954108595848083
TEST_37193,0.12272541224956512,0.8701674938201904
TEST_37194,0.0023630307987332344,0.9953972697257996
TEST_37195,0.0012074059341102839,0.9985600113868713
TEST_37196,0.013553355820477009,0.8881590366363525
TEST_37197,0.04490872845053673,0.9207146167755127
TEST_37198,0.0125252241268754,0.9972948431968689
TEST_37199,0.0016315372195094824,0.9988622665405273
TEST_37200,0.02514062635600567,0.9970695972442627
TEST_37201,0.017298206686973572,0.9993883371353149
TEST_37202,0.007785441353917122,0.9980910420417786
TEST_37203,0.03066461719572544,0.9035986661911011
TEST_37204,0.013737726956605911,0.9941732287406921
TEST_37205,0.03218463808298111,0.8787788152694702
TEST_37206,0.024148084223270416,0.9829698801040649
TEST_37207,0.012902400456368923,0.9919943809509277
TEST_37208,0.21822410821914673,0.6935113668441772
TEST_37209,0.03222448006272316,0.9835531711578369
TEST_37210,0.15482349693775177,0.9419330358505249
TEST_37211,0.11720003187656403,0.8953303694725037
TEST_37212,0.0057261050678789616,0.9997709393501282
TEST_37213,0.6114434003829956,0.8989734649658203
TEST_37214,3.769459726754576e-05,0.9998238682746887
TEST_37215,0.011001273058354855,0.9318254590034485
TEST_37216,0.33702123165130615,0.962685227394104
TEST_37217,0.009607468731701374,0.7952637076377869
TEST_37218,0.1431271880865097,0.9748786091804504
TEST_37219,0.03514774888753891,0.989891529083252
TEST_37220,0.030851449817419052,0.9095842242240906
TEST_37221,0.0013262578286230564,0.9985517859458923
TEST_37222,0.020667240023612976,0.9059150218963623
TEST_37223,0.006070305127650499,0.9979692101478577
TEST_37224,0.03801175579428673,0.8339977860450745
TEST_37225,0.006162487901747227,0.9996981620788574
TEST_37226,0.10903580486774445,0.9988903403282166
TEST_37227,0.0011934316717088223,0.9965386390686035
TEST_37228,0.03214990720152855,0.9850243330001831
TEST_37229,0.012387675233185291,0.9847352504730225
TEST_37230,0.12434101849794388,0.9903318881988525
TEST_37231,0.005390259902924299,0.9527815580368042
TEST_37232,0.052951276302337646,0.9758198261260986
TEST_37233,0.004167150240391493,0.9997736811637878
TEST_37234,0.3510815501213074,0.9973676800727844
TEST_37235,0.0828356072306633,0.9443308711051941
TEST_37236,0.03774716332554817,0.9672906994819641
TEST_37237,0.0017522132256999612,0.9983958601951599
TEST_37238,0.011690293438732624,0.9992357492446899
TEST_37239,0.16582119464874268,0.9035142064094543
TEST_37240,0.0833037942647934,0.8905113339424133
TEST_37241,8.474708738503978e-05,0.9991249442100525
TEST_37242,0.03341355547308922,0.9017530083656311
TEST_37243,0.9991053938865662,0.11425650119781494
TEST_37244,0.029927922412753105,0.9457564353942871
TEST_37245,0.2559017837047577,0.9652587175369263
TEST_37246,0.029133303090929985,0.8410574793815613
TEST_37247,0.011933280155062675,0.9990431666374207
TEST_37248,0.001206430490128696,0.9998784065246582
TEST_37249,0.08417567610740662,0.8854120373725891
TEST_37250,0.14906910061836243,0.9904386401176453
TEST_37251,0.11885236948728561,0.8329793810844421
TEST_37252,0.07440207898616791,0.8676091432571411
TEST_37253,0.03977731615304947,0.9040735960006714
TEST_37254,0.07076522707939148,0.8625983595848083
TEST_37255,0.00759280426427722,0.9997389912605286
TEST_37256,0.18914324045181274,0.7335712909698486
TEST_37257,0.04266422986984253,0.8779075145721436
TEST_37258,0.03341460973024368,0.9736415147781372
TEST_37259,0.007019456010311842,0.9975676536560059
TEST_37260,0.11200122535228729,0.9571518301963806
TEST_37261,0.04183852672576904,0.8539312481880188
TEST_37262,0.013781598769128323,0.9822741150856018
TEST_37263,0.0007748377392999828,0.9998487234115601
TEST_37264,0.016466954723000526,0.9988359808921814
TEST_37265,0.0012526153586804867,0.9999165534973145
TEST_37266,0.0011491085169836879,0.99456387758255
TEST_37267,0.060554344207048416,0.860196053981781
TEST_37268,0.0020972266793251038,0.962275505065918
TEST_37269,0.014896306209266186,0.9972614049911499
TEST_37270,0.001332700252532959,0.9999752044677734
TEST_37271,0.005302387289702892,0.9155269265174866
TEST_37272,0.0003707755240611732,0.9882965683937073
TEST_37273,0.04966855049133301,0.9102580547332764
TEST_37274,0.0020829816348850727,0.999617338180542
TEST_37275,0.02273702248930931,0.9747406244277954
TEST_37276,0.029335323721170425,0.9590348601341248
TEST_37277,0.9744276404380798,0.03047937899827957
TEST_37278,0.012487581931054592,0.9883354902267456
TEST_37279,0.07912244647741318,0.9220154285430908
TEST_37280,2.04719481189386e-06,0.9998385906219482
TEST_37281,0.06637828797101974,0.8756852746009827
TEST_37282,0.016741955652832985,0.9423316121101379
TEST_37283,0.03362145274877548,0.9386638402938843
TEST_37284,0.02741481550037861,0.9400439262390137
TEST_37285,0.21269835531711578,0.9900064468383789
TEST_37286,0.01475392747670412,0.9677464365959167
TEST_37287,0.0020610929932445288,0.986578106880188
TEST_37288,0.001988462172448635,0.9859524965286255
TEST_37289,0.00424690917134285,0.9959406852722168
TEST_37290,0.08581914752721786,0.9648472666740417
TEST_37291,0.0074537754990160465,0.9986487030982971
TEST_37292,0.0017159284325316548,0.987722635269165
TEST_37293,0.045400090515613556,0.996422290802002
TEST_37294,0.006205419544130564,0.9944334626197815
TEST_37295,0.029858451336622238,0.96408611536026
TEST_37296,0.004196851514279842,0.9748066663742065
TEST_37297,0.8983941674232483,0.27810946106910706
TEST_37298,0.14808149635791779,0.9357674717903137
TEST_37299,0.055267028510570526,0.5622954368591309
TEST_37300,0.003843003883957863,0.9847849607467651
TEST_37301,0.018001291900873184,0.9993233680725098
TEST_37302,0.009387574158608913,0.9926466941833496
TEST_37303,0.0361199826002121,0.810509979724884
TEST_37304,0.021209832280874252,0.9379510283470154
TEST_37305,0.04496697708964348,0.9075100421905518
TEST_37306,0.14481927454471588,0.9658104181289673
TEST_37307,0.0009853054070845246,0.9977153539657593
TEST_37308,0.0041321152821183205,0.9781892895698547
TEST_37309,0.026824967935681343,0.9954621195793152
TEST_37310,0.056940823793411255,0.8343839049339294
TEST_37311,0.010864080861210823,0.9622446298599243
TEST_37312,0.00026459936634637415,0.9995935559272766
TEST_37313,0.15510031580924988,0.9926785230636597
TEST_37314,0.7547628283500671,0.5383163094520569
TEST_37315,0.0030060275457799435,0.991397500038147
TEST_37316,0.0044461521320044994,0.995726466178894
TEST_37317,0.0032017421908676624,0.9999974966049194
TEST_37318,1.693276317382697e-05,0.9990125894546509
TEST_37319,0.028679534792900085,0.9851183891296387
TEST_37320,0.06184110417962074,0.9911858439445496
TEST_37321,0.013054112903773785,0.9255316853523254
TEST_37322,0.04617816209793091,0.9631631970405579
TEST_37323,0.054165128618478775,0.8294957876205444
TEST_37324,0.01845974288880825,0.9516234993934631
TEST_37325,0.04949195310473442,0.967099666595459
TEST_37326,0.11211224645376205,0.926917314529419
TEST_37327,0.023023996502161026,0.9818236231803894
TEST_37328,0.008738459087908268,0.877049446105957
TEST_37329,0.3753378093242645,0.3643959164619446
TEST_37330,0.010422478429973125,0.9302407503128052
TEST_37331,0.0846543237566948,0.9942594766616821
TEST_37332,0.026070699095726013,0.7139354944229126
TEST_37333,0.8385756015777588,0.8776144981384277
TEST_37334,0.02910592593252659,0.8833028674125671
TEST_37335,0.026623155921697617,0.9984403252601624
TEST_37336,0.02607041783630848,0.9944213032722473
TEST_37337,0.1682378351688385,0.9891146421432495
TEST_37338,0.9537681341171265,0.5121790766716003
TEST_37339,0.15690968930721283,0.6481053829193115
TEST_37340,0.03876299783587456,0.9136692881584167
TEST_37341,0.1923827826976776,0.9968540072441101
TEST_37342,0.0017541601555421948,0.9950502514839172
TEST_37343,0.004603093955665827,0.9992818236351013
TEST_37344,0.002240827539935708,0.9990187883377075
TEST_37345,0.9969238638877869,0.06096046045422554
TEST_37346,0.01674715429544449,0.8795093297958374
TEST_37347,0.0006271766615100205,0.9949491024017334
TEST_37348,0.009532272815704346,0.9994150400161743
TEST_37349,0.15250888466835022,0.9424867630004883
TEST_37350,0.002391156507655978,0.9995751976966858
TEST_37351,0.0008826756966300309,0.9981299042701721
TEST_37352,0.03794969245791435,0.8694360852241516
TEST_37353,0.3791322112083435,0.7019445896148682
TEST_37354,0.16327545046806335,0.977027416229248
TEST_37355,0.0733792632818222,0.9945781230926514
TEST_37356,0.008726637810468674,0.9608939290046692
TEST_37357,0.3450343906879425,0.9941043257713318
TEST_37358,0.016324715688824654,0.9901859760284424
TEST_37359,0.06847955286502838,0.9891966581344604
TEST_37360,0.045359913259744644,0.9863536953926086
TEST_37361,0.00047969442675821483,0.9985713958740234
TEST_37362,0.003887520171701908,0.9287179708480835
TEST_37363,0.0013200053945183754,0.994584858417511
TEST_37364,0.011019784025847912,0.9896518588066101
TEST_37365,0.004419256933033466,0.9936488270759583
TEST_37366,0.8781789541244507,0.0886884406208992
TEST_37367,0.9967765212059021,0.004987302236258984
TEST_37368,0.020049791783094406,0.9768643975257874
TEST_37369,0.003532702336087823,0.9903106689453125
TEST_37370,0.01482350006699562,0.9772327542304993
TEST_37371,0.003741262713447213,0.9989953637123108
TEST_37372,0.2510632574558258,0.842991054058075
TEST_37373,0.01962892711162567,0.9119412899017334
TEST_37374,0.0035232962109148502,0.9951717257499695
TEST_37375,0.0027569879312068224,0.9898338317871094
TEST_37376,0.007903506979346275,0.9822551012039185
TEST_37377,0.010065782815217972,0.9797516465187073
TEST_37378,0.9841974377632141,0.0008365078247152269
TEST_37379,0.013442273251712322,0.9903590083122253
TEST_37380,0.038247864693403244,0.970787763595581
TEST_37381,0.002137548988685012,0.996170699596405
TEST_37382,0.001199904945679009,0.9308648705482483
TEST_37383,0.9684500694274902,0.9605497717857361
TEST_37384,0.003640548326075077,0.9962738752365112
TEST_37385,0.9999521970748901,1.8402937712380663e-05
TEST_37386,0.011126288212835789,0.992620050907135
TEST_37387,0.07429488748311996,0.9547291994094849
TEST_37388,0.6057859659194946,0.5412859916687012
TEST_37389,0.008879361674189568,0.9928735494613647
TEST_37390,0.014132082462310791,0.9954778552055359
TEST_37391,0.039762549102306366,0.997984766960144
TEST_37392,0.21546556055545807,0.9698411226272583
TEST_37393,0.003898916533216834,0.9997923970222473
TEST_37394,0.0027443745639175177,0.9965173006057739
TEST_37395,0.010572723113000393,0.9976280331611633
TEST_37396,0.0020055922213941813,0.9966580867767334
TEST_37397,0.9961531758308411,0.10510113835334778
TEST_37398,0.9919900298118591,0.04809686914086342
TEST_37399,0.02197546884417534,0.9983423948287964
TEST_37400,0.039943184703588486,0.7886891961097717
TEST_37401,0.00023667632194701582,0.9998772144317627
TEST_37402,0.02500104159116745,0.9975766539573669
TEST_37403,0.1101825088262558,0.9374849796295166
TEST_37404,0.04405662417411804,0.986186146736145
TEST_37405,0.02624177746474743,0.9626966118812561
TEST_37406,0.0028004301711916924,0.9990972280502319
TEST_37407,0.1767478883266449,0.9858567714691162
TEST_37408,0.11963127553462982,0.8629457950592041
TEST_37409,0.02312389574944973,0.9925999641418457
TEST_37410,0.4217334985733032,0.36624786257743835
TEST_37411,0.7928507328033447,0.6055567264556885
TEST_37412,0.009951036423444748,0.987438976764679
TEST_37413,0.015875833109021187,0.9969402551651001
TEST_37414,0.012628384865820408,0.9260709285736084
TEST_37415,0.9998663663864136,0.0006754607311449945
TEST_37416,0.03530551865696907,0.9557532668113708
TEST_37417,0.023380165919661522,0.917067289352417
TEST_37418,0.005295724608004093,0.7177796363830566
TEST_37419,0.009027387946844101,0.9488652944564819
TEST_37420,0.8928338289260864,0.9609826803207397
TEST_37421,0.002425584476441145,0.9910262227058411
TEST_37422,0.0326714850962162,0.9921703934669495
TEST_37423,0.009435741230845451,0.9958904981613159
TEST_37424,0.024431725963950157,0.926785409450531
TEST_37425,0.00631458917632699,0.9973887801170349
TEST_37426,0.8687527775764465,0.9251906871795654
TEST_37427,0.0040411874651908875,0.9984109401702881
TEST_37428,0.038573890924453735,0.9950500130653381
TEST_37429,0.0015083503676578403,0.9996011853218079
TEST_37430,0.0062799914740026,0.9264417886734009
TEST_37431,0.08284616470336914,0.987589955329895
TEST_37432,0.0004867346433456987,0.9996176958084106
TEST_37433,0.003959374967962503,0.9949524402618408
TEST_37434,0.009778792038559914,0.9588962197303772
TEST_37435,0.020550044253468513,0.8849921822547913
TEST_37436,0.0011478913947939873,0.9980248212814331
TEST_37437,0.03357885777950287,0.9314971566200256
TEST_37438,0.048561371862888336,0.7808610796928406
TEST_37439,0.006748417858034372,0.9973391890525818
TEST_37440,0.7953094840049744,0.027693739160895348
TEST_37441,0.03060857206583023,0.9804331064224243
TEST_37442,0.023677513003349304,0.9686439633369446
TEST_37443,0.010277765803039074,0.549921989440918
TEST_37444,0.0442361906170845,0.13238580524921417
TEST_37445,0.9747357368469238,0.9852384924888611
TEST_37446,0.0015431261854246259,0.9993913173675537
TEST_37447,0.008036728948354721,0.981217622756958
TEST_37448,0.010619870387017727,0.9885405898094177
TEST_37449,0.010763075202703476,0.9855082631111145
TEST_37450,0.0006906642229296267,0.9844163060188293
TEST_37451,0.02196330763399601,0.9988704323768616
TEST_37452,0.9811156988143921,0.3738231658935547
TEST_37453,0.01459847018122673,0.9924501180648804
TEST_37454,0.006953900679945946,0.9861343502998352
TEST_37455,0.011882656253874302,0.9997277855873108
TEST_37456,0.006095115095376968,0.9894922971725464
TEST_37457,0.0021037242840975523,0.9936602711677551
TEST_37458,0.08126311749219894,0.9940993785858154
TEST_37459,0.024947907775640488,0.879443347454071
TEST_37460,0.005384559743106365,0.9803416728973389
TEST_37461,0.03556573763489723,0.9975001215934753
TEST_37462,0.5392888784408569,0.7400363683700562
TEST_37463,0.9940073490142822,0.05476034805178642
TEST_37464,0.01633521541953087,0.9734319448471069
TEST_37465,0.020377350971102715,0.9808680415153503
TEST_37466,0.0009117055451497436,0.9991010427474976
TEST_37467,0.9726644158363342,0.9604411125183105
TEST_37468,0.18061044812202454,0.9300931692123413
TEST_37469,0.00012567368685267866,0.9998608827590942
TEST_37470,0.039610352367162704,0.9667440056800842
TEST_37471,0.33661529421806335,0.880091667175293
TEST_37472,0.0008142952574416995,0.993510901927948
TEST_37473,0.0036453166976571083,0.9996824264526367
TEST_37474,0.0017435902263969183,0.9954264760017395
TEST_37475,0.00590876629576087,0.9979457259178162
TEST_37476,0.0008016893407329917,0.9987344145774841
TEST_37477,0.001091435318812728,0.9971197843551636
TEST_37478,0.0016044024378061295,0.9988983869552612
TEST_37479,0.0009768519084900618,0.9856178164482117
TEST_37480,0.3442612886428833,0.16930322349071503
TEST_37481,1.5027924291644013e-06,0.9995211362838745
TEST_37482,0.0012036481639370322,0.9994199275970459
TEST_37483,0.04239387810230255,0.9666795134544373
TEST_37484,0.0045266482047736645,0.9969160556793213
TEST_37485,0.08757275342941284,0.8517788648605347
TEST_37486,0.01287857349961996,0.8445302844047546
TEST_37487,0.001218674355186522,0.9932140111923218
TEST_37488,0.011543705128133297,0.9979514479637146
TEST_37489,0.015672406181693077,0.8766691088676453
TEST_37490,0.01848728395998478,0.9943135976791382
TEST_37491,0.0035633721854537725,0.9962742328643799
TEST_37492,0.005788171663880348,0.9749934673309326
TEST_37493,0.0026865629479289055,0.9968157410621643
TEST_37494,0.5393708944320679,0.7772051692008972
TEST_37495,0.025248033925890923,0.9390629529953003
TEST_37496,0.008740536868572235,0.984961986541748
TEST_37497,0.9968760013580322,0.7087457180023193
TEST_37498,0.015709370374679565,0.9591872692108154
TEST_37499,0.03200799599289894,0.995743453502655
TEST_37500,0.0013105121906846762,0.9984443783760071
TEST_37501,0.05621357634663582,0.9882275462150574
TEST_37502,0.02970338612794876,0.7383736968040466
TEST_37503,0.0015948335640132427,0.9933186769485474
TEST_37504,0.012404955923557281,0.8795632123947144
TEST_37505,0.009834205731749535,0.9941844344139099
TEST_37506,0.031372442841529846,0.9821450710296631
TEST_37507,0.0005443279515020549,0.993794322013855
TEST_37508,0.0025534650776535273,0.8758982419967651
TEST_37509,0.0007902386714704335,0.9995169639587402
TEST_37510,0.281176894903183,0.704882025718689
TEST_37511,0.04721478372812271,0.9976697564125061
TEST_37512,0.04222630336880684,0.9562925696372986
TEST_37513,0.0013183087576180696,0.9940073490142822
TEST_37514,0.0033534816466271877,0.9690045118331909
TEST_37515,0.0032936178613454103,0.9995599389076233
TEST_37516,0.003490519244223833,0.9974874258041382
TEST_37517,0.047523729503154755,0.9269055128097534
TEST_37518,0.28198498487472534,0.7251457571983337
TEST_37519,0.011518856510519981,0.9917603135108948
TEST_37520,0.3429664969444275,0.9496277570724487
TEST_37521,0.02368621900677681,0.963643491268158
TEST_37522,0.07296020537614822,0.7915655970573425
TEST_37523,0.0016925481613725424,0.9993578791618347
TEST_37524,0.0018875602399930358,0.9994775652885437
TEST_37525,0.014276423491537571,0.9998530149459839
TEST_37526,0.047618843615055084,0.9955782294273376
TEST_37527,0.0073288846760988235,0.9972072243690491
TEST_37528,0.002440354088321328,0.9831764698028564
TEST_37529,0.016934232786297798,0.977771520614624
TEST_37530,0.011134023778140545,0.9802542328834534
TEST_37531,0.016100140288472176,0.9906384944915771
TEST_37532,0.08901215344667435,0.9694069623947144
TEST_37533,0.9228460788726807,0.3184511959552765
TEST_37534,0.023987190797924995,0.9797132015228271
TEST_37535,0.021808385848999023,0.9598737955093384
TEST_37536,0.0038238861598074436,0.9983615279197693
TEST_37537,0.00406039971858263,0.9987937211990356
TEST_37538,0.0014568023616448045,0.9977812170982361
TEST_37539,0.007149341981858015,0.9967498779296875
TEST_37540,0.021968264132738113,0.9151427149772644
TEST_37541,0.008023830130696297,0.9965684413909912
TEST_37542,0.00011838800128316507,0.9999473094940186
TEST_37543,0.0800212100148201,0.9704570174217224
TEST_37544,0.0011808336712419987,0.9988252520561218
TEST_37545,0.03740302100777626,0.8770979046821594
TEST_37546,0.037791695445775986,0.8757293820381165
TEST_37547,0.5765219926834106,0.9203298687934875
TEST_37548,0.0025881431065499783,0.9631447196006775
TEST_37549,0.0040818387642502785,0.9970473647117615
TEST_37550,0.0031846442725509405,0.9880222082138062
TEST_37551,0.002874571830034256,0.990472674369812
TEST_37552,0.01136294100433588,0.9974184036254883
TEST_37553,0.05746225267648697,0.8925237655639648
TEST_37554,0.010379190556704998,0.9988871216773987
TEST_37555,0.0009754921775311232,0.984670877456665
TEST_37556,0.009962567128241062,0.9910153746604919
TEST_37557,0.036822035908699036,0.983346700668335
TEST_37558,0.02877832017838955,0.89444500207901
TEST_37559,0.08412090688943863,0.9616729617118835
TEST_37560,0.44473832845687866,0.1366981416940689
TEST_37561,0.028600983321666718,0.9336682558059692
TEST_37562,0.0290216114372015,0.9895660877227783
TEST_37563,0.011134249158203602,0.972137451171875
TEST_37564,0.014331626705825329,0.9983037710189819
TEST_37565,0.0047368318773806095,0.9984976053237915
TEST_37566,0.0024752765893936157,0.9933779835700989
TEST_37567,0.007924205623567104,0.8811115026473999
TEST_37568,0.0056970249861478806,0.7963179349899292
TEST_37569,0.18020667135715485,0.9260460734367371
TEST_37570,0.011811939999461174,0.9939403533935547
TEST_37571,0.0006860278663225472,0.9961207509040833
TEST_37572,0.02496722899377346,0.9596355557441711
TEST_37573,0.019779399037361145,0.9030998945236206
TEST_37574,0.023677313700318336,0.9891427159309387
TEST_37575,0.11688035726547241,0.9142699837684631
TEST_37576,0.011985868215560913,0.9956314563751221
TEST_37577,0.1398252695798874,0.8013373613357544
TEST_37578,0.030022554099559784,0.8578305244445801
TEST_37579,0.034418653696775436,0.5997248291969299
TEST_37580,0.005409262143075466,0.9676570296287537
TEST_37581,0.9406964778900146,0.1779455840587616
TEST_37582,0.0011530728079378605,0.986967146396637
TEST_37583,0.025460105389356613,0.9484822154045105
TEST_37584,0.0017953687347471714,0.9995805621147156
TEST_37585,0.0012550289975479245,0.9934012293815613
TEST_37586,0.0047988868318498135,0.9930786490440369
TEST_37587,0.0035669414792209864,0.999392032623291
TEST_37588,0.07748866826295853,0.9074639678001404
TEST_37589,0.006599402520805597,0.9945195317268372
TEST_37590,0.7989523410797119,0.42984387278556824
TEST_37591,0.001792520983144641,0.8905019164085388
TEST_37592,0.002385845873504877,0.9966720342636108
TEST_37593,0.0046423193998634815,0.9978965520858765
TEST_37594,0.06326812505722046,0.35204315185546875
TEST_37595,0.08900747448205948,0.9354627728462219
TEST_37596,0.028483247384428978,0.9992040991783142
TEST_37597,0.0037418121937662363,0.9614612460136414
TEST_37598,0.5621157288551331,0.9974455833435059
TEST_37599,0.02606067806482315,0.9826238751411438
TEST_37600,0.0005248826928436756,0.9996870756149292
TEST_37601,0.1860649287700653,0.739753246307373
TEST_37602,0.008529110811650753,0.9952117800712585
TEST_37603,0.001060240319930017,0.9846141338348389
TEST_37604,0.010691029019653797,0.9988604784011841
TEST_37605,0.3030036985874176,0.9898077845573425
TEST_37606,0.17679210007190704,0.6057757139205933
TEST_37607,0.08685221523046494,0.9704738259315491
TEST_37608,0.12631669640541077,0.8744717240333557
TEST_37609,0.0013660346157848835,0.998731791973114
TEST_37610,0.004807212855666876,0.9989639520645142
TEST_37611,0.00102343934122473,0.9897706508636475
TEST_37612,0.01299844216555357,0.969048261642456
TEST_37613,0.010849052108824253,0.9986668825149536
TEST_37614,0.042541466653347015,0.9977867603302002
TEST_37615,0.06637310236692429,0.9808815717697144
TEST_37616,0.0867607444524765,0.994968593120575
TEST_37617,0.009393077343702316,0.9947595000267029
TEST_37618,0.0697253942489624,0.8932196497917175
TEST_37619,0.005372792482376099,0.9959704875946045
TEST_37620,0.9950633645057678,0.016347097232937813
TEST_37621,0.009939885698258877,0.9957719445228577
TEST_37622,0.1762188971042633,0.6795492768287659
TEST_37623,0.8865326046943665,0.8011074662208557
TEST_37624,0.12204994261264801,0.978116512298584
TEST_37625,0.04391377791762352,0.9979863166809082
TEST_37626,0.051614657044410706,0.9382944703102112
TEST_37627,0.0036644795909523964,0.9994189739227295
TEST_37628,0.095194511115551,0.8035634756088257
TEST_37629,0.00829322636127472,0.9807445406913757
TEST_37630,0.053623784333467484,0.8812702298164368
TEST_37631,0.002597638638690114,0.9973475933074951
TEST_37632,0.0014382860390469432,0.9804434180259705
TEST_37633,0.9049771428108215,0.9398963451385498
TEST_37634,0.005196908488869667,0.9993808269500732
TEST_37635,0.22708816826343536,0.8075725436210632
TEST_37636,0.011528350412845612,0.9982761144638062
TEST_37637,0.00031618631328456104,0.9994080066680908
TEST_37638,0.0173198152333498,0.9505698680877686
TEST_37639,0.9994078874588013,0.004712716210633516
TEST_37640,0.007133089937269688,0.9824811816215515
TEST_37641,0.5481446385383606,0.741723895072937
TEST_37642,0.06683936715126038,0.9931574463844299
TEST_37643,0.009898778982460499,0.9988096952438354
TEST_37644,0.0010825971839949489,0.9927223324775696
TEST_37645,0.058685533702373505,0.8274719715118408
TEST_37646,0.06643509119749069,0.9821313619613647
TEST_37647,0.04176059737801552,0.7276639342308044
TEST_37648,0.005114326253533363,0.7831341028213501
TEST_37649,0.07389333099126816,0.8530033230781555
TEST_37650,0.0030128515791147947,0.9986720085144043
TEST_37651,0.002314881654456258,0.9941124320030212
TEST_37652,0.03686830773949623,0.9229274988174438
TEST_37653,0.99813312292099,0.8236513137817383
TEST_37654,0.09969224780797958,0.7137663960456848
TEST_37655,0.6812227964401245,0.719597339630127
TEST_37656,0.0010922644287347794,0.9756976366043091
TEST_37657,0.026815472170710564,0.9992349147796631
TEST_37658,0.020607950165867805,0.894557535648346
TEST_37659,0.005590659100562334,0.9091098308563232
TEST_37660,0.19924384355545044,0.5010872483253479
TEST_37661,0.11462480574846268,0.8718926310539246
TEST_37662,0.02463519014418125,0.9857997894287109
TEST_37663,0.013928340747952461,0.8849359750747681
TEST_37664,0.0641646608710289,0.9829514622688293
TEST_37665,0.008754217997193336,0.9703346490859985
TEST_37666,0.013401388190686703,0.9966896772384644
TEST_37667,0.002471629297360778,0.8214364647865295
TEST_37668,0.9754225015640259,0.5248467922210693
TEST_37669,0.037203799933195114,0.8341459035873413
TEST_37670,0.0009742907132022083,0.9818383455276489
TEST_37671,0.03528400510549545,0.915392279624939
TEST_37672,0.9867811799049377,0.0021720074582844973
TEST_37673,0.01030257623642683,0.9827767610549927
TEST_37674,0.0708608329296112,0.9392428398132324
TEST_37675,0.03289412707090378,0.876590371131897
TEST_37676,0.022311925888061523,0.9912789463996887
TEST_37677,0.011311434209346771,0.9762147068977356
TEST_37678,0.11947459727525711,0.849016547203064
TEST_37679,0.011654800735414028,0.9704645276069641
TEST_37680,0.01621648296713829,0.9995135068893433
TEST_37681,0.03961094841361046,0.856326162815094
TEST_37682,0.4537663459777832,0.4401225745677948
TEST_37683,0.01440886314958334,0.9934712648391724
TEST_37684,0.001714204205200076,0.9990471005439758
TEST_37685,0.01333447266370058,0.9924101829528809
TEST_37686,0.011538157239556313,0.9821832180023193
TEST_37687,0.0041504730470478535,0.9721447825431824
TEST_37688,0.4857310354709625,0.9345439672470093
TEST_37689,0.16689234972000122,0.9312403798103333
TEST_37690,0.005603705998510122,0.8995307087898254
TEST_37691,0.023508545011281967,0.9997051358222961
TEST_37692,0.009695809334516525,0.980455219745636
TEST_37693,0.02263185754418373,0.9590400457382202
TEST_37694,0.009592961519956589,0.9997572302818298
TEST_37695,0.002877427265048027,0.9983571171760559
TEST_37696,0.03271453082561493,0.9245266914367676
TEST_37697,0.003582690143957734,0.9898870587348938
TEST_37698,0.019943993538618088,0.6929630041122437
TEST_37699,0.023562630638480186,0.9919284582138062
TEST_37700,0.0047066607512533665,0.9946116209030151
TEST_37701,0.02313859760761261,0.9981802701950073
TEST_37702,0.022089092060923576,0.9489988684654236
TEST_37703,0.01890757866203785,0.9999724626541138
TEST_37704,0.001473944983445108,0.9997175335884094
TEST_37705,0.07018725574016571,0.9610584378242493
TEST_37706,0.8853785991668701,0.861122727394104
TEST_37707,0.6056349277496338,0.9129874110221863
TEST_37708,0.016921931877732277,0.9679292440414429
TEST_37709,0.0003009590145666152,0.9998828172683716
TEST_37710,0.005665468517690897,0.867161214351654
TEST_37711,0.7398456335067749,0.6359938979148865
TEST_37712,0.0061513567343354225,0.9701542854309082
TEST_37713,0.4716215431690216,0.6809670329093933
TEST_37714,0.018664222210645676,0.9272992610931396
TEST_37715,0.009252439253032207,0.9948015213012695
TEST_37716,0.984071671962738,0.9238335490226746
TEST_37717,0.004213996697217226,0.988381564617157
TEST_37718,0.005088543985038996,0.9750977754592896
TEST_37719,0.015036498196423054,0.949999988079071
TEST_37720,0.0030718850903213024,0.9863199591636658
TEST_37721,0.002682510996237397,0.996840238571167
TEST_37722,0.01598220318555832,0.9597136974334717
TEST_37723,0.18699006736278534,0.9826861619949341
TEST_37724,0.00011542244465090334,0.9999853372573853
TEST_37725,0.0008302911301143467,0.9926515221595764
TEST_37726,0.002639875514432788,0.999521017074585
TEST_37727,0.0035341326147317886,0.9999526739120483
TEST_37728,0.06662198156118393,0.9829548001289368
TEST_37729,0.09612446278333664,0.442196249961853
TEST_37730,0.15310601890087128,0.9808211326599121
TEST_37731,0.002367839915677905,0.9816138744354248
TEST_37732,0.004655642434954643,0.986323356628418
TEST_37733,0.06128270551562309,0.9463804960250854
TEST_37734,0.0025762072764337063,0.9999078512191772
TEST_37735,0.5220823287963867,0.9108783006668091
TEST_37736,0.03364298865199089,0.990587592124939
TEST_37737,0.4132598638534546,0.8932499885559082
TEST_37738,0.011001423932611942,0.9100461602210999
TEST_37739,0.0035761420149356127,0.9748581051826477
TEST_37740,0.007299118209630251,0.9555230140686035
TEST_37741,0.3763594627380371,0.9902713894844055
TEST_37742,0.0017812032019719481,0.9940926432609558
TEST_37743,0.005110146943479776,0.9895190596580505
TEST_37744,0.27961015701293945,0.8967949151992798
TEST_37745,0.005543733015656471,0.938397228717804
TEST_37746,0.02115856483578682,0.9680048227310181
TEST_37747,0.17300690710544586,0.893363356590271
TEST_37748,0.01677541993558407,0.971405029296875
TEST_37749,0.03301629051566124,0.9904693961143494
TEST_37750,0.003981973044574261,0.9689491987228394
TEST_37751,0.0006351234624162316,0.9944082498550415
TEST_37752,0.03485720232129097,0.9842028617858887
TEST_37753,0.0006953762494958937,0.8634235858917236
TEST_37754,0.04265260323882103,0.9523543119430542
TEST_37755,0.004604540765285492,0.9983838796615601
TEST_37756,0.007939943112432957,0.9926020503044128
TEST_37757,0.03194019943475723,0.9971099495887756
TEST_37758,0.004252464044839144,0.9756616353988647
TEST_37759,0.05730085074901581,0.8741446733474731
TEST_37760,0.9999969005584717,4.100912519788835e-06
TEST_37761,0.00809116568416357,0.9940647482872009
TEST_37762,0.38624897599220276,0.9946104288101196
TEST_37763,0.9534011483192444,0.9437437653541565
TEST_37764,0.07354491949081421,0.1706332564353943
TEST_37765,0.0007067776168696582,0.9983428716659546
TEST_37766,0.0013724385062232614,0.9996500015258789
TEST_37767,0.405368447303772,0.15830060839653015
TEST_37768,0.0012476327829062939,0.9957913160324097
TEST_37769,0.25841355323791504,0.37635067105293274
TEST_37770,0.0007787483627907932,0.999924898147583
TEST_37771,0.011685621924698353,0.9988596439361572
TEST_37772,0.033204589039087296,0.9139925241470337
TEST_37773,0.011696645990014076,0.9989553689956665
TEST_37774,0.005548256449401379,0.9997389912605286
TEST_37775,0.0033395406790077686,0.9984217882156372
TEST_37776,0.0014334189472720027,0.9809329509735107
TEST_37777,0.6003208160400391,0.05057205259799957
TEST_37778,0.21849636733531952,0.9287198185920715
TEST_37779,0.007791067939251661,0.9982703924179077
TEST_37780,0.027311136946082115,0.9816229343414307
TEST_37781,0.03299460932612419,0.9487159252166748
TEST_37782,0.0529465414583683,0.9966320395469666
TEST_37783,0.0011955684749409556,0.9973042011260986
TEST_37784,0.002941108774393797,0.9971522092819214
TEST_37785,0.0005378028145059943,0.9999997615814209
TEST_37786,0.8419938683509827,0.9689485430717468
TEST_37787,0.0026092289481312037,0.9877563714981079
TEST_37788,0.24209138751029968,0.8848003149032593
TEST_37789,0.12192066758871078,0.8030314445495605
TEST_37790,0.001758179278112948,0.9994719624519348
TEST_37791,0.0012739154044538736,0.9969751834869385
TEST_37792,0.7726814150810242,0.8546707630157471
TEST_37793,0.010627719573676586,0.9974408149719238
TEST_37794,0.012261442840099335,0.8837794065475464
TEST_37795,0.004327074624598026,0.9989269375801086
TEST_37796,0.07079672068357468,0.7474195957183838
TEST_37797,0.02588196098804474,0.9196336269378662
TEST_37798,0.002517564222216606,0.9567371010780334
TEST_37799,0.00419245008379221,0.891304612159729
TEST_37800,0.0061389184556901455,0.9911545515060425
TEST_37801,0.14194074273109436,0.9983783960342407
TEST_37802,0.0015573217533528805,0.9913643598556519
TEST_37803,0.0014135647797957063,0.9994803071022034
TEST_37804,0.006616962607949972,0.9787985682487488
TEST_37805,0.0019853021949529648,0.9810938835144043
TEST_37806,0.0038968264125287533,0.9879316687583923
TEST_37807,0.0020265334751456976,0.9972419738769531
TEST_37808,0.0023157638497650623,0.9788838624954224
TEST_37809,0.023655792698264122,0.8725476861000061
TEST_37810,0.004471114836633205,0.996271014213562
TEST_37811,0.0018607749370858073,0.9941563606262207
TEST_37812,0.9528511166572571,0.9830434918403625
TEST_37813,0.003244365332648158,0.9990488886833191
TEST_37814,0.020610036328434944,0.9445765018463135
TEST_37815,0.00027155433781445026,0.9995090961456299
TEST_37816,0.007512994576245546,0.9945589900016785
TEST_37817,0.0032977592200040817,0.9956297874450684
TEST_37818,0.10023404657840729,0.9399088025093079
TEST_37819,0.022360656410455704,0.9968798160552979
TEST_37820,0.018266964703798294,0.9542555809020996
TEST_37821,0.006342451553791761,0.9534435272216797
TEST_37822,0.004030848387628794,0.9991082549095154
TEST_37823,0.0014598838752135634,0.9999940395355225
TEST_37824,0.0047900499776005745,0.9249517917633057
TEST_37825,0.0009772619232535362,0.993097722530365
TEST_37826,0.03756951168179512,0.9866093993186951
TEST_37827,0.018235230818390846,0.9793230295181274
TEST_37828,0.03684339299798012,0.917248010635376
TEST_37829,0.13918755948543549,0.8463433384895325
TEST_37830,0.012662254273891449,0.9912509918212891
TEST_37831,0.761385440826416,0.9508115649223328
TEST_37832,0.027771897614002228,0.9885172843933105
TEST_37833,0.008813312277197838,0.9959051609039307
TEST_37834,0.0002994164533447474,0.987608015537262
TEST_37835,0.012563854455947876,0.9978405237197876
TEST_37836,0.01065528579056263,0.9721531867980957
TEST_37837,0.004556687083095312,0.7638586759567261
TEST_37838,0.9839120507240295,0.8821736574172974
TEST_37839,0.3619753420352936,0.8750109076499939
TEST_37840,0.011229096911847591,0.9815281629562378
TEST_37841,0.00778184225782752,0.92583829164505
TEST_37842,0.0008283439092338085,0.9993498921394348
TEST_37843,0.0014092038618400693,0.9919215440750122
TEST_37844,0.8596195578575134,0.7346529364585876
TEST_37845,0.0014957977691665292,0.9992278814315796
TEST_37846,0.019497061148285866,0.9084427952766418
TEST_37847,0.0010865600779652596,0.9942970871925354
TEST_37848,0.0013056937605142593,0.9990735054016113
TEST_37849,0.20599503815174103,0.8267441987991333
TEST_37850,0.8153969645500183,0.4200734794139862
TEST_37851,0.0032074067275971174,0.9964514970779419
TEST_37852,0.005693144630640745,0.9720966815948486
TEST_37853,0.0016765296459197998,0.9962998032569885
TEST_37854,0.013594485819339752,0.9978194236755371
TEST_37855,0.876123309135437,0.9255579113960266
TEST_37856,0.9991894364356995,0.8636226654052734
TEST_37857,0.07071889936923981,0.9387457966804504
TEST_37858,0.009672020561993122,0.9740159511566162
TEST_37859,0.10641391575336456,0.9932229518890381
TEST_37860,0.0461813360452652,0.9852703809738159
TEST_37861,5.036575748817995e-05,0.9999058246612549
TEST_37862,0.04967373609542847,0.976771354675293
TEST_37863,0.16717003285884857,0.5413767695426941
TEST_37864,0.0014547199243679643,0.9927316308021545
TEST_37865,0.006573484744876623,0.9447520971298218
TEST_37866,0.42554807662963867,0.954539954662323
TEST_37867,0.013460650108754635,0.9991499185562134
TEST_37868,0.06008600443601608,0.3684682846069336
TEST_37869,0.01292545534670353,0.9964743256568909
TEST_37870,0.0034897015430033207,0.9903571009635925
TEST_37871,0.19946274161338806,0.8203879594802856
TEST_37872,0.006271400023251772,0.9963299632072449
TEST_37873,0.3073645830154419,0.8998516798019409
TEST_37874,0.056751180440187454,0.9366717338562012
TEST_37875,0.1354532390832901,0.9437828660011292
TEST_37876,0.00038566006696783006,0.9999417066574097
TEST_37877,0.06032760068774223,0.8609945774078369
TEST_37878,0.008889901451766491,0.9526026248931885
TEST_37879,0.015087784267961979,0.959061861038208
TEST_37880,0.0026808364782482386,0.9868053197860718
TEST_37881,0.00896064005792141,0.9971045851707458
TEST_37882,0.011871588416397572,0.9956240057945251
TEST_37883,0.010588442906737328,0.9943476319313049
TEST_37884,0.033955544233322144,0.9495003819465637
TEST_37885,0.0034917916636914015,0.9911481142044067
TEST_37886,0.00031872704857960343,0.999519944190979
TEST_37887,0.05150793492794037,0.9049082398414612
TEST_37888,0.05745958164334297,0.3920115530490875
TEST_37889,0.0007521125953644514,0.9954577684402466
TEST_37890,0.02141619846224785,0.9190223217010498
TEST_37891,0.014955435879528522,0.9983190894126892
TEST_37892,0.0011490767356008291,0.9994675517082214
TEST_37893,0.007566985674202442,0.9972667694091797
TEST_37894,0.006758134812116623,0.9968138337135315
TEST_37895,0.12629765272140503,0.7875574827194214
TEST_37896,0.003379498841241002,0.999285876750946
TEST_37897,0.9999403953552246,0.3487820327281952
TEST_37898,0.007826586253941059,0.9603537917137146
TEST_37899,0.0034083379432559013,0.9950320720672607
TEST_37900,0.0509379580616951,0.34804120659828186
TEST_37901,0.3064357340335846,0.8981876969337463
TEST_37902,0.04908023774623871,0.9201465249061584
TEST_37903,0.0016019982285797596,0.9921576976776123
TEST_37904,0.07026142627000809,0.8992404937744141
TEST_37905,0.006230872590094805,0.9346781969070435
TEST_37906,0.005293949041515589,0.9994032382965088
TEST_37907,0.10411976277828217,0.9920347332954407
TEST_37908,0.005065315868705511,0.9677326083183289
TEST_37909,0.0020012150052934885,0.9661213755607605
TEST_37910,0.0008877689833752811,0.9809094071388245
TEST_37911,0.012960665859282017,0.9921031594276428
TEST_37912,0.002680619712918997,0.99985671043396
TEST_37913,0.05756179243326187,0.874584972858429
TEST_37914,0.030050527304410934,0.9666799902915955
TEST_37915,0.007917588576674461,0.8109541535377502
TEST_37916,0.008693485520780087,0.9983102083206177
TEST_37917,0.052791159600019455,0.9041521549224854
TEST_37918,0.6996734738349915,0.8717203140258789
TEST_37919,0.051481038331985474,0.9068498015403748
TEST_37920,0.0008153566741384566,0.9996869564056396
TEST_37921,0.46202391386032104,0.882952094078064
TEST_37922,0.39580681920051575,0.5554720759391785
TEST_37923,0.009438000619411469,0.9890581965446472
TEST_37924,0.503669261932373,0.8571955561637878
TEST_37925,0.037751685827970505,0.9882468581199646
TEST_37926,0.032134562730789185,0.9366549849510193
TEST_37927,0.0030232120770961046,0.9526497721672058
TEST_37928,0.0028726044110953808,0.9597267508506775
TEST_37929,0.008308624848723412,0.9951092600822449
TEST_37930,0.028383832424879074,0.9981645941734314
TEST_37931,0.0010703946463763714,0.9970343112945557
TEST_37932,0.008038850501179695,0.9974380731582642
TEST_37933,0.0005284202052280307,0.9999951124191284
TEST_37934,0.0009992641862481833,0.9998643398284912
TEST_37935,0.23578985035419464,0.9771307706832886
TEST_37936,0.13233231008052826,0.8832200765609741
TEST_37937,0.0011515921214595437,0.9988125562667847
TEST_37938,0.028410715982317924,0.9958263039588928
TEST_37939,0.029553495347499847,0.9578075408935547
TEST_37940,0.000841309258248657,0.9999039173126221
TEST_37941,0.04926034435629845,0.9771094918251038
TEST_37942,0.009126805700361729,0.9715401530265808
TEST_37943,0.07593249529600143,0.9303529262542725
TEST_37944,0.005327594466507435,0.9976650476455688
TEST_37945,0.005070386454463005,0.9980890154838562
TEST_37946,0.0005450191674754024,0.9990240335464478
TEST_37947,0.05705089867115021,0.8849164247512817
TEST_37948,0.007446878589689732,0.9893691539764404
TEST_37949,0.006898602470755577,0.9525027871131897
TEST_37950,0.14400945603847504,0.9658546447753906
TEST_37951,0.010998954065144062,0.913326621055603
TEST_37952,0.9989438652992249,0.12651458382606506
TEST_37953,0.010499494150280952,0.9036166071891785
TEST_37954,0.05294864997267723,0.8847854733467102
TEST_37955,0.0028276005759835243,0.9523061513900757
TEST_37956,0.0014556311070919037,0.9856972694396973
TEST_37957,0.16230207681655884,0.9734264016151428
TEST_37958,0.3176942467689514,0.956230878829956
TEST_37959,0.02570594847202301,0.9924277663230896
TEST_37960,0.04917973279953003,0.8892704248428345
TEST_37961,0.010888493619859219,0.9402515888214111
TEST_37962,0.015174399130046368,0.988264799118042
TEST_37963,0.03088885359466076,0.9718694090843201
TEST_37964,0.004224133677780628,0.9961565136909485
TEST_37965,0.03178955614566803,0.8631860017776489
TEST_37966,0.0002918947138823569,0.9999810457229614
TEST_37967,6.294052212751922e-08,0.999990701675415
TEST_37968,0.018732203170657158,0.9939377307891846
TEST_37969,0.016383066773414612,0.9931307435035706
TEST_37970,0.03099966235458851,0.9921120405197144
TEST_37971,0.1307595819234848,0.9491450786590576
TEST_37972,0.014422223903238773,0.770002007484436
TEST_37973,0.0017782466020435095,0.9988390803337097
TEST_37974,0.0015199815388768911,0.9728294610977173
TEST_37975,0.01150699332356453,0.9989940524101257
TEST_37976,0.005007786676287651,0.9293117523193359
TEST_37977,0.014253404922783375,0.9961418509483337
TEST_37978,0.08678977936506271,0.9773017764091492
TEST_37979,0.009763685055077076,0.9944660067558289
TEST_37980,0.040600623935461044,0.986470639705658
TEST_37981,0.04929911345243454,0.9823480844497681
TEST_37982,0.01261614914983511,0.9938498139381409
TEST_37983,0.003461156040430069,0.9991818070411682
TEST_37984,0.06737532466650009,0.9609092473983765
TEST_37985,0.055454954504966736,0.9723787903785706
TEST_37986,0.01198100671172142,0.9871485829353333
TEST_37987,0.0008034126949496567,0.999957799911499
TEST_37988,0.10453557968139648,0.837292492389679
TEST_37989,0.0035449061542749405,0.9955488443374634
TEST_37990,0.00011622593592619523,0.9996020197868347
TEST_37991,0.007683701813220978,0.9545650482177734
TEST_37992,0.8545392751693726,0.012563509866595268
TEST_37993,0.10604127496480942,0.9881442785263062
TEST_37994,0.9999984502792358,4.1927332858904265e-06
TEST_37995,0.07416974008083344,0.7068044543266296
TEST_37996,0.4614407420158386,0.6473163366317749
TEST_37997,0.11657138168811798,0.1515275090932846
TEST_37998,0.0016529267886653543,0.8800724148750305
TEST_37999,0.002265681978315115,0.9980131387710571
TEST_38000,0.0010110836010426283,0.9975929856300354
TEST_38001,0.21130624413490295,0.8089066743850708
TEST_38002,0.02129986137151718,0.9914964437484741
TEST_38003,0.03648638725280762,0.8897269368171692
TEST_38004,0.024114375934004784,0.9792505502700806
TEST_38005,0.0023252014070749283,0.9998071789741516
TEST_38006,0.04210497438907623,0.9752058982849121
TEST_38007,0.9956847429275513,0.004389351233839989
TEST_38008,0.012039301916956902,0.8908345103263855
TEST_38009,0.009136219508945942,0.9193833470344543
TEST_38010,0.03198663890361786,0.9030779600143433
TEST_38011,0.0140685411170125,0.9713783860206604
TEST_38012,0.015904152765870094,0.9912693500518799
TEST_38013,4.6369668780243956e-06,0.9999537467956543
TEST_38014,0.0012671557487919927,0.9918481111526489
TEST_38015,0.0017690538661554456,0.9887552857398987
TEST_38016,0.11286494880914688,0.9985718727111816
TEST_38017,0.003889603540301323,0.9929447770118713
TEST_38018,0.009897451847791672,0.9174291491508484
TEST_38019,0.0044912598095834255,0.9801868796348572
TEST_38020,0.005889574531465769,0.993492066860199
TEST_38021,0.0021703194361180067,0.9999438524246216
TEST_38022,0.033491089940071106,0.9251173734664917
TEST_38023,0.0944855809211731,0.9815666675567627
TEST_38024,0.0434165857732296,0.9931197166442871
TEST_38025,0.003874656278640032,0.9987385869026184
TEST_38026,0.000808560405857861,0.998931348323822
TEST_38027,0.2420060634613037,0.8464006185531616
TEST_38028,0.9993590712547302,0.8354533314704895
TEST_38029,0.04477144777774811,0.9792026877403259
TEST_38030,0.010451944544911385,0.9987545013427734
TEST_38031,0.00016183918341994286,0.9996092915534973
TEST_38032,0.00029553446802310646,0.9822009205818176
TEST_38033,0.004857848398387432,0.996659517288208
TEST_38034,0.03520342707633972,0.9957855343818665
TEST_38035,0.09899846464395523,0.8680571913719177
TEST_38036,0.13799336552619934,0.9243574738502502
TEST_38037,0.0013561550294980407,0.9921940565109253
TEST_38038,0.3246040344238281,0.983749508857727
TEST_38039,0.002262486144900322,0.9766474962234497
TEST_38040,0.059237390756607056,0.988045871257782
TEST_38041,0.014094213955104351,0.9952325224876404
TEST_38042,0.02123541198670864,0.9958977103233337
TEST_38043,0.0030418913811445236,0.9840922355651855
TEST_38044,0.0042635188437998295,0.997795581817627
TEST_38045,0.9541844129562378,0.6428723335266113
TEST_38046,0.21457673609256744,0.9835925102233887
TEST_38047,0.011025055311620235,0.9989089965820312
TEST_38048,0.0708809569478035,0.20793214440345764
TEST_38049,0.08576495945453644,0.8669639825820923
TEST_38050,0.015391536056995392,0.9010435938835144
TEST_38051,0.0026319969911128283,0.9965044260025024
TEST_38052,0.6629935503005981,0.9609541296958923
TEST_38053,0.002447395119816065,0.9941418766975403
TEST_38054,0.9754990339279175,0.6534273028373718
TEST_38055,0.038208428770303726,0.9599722623825073
TEST_38056,0.00752409640699625,0.9909363389015198
TEST_38057,0.5100507140159607,0.9892947673797607
TEST_38058,0.0008217502036131918,0.9995915293693542
TEST_38059,0.0372079573571682,0.9208398461341858
TEST_38060,0.10494516789913177,0.9672927856445312
TEST_38061,0.0032381354831159115,0.9995775818824768
TEST_38062,0.009585271589457989,0.9933323264122009
TEST_38063,0.003043178701773286,0.989697277545929
TEST_38064,0.0014992544893175364,0.9975109100341797
TEST_38065,0.017454273998737335,0.9775831699371338
TEST_38066,0.016128845512866974,0.9787700176239014
TEST_38067,0.0013955143513157964,0.9999825954437256
TEST_38068,0.0006213996675796807,0.9856130480766296
TEST_38069,0.0065560853108763695,0.9787796139717102
TEST_38070,0.036806657910346985,0.9802331924438477
TEST_38071,0.04878320172429085,0.975195586681366
TEST_38072,0.01879863627254963,0.9916495084762573
TEST_38073,0.054825153201818466,0.9607343673706055
TEST_38074,0.00832926481962204,0.9736821055412292
TEST_38075,0.01438191719353199,0.9961974620819092
TEST_38076,0.0007407721132040024,0.999636173248291
TEST_38077,0.02598660998046398,0.9933205842971802
TEST_38078,0.012190772220492363,0.9979398846626282
TEST_38079,0.09027682989835739,0.9949281215667725
TEST_38080,0.029799608513712883,0.9997932314872742
TEST_38081,0.009140088222920895,0.9948943853378296
TEST_38082,0.002802167320623994,0.9967382550239563
TEST_38083,0.030779719352722168,0.9637326002120972
TEST_38084,0.039764247834682465,0.9027382731437683
TEST_38085,0.039079487323760986,0.9022337794303894
TEST_38086,0.014651197008788586,0.8593478202819824
TEST_38087,0.03606625646352768,0.8708985447883606
TEST_38088,0.005040055140852928,0.997734546661377
TEST_38089,0.20873339474201202,0.9984011054039001
TEST_38090,0.008669061586260796,0.9992536902427673
TEST_38091,0.007698548957705498,0.9995139837265015
TEST_38092,0.009803181514143944,0.9577840566635132
TEST_38093,0.004322403576225042,0.9133155345916748
TEST_38094,0.001487273839302361,0.9928539395332336
TEST_38095,0.00897933728992939,0.9796366691589355
TEST_38096,0.1471835970878601,0.9993283748626709
TEST_38097,0.01897643320262432,0.796768307685852
TEST_38098,0.9512843489646912,0.7407152652740479
TEST_38099,0.0022577205672860146,0.9525526165962219
TEST_38100,0.0034640273079276085,0.9985528588294983
TEST_38101,0.0007308365311473608,0.9980369210243225
TEST_38102,0.026210596784949303,0.9973303079605103
TEST_38103,0.009079668670892715,0.9899807572364807
TEST_38104,0.033654142171144485,0.9878782629966736
TEST_38105,0.914495050907135,0.6184414625167847
TEST_38106,0.02358437143266201,0.9914700388908386
TEST_38107,0.0019976659677922726,0.9993841648101807
TEST_38108,0.06547648459672928,0.9792065620422363
TEST_38109,0.0021223488729447126,0.9869259595870972
TEST_38110,0.000455795117886737,0.9983760118484497
TEST_38111,0.8498668074607849,0.9156624674797058
TEST_38112,0.005597906187176704,0.9986106157302856
TEST_38113,0.17914916574954987,0.6238529086112976
TEST_38114,0.07108620554208755,0.7308000922203064
TEST_38115,0.007035386748611927,0.8480603694915771
TEST_38116,0.0012664245441555977,0.9970812201499939
TEST_38117,0.003826539032161236,0.9769778251647949
TEST_38118,0.46588945388793945,0.9932568073272705
TEST_38119,0.021378302946686745,0.9962564706802368
TEST_38120,0.5861574411392212,0.9022558331489563
TEST_38121,0.009584547951817513,0.9796629548072815
TEST_38122,0.029250076040625572,0.985291600227356
TEST_38123,0.029516372829675674,0.9995132684707642
TEST_38124,9.135773143498227e-05,0.9966945648193359
TEST_38125,0.048422884196043015,0.96979820728302
TEST_38126,0.04097893461585045,0.9950956106185913
TEST_38127,0.016685502603650093,0.8122612237930298
TEST_38128,0.02629096433520317,0.9563802480697632
TEST_38129,0.04660355672240257,0.9925838708877563
TEST_38130,0.42330846190452576,0.9998787641525269
TEST_38131,0.08374421298503876,0.8437630534172058
TEST_38132,0.03456972539424896,0.9830406308174133
TEST_38133,0.010250425897538662,0.9510343670845032
TEST_38134,0.0015010229544714093,0.9971944093704224
TEST_38135,0.06089038401842117,0.8768991827964783
TEST_38136,0.2249424010515213,0.8466677665710449
TEST_38137,0.004485377110540867,0.9958975315093994
TEST_38138,0.037346869707107544,0.9517437219619751
TEST_38139,0.001422810833901167,0.9781872630119324
TEST_38140,0.06450963020324707,0.8252764940261841
TEST_38141,0.029969194903969765,0.9828976988792419
TEST_38142,0.032029278576374054,0.9367111325263977
TEST_38143,0.036921992897987366,0.7312018275260925
TEST_38144,0.02872922457754612,0.9849483370780945
TEST_38145,0.01950053498148918,0.9864134788513184
TEST_38146,0.3309204876422882,0.8834958672523499
TEST_38147,0.0826697126030922,0.8721580505371094
TEST_38148,0.0018928817007690668,0.993755578994751
TEST_38149,0.0028532613068819046,0.9996298551559448
TEST_38150,5.516891906154342e-05,0.9979661703109741
TEST_38151,0.006024249829351902,0.9965603947639465
TEST_38152,0.05152818560600281,0.5066760778427124
TEST_38153,0.10132818669080734,0.9099962115287781
TEST_38154,0.007689215708523989,0.9985042810440063
TEST_38155,0.05551595985889435,0.9022067189216614
TEST_38156,0.00965374056249857,0.9862451553344727
TEST_38157,0.010811485350131989,0.9980321526527405
TEST_38158,0.08531331270933151,0.9148892164230347
TEST_38159,0.028181012719869614,0.992938756942749
TEST_38160,0.002061901381239295,0.9974506497383118
TEST_38161,5.300813427311368e-06,0.999943733215332
TEST_38162,0.002236356493085623,0.9934083223342896
TEST_38163,0.014984700828790665,0.9507333040237427
TEST_38164,0.0038999076932668686,0.9982688426971436
TEST_38165,0.009701038710772991,0.9878702759742737
TEST_38166,0.0039743646048009396,0.9996054768562317
TEST_38167,0.0026093891356140375,0.9997321963310242
TEST_38168,0.0007514982717111707,0.9987547397613525
TEST_38169,0.09865649789571762,0.9869390726089478
TEST_38170,0.003975625149905682,0.9579474925994873
TEST_38171,0.16589434444904327,0.9914675951004028
TEST_38172,0.07061688601970673,0.886813759803772
TEST_38173,0.00994547177106142,0.3254455626010895
TEST_38174,0.0006625741953030229,0.9902296662330627
TEST_38175,0.01059785857796669,0.9989443421363831
TEST_38176,0.2738083600997925,0.7866532802581787
TEST_38177,0.09989125281572342,0.9535362124443054
TEST_38178,0.026415927335619926,0.9891791343688965
TEST_38179,0.0005305719678290188,0.9993054866790771
TEST_38180,0.04598604515194893,0.9070989489555359
TEST_38181,0.01313568465411663,0.9932303428649902
TEST_38182,0.46556976437568665,0.690122663974762
TEST_38183,0.019015714526176453,0.990815281867981
TEST_38184,0.026770921424031258,0.9988932013511658
TEST_38185,0.06010613963007927,0.535132110118866
TEST_38186,0.05250096321105957,0.9878028035163879
TEST_38187,0.05551258474588394,0.8789010643959045
TEST_38188,0.0033485975582152605,0.9976239800453186
TEST_38189,0.03340468555688858,0.9990689158439636
TEST_38190,0.009676259942352772,0.9352907538414001
TEST_38191,0.5688812732696533,0.8745187520980835
TEST_38192,0.5448436141014099,0.8548905849456787
TEST_38193,0.06888073682785034,0.9706092476844788
TEST_38194,0.05218632146716118,0.9997329115867615
TEST_38195,0.0215070229023695,0.9266075491905212
TEST_38196,0.03041754476726055,0.5835914611816406
TEST_38197,0.0009246767731383443,0.991211473941803
TEST_38198,0.06861494481563568,0.8191856145858765
TEST_38199,0.019366472959518433,0.9995724558830261
TEST_38200,0.00416785292327404,0.9855629205703735
TEST_38201,0.069049172103405,0.8467694520950317
TEST_38202,0.00021071279479656368,0.9992638230323792
TEST_38203,0.028667191043496132,0.9979520440101624
TEST_38204,0.004029121715575457,0.9940485954284668
TEST_38205,0.010140970349311829,0.9907345771789551
TEST_38206,0.0012112332042306662,0.9879429936408997
TEST_38207,0.00169796880800277,0.9981643557548523
TEST_38208,0.029471753165125847,0.9629639387130737
TEST_38209,0.04606473445892334,0.43470561504364014
TEST_38210,0.0008392831077799201,0.9998317956924438
TEST_38211,0.0047148303128778934,0.9972424507141113
TEST_38212,0.8204436302185059,0.6398809552192688
TEST_38213,0.03324146941304207,0.9190690517425537
TEST_38214,0.004289875738322735,0.9968452453613281
TEST_38215,0.0009879415156319737,0.9987344145774841
TEST_38216,1.8642818758962676e-05,0.9995970129966736
TEST_38217,0.03356470912694931,0.9937670230865479
TEST_38218,0.0004473111475817859,0.9985098242759705
TEST_38219,0.008469106629490852,0.9997991919517517
TEST_38220,0.9203819036483765,0.9712523818016052
TEST_38221,0.01485314592719078,0.9987385869026184
TEST_38222,0.01698644831776619,0.9944789409637451
TEST_38223,0.0024824291467666626,0.9919065237045288
TEST_38224,0.32078832387924194,0.9554728269577026
TEST_38225,0.0026014589238911867,0.9974427223205566
TEST_38226,0.9882315993309021,0.006898707244545221
TEST_38227,0.0020956434309482574,0.9819111227989197
TEST_38228,0.28600525856018066,0.9828488230705261
TEST_38229,0.023499788716435432,0.9876871705055237
TEST_38230,0.014343224465847015,0.9946289658546448
TEST_38231,0.003584838705137372,0.9992355108261108
TEST_38232,0.03283410891890526,0.987593948841095
TEST_38233,0.009182966314256191,0.9876936674118042
TEST_38234,0.036493297666311264,0.9755557775497437
TEST_38235,0.037603266537189484,0.9152529239654541
TEST_38236,0.16135376691818237,0.9135127663612366
TEST_38237,0.001145630143582821,0.9936619997024536
TEST_38238,0.019978031516075134,0.9824417233467102
TEST_38239,0.8312124609947205,0.9341849088668823
TEST_38240,0.01001778244972229,0.9699543118476868
TEST_38241,0.6862115859985352,0.942051112651825
TEST_38242,0.9902039766311646,0.006909715477377176
TEST_38243,0.005166527349501848,0.9980762004852295
TEST_38244,0.032530736178159714,0.973125696182251
TEST_38245,0.36847585439682007,0.3232981562614441
TEST_38246,0.025773894041776657,0.9992720484733582
TEST_38247,0.05389537289738655,0.9250196218490601
TEST_38248,0.001218699850142002,1.0
TEST_38249,0.001437684870325029,0.9977370500564575
TEST_38250,0.0068988739512860775,0.9774135947227478
TEST_38251,0.00342581863515079,0.9803990721702576
TEST_38252,0.026118066161870956,0.9847931861877441
TEST_38253,0.002069232054054737,0.9922145009040833
TEST_38254,0.0042251646518707275,0.9969870448112488
TEST_38255,0.004212964326143265,0.9683176875114441
TEST_38256,0.02977272868156433,0.9519767761230469
TEST_38257,0.013948761858046055,0.9610896706581116
TEST_38258,0.0007974948966875672,0.998835027217865
TEST_38259,0.010117055848240852,0.9986357092857361
TEST_38260,0.04377133026719093,0.9715006351470947
TEST_38261,0.00611831434071064,0.9865438342094421
TEST_38262,0.00141621520742774,0.9997853636741638
TEST_38263,0.0015745949931442738,0.9774380326271057
TEST_38264,0.0011143384035676718,0.9994370341300964
TEST_38265,0.024500593543052673,0.9885635375976562
TEST_38266,0.002091690432280302,0.9838115572929382
TEST_38267,0.0016092982841655612,0.9822423458099365
TEST_38268,0.05941265821456909,0.8692190647125244
TEST_38269,0.010527252219617367,0.9963691234588623
TEST_38270,0.0020332266576588154,0.9947608113288879
TEST_38271,0.013387600891292095,0.9818903207778931
TEST_38272,0.023609768599271774,0.911145031452179
TEST_38273,0.04083152115345001,0.8793250322341919
TEST_38274,0.03099890425801277,0.9773709774017334
TEST_38275,0.02255568839609623,0.999823272228241
TEST_38276,0.17896786332130432,0.8544274568557739
TEST_38277,0.044994451105594635,0.7977563738822937
TEST_38278,0.05328644439578056,0.9361394643783569
TEST_38279,0.0019135016482323408,0.9996218681335449
TEST_38280,0.0036914830561727285,0.9990336894989014
TEST_38281,0.005765035282820463,0.9788801074028015
TEST_38282,0.0342005118727684,0.9951463341712952
TEST_38283,0.01683146320283413,0.9870871305465698
TEST_38284,0.1405491679906845,0.8742563724517822
TEST_38285,0.0023205368779599667,0.995640754699707
TEST_38286,0.07421207427978516,0.9202697277069092
TEST_38287,0.00265386700630188,0.9951678514480591
TEST_38288,0.9748929738998413,0.29148435592651367
TEST_38289,0.43148213624954224,0.7914528250694275
TEST_38290,0.0014324309304356575,0.999517560005188
TEST_38291,0.2890084385871887,0.9880208373069763
TEST_38292,0.006354276090860367,0.9977884292602539
TEST_38293,0.03358093276619911,0.9994481205940247
TEST_38294,0.5761736035346985,0.9498100876808167
TEST_38295,0.007799594663083553,0.9690995216369629
TEST_38296,0.00031136447796598077,0.9939724802970886
TEST_38297,0.013255726546049118,0.9981544613838196
TEST_38298,0.9696246981620789,0.5621706247329712
TEST_38299,0.6717836260795593,0.8167079091072083
TEST_38300,0.008288862183690071,0.9915440082550049
TEST_38301,0.006840977817773819,0.9865759015083313
TEST_38302,0.017705844715237617,0.9876561164855957
TEST_38303,0.07391171902418137,0.8353463411331177
TEST_38304,0.9683961868286133,0.9152534604072571
TEST_38305,0.013177827931940556,0.9993107318878174
TEST_38306,0.004649221431463957,0.9966588020324707
TEST_38307,0.022764235734939575,0.9986885190010071
TEST_38308,1.956795813384815e-06,0.9999178647994995
TEST_38309,0.004092833027243614,0.9749888181686401
TEST_38310,0.00022720167180523276,0.9998807907104492
TEST_38311,0.01218387857079506,0.9902276992797852
TEST_38312,0.0013744896277785301,0.9982120990753174
TEST_38313,0.01648002676665783,0.9844522476196289
TEST_38314,0.013758156448602676,0.9983717799186707
TEST_38315,0.0010293434606865048,0.9996752738952637
TEST_38316,0.003841782920062542,0.9975875616073608
TEST_38317,0.03849645331501961,0.9891979098320007
TEST_38318,0.9849202632904053,0.9119436740875244
TEST_38319,0.3373792767524719,0.4905315339565277
TEST_38320,0.9997692704200745,9.342961857328191e-05
TEST_38321,0.002635412849485874,0.9796454310417175
TEST_38322,0.030869968235492706,0.9883620142936707
TEST_38323,0.004488945007324219,0.9983307719230652
TEST_38324,0.015174882486462593,0.9868821501731873
TEST_38325,0.0237547867000103,0.9731701612472534
TEST_38326,0.1768113523721695,0.6211671829223633
TEST_38327,0.03147944062948227,0.9640209674835205
TEST_38328,0.0037325145676732063,0.9918277263641357
TEST_38329,0.18134474754333496,0.9442285895347595
TEST_38330,0.8023823499679565,0.0006163782090879977
TEST_38331,0.0011316953459754586,0.9979403614997864
TEST_38332,0.000988486222922802,0.9998496770858765
TEST_38333,0.004679896403104067,0.9925107955932617
TEST_38334,0.0008549421327188611,0.9941166639328003
TEST_38335,0.36194849014282227,0.9962210655212402
TEST_38336,0.0055454447865486145,0.9734002947807312
TEST_38337,0.9978024363517761,0.3129495680332184
TEST_38338,0.008439519442617893,0.9971555471420288
TEST_38339,0.009951290674507618,0.9841660261154175
TEST_38340,0.0013983999378979206,0.9979463219642639
TEST_38341,0.005202808883041143,0.9154598116874695
TEST_38342,0.005543278064578772,0.9991990923881531
TEST_38343,0.005069253966212273,0.9958943128585815
TEST_38344,0.9994708895683289,1.1066518709412776e-05
TEST_38345,0.8829107284545898,0.9830309152603149
TEST_38346,0.02874593995511532,0.9992185831069946
TEST_38347,0.07852208614349365,0.9865098595619202
TEST_38348,0.012132981792092323,0.9202677607536316
TEST_38349,0.09702081978321075,0.9007059931755066
TEST_38350,0.010538563132286072,0.9843268990516663
TEST_38351,0.10224470496177673,0.971900463104248
TEST_38352,0.020460085943341255,0.3347214460372925
TEST_38353,0.23933950066566467,0.9358189702033997
TEST_38354,0.0002781383227556944,0.9991737008094788
TEST_38355,0.01801198348402977,0.9277102947235107
TEST_38356,0.0026908807922154665,0.9883511662483215
TEST_38357,0.9929848313331604,0.011204208247363567
TEST_38358,0.0002613724209368229,0.999171257019043
TEST_38359,0.00021183909848332405,0.9988068342208862
TEST_38360,0.18131311237812042,0.9996002316474915
TEST_38361,0.010926315560936928,0.9967681169509888
TEST_38362,0.02153191715478897,0.9990848302841187
TEST_38363,0.1772245317697525,0.8793256878852844
TEST_38364,0.031033333390951157,0.8986070156097412
TEST_38365,0.045325540006160736,0.9717536568641663
TEST_38366,0.0069115315563976765,0.9828287959098816
TEST_38367,0.0566069521009922,0.874376654624939
TEST_38368,0.04008858650922775,0.8458555340766907
TEST_38369,0.027228282764554024,0.9184419512748718
TEST_38370,0.1494787037372589,0.9736918210983276
TEST_38371,0.671831488609314,0.9757516384124756
TEST_38372,0.9050367474555969,0.7831197381019592
TEST_38373,0.010023743845522404,0.9584039449691772
TEST_38374,0.03389821946620941,0.9317089319229126
TEST_38375,0.014463851228356361,0.9380183219909668
TEST_38376,0.004763077478855848,0.994862973690033
TEST_38377,0.9874423146247864,0.004620925523340702
TEST_38378,0.2977566123008728,0.9482152462005615
TEST_38379,0.9995991587638855,0.5013881325721741
TEST_38380,0.007358385715633631,0.9884510040283203
TEST_38381,0.04166104644536972,0.9952890872955322
TEST_38382,0.11794615536928177,0.9843339323997498
TEST_38383,0.09691018611192703,0.6266117095947266
TEST_38384,0.564548134803772,0.970605194568634
TEST_38385,0.021799560636281967,0.9970424771308899
TEST_38386,0.06988584250211716,0.8842339515686035
TEST_38387,0.29003751277923584,0.7120800018310547
TEST_38388,0.016486436128616333,0.9999085664749146
TEST_38389,0.023629242554306984,0.9958620071411133
TEST_38390,0.6713184714317322,0.9578997492790222
TEST_38391,0.0559118390083313,0.8841508030891418
TEST_38392,0.0005424884147942066,0.7415751218795776
TEST_38393,0.016386207193136215,0.9948403239250183
TEST_38394,0.07906849682331085,0.8966503739356995
TEST_38395,0.005426729563623667,0.9967065453529358
TEST_38396,0.014597304165363312,0.9759233593940735
TEST_38397,0.21429958939552307,0.9918270111083984
TEST_38398,0.005089848302304745,0.9086818099021912
TEST_38399,0.019857924431562424,0.9953566193580627
TEST_38400,0.029083499684929848,0.9367069602012634
TEST_38401,0.012768826447427273,0.8835291862487793
TEST_38402,0.0338217057287693,0.9890205264091492
TEST_38403,0.4521501660346985,0.9951711297035217
TEST_38404,0.009703114628791809,0.9770691990852356
TEST_38405,0.00494979415088892,0.9959445595741272
TEST_38406,0.008077220991253853,0.9995366334915161
TEST_38407,0.023267989978194237,0.9840017557144165
TEST_38408,0.003824660088866949,0.9908847212791443
TEST_38409,0.03410232812166214,0.9972299933433533
TEST_38410,0.0029899361543357372,0.9785410761833191
TEST_38411,0.06676601618528366,0.9284369349479675
TEST_38412,0.20701391994953156,0.23112525045871735
TEST_38413,0.999994158744812,8.224251359933987e-06
TEST_38414,0.029035963118076324,0.9967939257621765
TEST_38415,0.9542033672332764,0.8490579724311829
TEST_38416,0.05901307240128517,0.9017412066459656
TEST_38417,0.0004842283087782562,0.9938325881958008
TEST_38418,0.0017831203294917941,0.9539570808410645
TEST_38419,0.07651446014642715,0.95951247215271
TEST_38420,0.02092551998794079,0.941702663898468
TEST_38421,0.006095398683100939,0.9937917590141296
TEST_38422,0.005517703015357256,0.9914740324020386
TEST_38423,0.0039976914413273335,0.99866783618927
TEST_38424,0.012972742319107056,0.9983371496200562
TEST_38425,0.0028312881477177143,0.9971700310707092
TEST_38426,0.014086038805544376,0.9969823956489563
TEST_38427,0.5348703265190125,0.995689332485199
TEST_38428,0.001711378339678049,0.8926027417182922
TEST_38429,0.016929326578974724,0.8741528987884521
TEST_38430,0.08124999701976776,0.8883742690086365
TEST_38431,0.011506972834467888,0.8584977388381958
TEST_38432,0.0614142008125782,0.990903913974762
TEST_38433,0.016474317759275436,0.9759922027587891
TEST_38434,0.03690933808684349,0.9671494960784912
TEST_38435,0.01419051829725504,0.9848940968513489
TEST_38436,0.020814931020140648,0.9288901090621948
TEST_38437,0.07408171147108078,0.9384090304374695
TEST_38438,0.00949831958860159,0.9952493906021118
TEST_38439,0.01813470385968685,0.9910383224487305
TEST_38440,0.006057792343199253,0.9474552869796753
TEST_38441,0.0035807122476398945,0.9921876192092896
TEST_38442,0.0313369482755661,0.9958017468452454
TEST_38443,0.03191480040550232,0.9933317303657532
TEST_38444,0.005048982333391905,0.9968576431274414
TEST_38445,0.7953641414642334,0.7503347396850586
TEST_38446,0.9885939359664917,0.11769544333219528
TEST_38447,0.0026323413476347923,0.999998927116394
TEST_38448,0.0006950853276066482,0.997674286365509
TEST_38449,0.8923717141151428,0.14751656353473663
TEST_38450,0.0002838251821231097,0.9998847246170044
TEST_38451,0.027795519679784775,0.8985254168510437
TEST_38452,0.001523311948403716,0.9999921321868896
TEST_38453,0.035648368299007416,0.9560456275939941
TEST_38454,0.004498740658164024,0.9946093559265137
TEST_38455,0.973396897315979,0.890947163105011
TEST_38456,0.02214743010699749,0.9582785964012146
TEST_38457,0.09493198990821838,0.951596200466156
TEST_38458,0.028932254761457443,0.9889168739318848
TEST_38459,0.050051622092723846,0.9960785508155823
TEST_38460,0.03165391460061073,0.9803793430328369
TEST_38461,0.22958610951900482,0.9511608481407166
TEST_38462,0.07793969660997391,0.9872097969055176
TEST_38463,0.05259295180439949,0.9245147109031677
TEST_38464,0.0042581213638186455,0.9778188467025757
TEST_38465,0.003722560591995716,0.9999829530715942
TEST_38466,0.05792170763015747,0.8888166546821594
TEST_38467,0.027633942663669586,0.8981630802154541
TEST_38468,0.0012225069804117084,0.9999814033508301
TEST_38469,0.699896514415741,0.9625774025917053
TEST_38470,0.534504234790802,0.9853142499923706
TEST_38471,0.003086924785748124,0.7657855153083801
TEST_38472,0.12400536984205246,0.733439028263092
TEST_38473,0.04296994209289551,0.9884679913520813
TEST_38474,0.028275348246097565,0.7968684434890747
TEST_38475,0.017914827913045883,0.8899179697036743
TEST_38476,0.056193336844444275,0.9927856922149658
TEST_38477,0.3285430669784546,0.19295819103717804
TEST_38478,0.04728151112794876,0.9363293051719666
TEST_38479,0.030031843110919,0.5095404386520386
TEST_38480,0.010828071273863316,0.998415470123291
TEST_38481,0.004590510856360197,0.9517961740493774
TEST_38482,0.04178182780742645,0.9343326687812805
TEST_38483,0.013463075272738934,0.9997102618217468
TEST_38484,0.03376132249832153,0.9345382452011108
TEST_38485,0.00026180039276368916,0.9991136193275452
TEST_38486,0.4094419777393341,0.9139903783798218
TEST_38487,0.01984565146267414,0.9007731676101685
TEST_38488,0.003273701062425971,0.9972591400146484
TEST_38489,0.6855599880218506,0.5615108609199524
TEST_38490,0.008730610832571983,0.9877338409423828
TEST_38491,0.0013450204860419035,0.7425721287727356
TEST_38492,0.010946187190711498,0.6253522038459778
TEST_38493,0.021599849686026573,0.9998319149017334
TEST_38494,0.00012229463027324528,0.9997566342353821
TEST_38495,0.004585865885019302,0.9984853863716125
TEST_38496,0.004123061895370483,0.9937688708305359
TEST_38497,0.0010235708905383945,0.9851334095001221
TEST_38498,0.014908772893249989,0.9982404708862305
TEST_38499,0.025593571364879608,0.9521570205688477
TEST_38500,0.00270700897090137,0.9791949987411499
TEST_38501,0.31966134905815125,0.8383350968360901
TEST_38502,0.9214877486228943,0.7149009704589844
TEST_38503,0.0032972388435155153,0.9986124038696289
TEST_38504,0.002267389092594385,0.874208390712738
TEST_38505,0.009332054294645786,0.985877513885498
TEST_38506,0.03957244008779526,0.9774881601333618
TEST_38507,0.004092683084309101,0.9983129501342773
TEST_38508,0.0008309475961141288,0.9963938593864441
TEST_38509,0.016638703644275665,0.9855951070785522
TEST_38510,0.05884207412600517,0.9771785736083984
TEST_38511,0.005784001667052507,0.9909977912902832
TEST_38512,0.0005969304475001991,0.9919406771659851
TEST_38513,0.31877705454826355,0.9956628680229187
TEST_38514,0.021308187395334244,0.9039345979690552
TEST_38515,0.6099605560302734,0.33952897787094116
TEST_38516,0.003977510612457991,0.9980915188789368
TEST_38517,0.11986108869314194,0.851939857006073
TEST_38518,0.021790271624922752,0.9103595018386841
TEST_38519,0.12888579070568085,0.9255787134170532
TEST_38520,0.039556168019771576,0.9492290616035461
TEST_38521,0.4843151569366455,0.8853474855422974
TEST_38522,0.8271224498748779,0.9484907984733582
TEST_38523,0.0779494121670723,0.811057448387146
TEST_38524,0.2780451774597168,0.2942240536212921
TEST_38525,0.07903178036212921,0.8967548608779907
TEST_38526,0.037424616515636444,0.8709093928337097
TEST_38527,0.12713155150413513,0.9105229377746582
TEST_38528,4.9224479880649596e-05,0.9999850988388062
TEST_38529,0.002022878034040332,0.9995666146278381
TEST_38530,0.9987490177154541,0.44443145394325256
TEST_38531,0.10981398820877075,0.9778138399124146
TEST_38532,0.00587653461843729,0.9984261989593506
TEST_38533,0.3645169138908386,0.9266790151596069
TEST_38534,0.016131198033690453,0.9705313444137573
TEST_38535,0.12025485187768936,0.8817844986915588
TEST_38536,0.014584189280867577,0.9946850538253784
TEST_38537,0.26599812507629395,0.8608473539352417
TEST_38538,0.9538227915763855,0.9048416614532471
TEST_38539,0.190035879611969,0.46230125427246094
TEST_38540,0.0003485226770862937,0.9996370077133179
TEST_38541,0.007040968630462885,0.9420458078384399
TEST_38542,0.013095960021018982,0.996044933795929
TEST_38543,0.03979513421654701,0.8698469400405884
TEST_38544,0.00340091809630394,0.9945411086082458
TEST_38545,0.023664867505431175,0.8209592700004578
TEST_38546,0.0020872352179139853,0.9912497997283936
TEST_38547,0.002919221995398402,0.9940392971038818
TEST_38548,0.6575424075126648,0.926089346408844
TEST_38549,0.0018394591752439737,0.9914344549179077
TEST_38550,0.01467257272452116,0.9849650859832764
TEST_38551,0.5682325959205627,0.9707161784172058
TEST_38552,0.5093172788619995,0.8816452026367188
TEST_38553,0.09302480518817902,0.916273832321167
TEST_38554,0.00010835930879693478,0.9990830421447754
TEST_38555,0.9780287146568298,0.8788207769393921
TEST_38556,0.03904225304722786,0.9471011161804199
TEST_38557,0.035440124571323395,0.8693243861198425
TEST_38558,0.2590250074863434,0.9970113039016724
TEST_38559,0.002148207975551486,0.9941779375076294
TEST_38560,0.005360905081033707,0.9462645649909973
TEST_38561,0.006732338108122349,0.9222880005836487
TEST_38562,0.018752694129943848,0.9990183115005493
TEST_38563,0.0010328497737646103,0.999471127986908
TEST_38564,0.0002850136661436409,0.9996224641799927
TEST_38565,0.0010395714780315757,0.9997836947441101
TEST_38566,0.03371405228972435,0.933200478553772
TEST_38567,0.002183743752539158,0.9828915596008301
TEST_38568,0.003906743600964546,0.9992221593856812
TEST_38569,0.6556820273399353,0.456658273935318
TEST_38570,0.012276951223611832,0.994936466217041
TEST_38571,0.019918402656912804,0.9944449067115784
TEST_38572,0.018351007252931595,0.9984320998191833
TEST_38573,0.009343285113573074,0.9982481002807617
TEST_38574,0.16498371958732605,0.8503089547157288
TEST_38575,0.04718765988945961,0.8740332126617432
TEST_38576,0.6307389736175537,0.10773924738168716
TEST_38577,0.03176717832684517,0.9497829079627991
TEST_38578,0.06095871701836586,0.9374755620956421
TEST_38579,0.05318056046962738,0.9841572642326355
TEST_38580,0.011878559365868568,0.9654788374900818
TEST_38581,0.007930134423077106,0.9885039925575256
TEST_38582,0.030096154659986496,0.8927154541015625
TEST_38583,0.006228646729141474,0.9712926745414734
TEST_38584,0.013351981528103352,0.9963690042495728
TEST_38585,0.010579359717667103,0.9492865800857544
TEST_38586,0.0077548944391310215,0.9527630805969238
TEST_38587,0.008957159705460072,0.991203784942627
TEST_38588,0.0001525299157947302,0.9997507929801941
TEST_38589,0.06292051821947098,0.8870712518692017
TEST_38590,0.03552772104740143,0.9893389344215393
TEST_38591,0.7146108150482178,0.9788389801979065
TEST_38592,0.004988757893443108,0.9943898320198059
TEST_38593,0.03272156044840813,0.998840868473053
TEST_38594,0.00862317904829979,0.9999998807907104
TEST_38595,0.021201636642217636,0.997372031211853
TEST_38596,0.005982195492833853,0.9899975657463074
TEST_38597,0.0021294259931892157,0.9975403547286987
TEST_38598,0.4622463285923004,0.979491114616394
TEST_38599,0.15105503797531128,0.9958523511886597
TEST_38600,0.999969482421875,0.0002700691984500736
TEST_38601,0.9712870717048645,0.3394196927547455
TEST_38602,0.00038609045441262424,0.993454098701477
TEST_38603,0.01777489483356476,0.9987050294876099
TEST_38604,0.08345724642276764,0.8363988399505615
TEST_38605,0.03005174919962883,0.9459767937660217
TEST_38606,0.03784511983394623,0.9527676105499268
TEST_38607,0.020781101658940315,0.9931454658508301
TEST_38608,0.9936417937278748,0.7237764000892639
TEST_38609,0.0013677594251930714,0.9951333403587341
TEST_38610,0.003494095057249069,0.9967767596244812
TEST_38611,0.005270340479910374,0.9943627119064331
TEST_38612,0.030292291194200516,0.9857942461967468
TEST_38613,0.016232170164585114,0.9807063341140747
TEST_38614,0.024457836523652077,0.9527489542961121
TEST_38615,0.003139183856546879,0.992647647857666
TEST_38616,0.44827789068222046,0.9974588751792908
TEST_38617,0.025469312444329262,0.9824204444885254
TEST_38618,0.01816597953438759,0.9991770386695862
TEST_38619,0.13918139040470123,0.8528255820274353
TEST_38620,0.020394569262862206,0.9977165460586548
TEST_38621,0.005438939668238163,0.9994317889213562
TEST_38622,0.02053840458393097,0.9896836280822754
TEST_38623,0.005815287586301565,0.9762883186340332
TEST_38624,0.00256792432628572,0.9998127818107605
TEST_38625,0.8565753102302551,0.8717997670173645
TEST_38626,0.15285149216651917,0.9794576168060303
TEST_38627,0.08483422547578812,0.8789234757423401
TEST_38628,0.013937421143054962,0.976804792881012
TEST_38629,0.033596549183130264,0.8562199473381042
TEST_38630,0.32997506856918335,0.9553279876708984
TEST_38631,0.001769708120264113,0.9974578022956848
TEST_38632,0.006792270112782717,0.9708516597747803
TEST_38633,0.16765213012695312,0.886062502861023
TEST_38634,0.013162191957235336,0.9984956979751587
TEST_38635,0.0006143592181615531,0.9999195337295532
TEST_38636,0.4131661057472229,0.9266998171806335
TEST_38637,0.008944000117480755,0.9993917942047119
TEST_38638,0.0016188601730391383,0.9674995541572571
TEST_38639,0.022799480706453323,0.9982825517654419
TEST_38640,0.059697434306144714,0.7105913758277893
TEST_38641,0.13338573276996613,0.8264297842979431
TEST_38642,0.025106249377131462,0.9605708122253418
TEST_38643,0.003494070377200842,0.9957873225212097
TEST_38644,0.9974943399429321,0.17198212444782257
TEST_38645,0.03659967705607414,0.8765245079994202
TEST_38646,0.017427504062652588,0.9638357758522034
TEST_38647,0.011121912859380245,0.9997895359992981
TEST_38648,0.005819123703986406,0.99471515417099
TEST_38649,0.16768570244312286,0.968009889125824
TEST_38650,0.0014519658870995045,0.998986542224884
TEST_38651,0.004040950909256935,0.9969819188117981
TEST_38652,0.013849301263689995,0.991472601890564
TEST_38653,0.007189225871115923,0.9594922065734863
TEST_38654,0.9994469285011292,0.001241842401213944
TEST_38655,0.0036582767497748137,0.9940372705459595
TEST_38656,0.03289240971207619,0.9872609376907349
TEST_38657,0.00868023931980133,0.9964672327041626
TEST_38658,0.0018169872928410769,0.9900508522987366
TEST_38659,0.40605172514915466,0.05454518646001816
TEST_38660,0.15367035567760468,0.8592801094055176
TEST_38661,0.16423290967941284,0.6156936287879944
TEST_38662,0.0018019797280430794,0.9961469173431396
TEST_38663,0.0019174853805452585,0.9935261011123657
TEST_38664,0.010237193666398525,0.970565915107727
TEST_38665,0.010700464248657227,0.9913777112960815
TEST_38666,0.10742108523845673,0.9914715886116028
TEST_38667,0.06550927460193634,0.9942447543144226
TEST_38668,0.013818472623825073,0.9798790216445923
TEST_38669,0.015892745926976204,0.9971265196800232
TEST_38670,0.04736356809735298,0.5401266813278198
TEST_38671,0.0562807135283947,0.9840518236160278
TEST_38672,0.05535713583230972,0.9796478748321533
TEST_38673,0.0018817418022081256,0.9969280362129211
TEST_38674,0.217603862285614,0.9637631773948669
TEST_38675,0.003508593188598752,1.0
TEST_38676,0.0008335991878993809,0.9996898174285889
TEST_38677,0.9998681545257568,0.0005262477789074183
TEST_38678,0.017199238762259483,0.9782700538635254
TEST_38679,0.02400430664420128,0.9677309989929199
TEST_38680,0.0008384921820834279,0.9993613362312317
TEST_38681,0.027989203110337257,0.8759089708328247
TEST_38682,0.020157143473625183,0.7343035936355591
TEST_38683,0.014285081997513771,0.7255991101264954
TEST_38684,0.21741721034049988,0.874708354473114
TEST_38685,0.01701105386018753,0.9941084384918213
TEST_38686,0.013773654587566853,0.8602844476699829
TEST_38687,0.03523897007107735,0.9874100089073181
TEST_38688,0.010305975563824177,0.9472426772117615
TEST_38689,0.024145007133483887,0.9058600068092346
TEST_38690,0.0043231830932199955,0.9944023489952087
TEST_38691,0.018359331414103508,0.9977871179580688
TEST_38692,0.008214150555431843,0.9034337997436523
TEST_38693,0.0062521668151021,0.980496883392334
TEST_38694,0.7048246264457703,0.7896469235420227
TEST_38695,0.0019488215912133455,0.9976370334625244
TEST_38696,0.011198028922080994,0.9998307228088379
TEST_38697,0.0021365066058933735,0.9989896416664124
TEST_38698,0.005336111877113581,0.9996424913406372
TEST_38699,0.11078835278749466,0.8126473426818848
TEST_38700,0.01405354868620634,0.9885591864585876
TEST_38701,0.00010748107888503,0.9998264908790588
TEST_38702,0.01437219325453043,0.9534298777580261
TEST_38703,0.013544024899601936,0.9571810364723206
TEST_38704,0.008984889835119247,0.9003881216049194
TEST_38705,0.04884842410683632,0.9142284989356995
TEST_38706,0.0032971794717013836,0.999643087387085
TEST_38707,0.02502378821372986,0.9255059361457825
TEST_38708,0.0036498813424259424,0.9843811988830566
TEST_38709,0.0016473265131935477,0.9969026446342468
TEST_38710,0.00435017142444849,0.995018720626831
TEST_38711,0.034362927079200745,0.9404829740524292
TEST_38712,0.002900613471865654,0.9975289702415466
TEST_38713,0.0069063203409314156,0.9426997303962708
TEST_38714,0.0014688371447846293,0.9936774373054504
TEST_38715,0.21680991351604462,0.7508687376976013
TEST_38716,0.0013471876736730337,0.9999370574951172
TEST_38717,0.01855100877583027,0.9999309778213501
TEST_38718,0.9891496300697327,0.5184856057167053
TEST_38719,0.7602992057800293,0.038908950984478
TEST_38720,0.008504061959683895,0.9919821619987488
TEST_38721,0.017232397571206093,0.9876562356948853
TEST_38722,0.019031865522265434,0.8889931440353394
TEST_38723,0.029323169961571693,0.8522847890853882
TEST_38724,0.0383763387799263,0.96745365858078
TEST_38725,0.03387169539928436,0.9987136125564575
TEST_38726,0.11443541198968887,0.9173712730407715
TEST_38727,0.03930358588695526,0.9637680053710938
TEST_38728,0.00802758801728487,0.991515040397644
TEST_38729,0.00043702832772396505,0.9998937845230103
TEST_38730,0.052518684417009354,0.992360532283783
TEST_38731,0.0010482755023986101,0.99460768699646
TEST_38732,0.003144600661471486,0.9923546314239502
TEST_38733,0.01096329279243946,0.4399564862251282
TEST_38734,0.00982092134654522,0.9363934993743896
TEST_38735,0.003773778211325407,0.9831618070602417
TEST_38736,0.1117384284734726,0.9434864521026611
TEST_38737,0.10930581390857697,0.8430629372596741
TEST_38738,0.005192906595766544,0.9778663516044617
TEST_38739,0.006468642968684435,0.9693553447723389
TEST_38740,0.03525794297456741,0.9977184534072876
TEST_38741,0.9994275569915771,0.022725677117705345
TEST_38742,0.013565462082624435,0.9586556553840637
TEST_38743,0.0013168242294341326,0.9967153072357178
TEST_38744,0.004951891489326954,0.9999141693115234
TEST_38745,0.0006548435776494443,0.9715148210525513
TEST_38746,0.30520302057266235,0.9069735407829285
TEST_38747,0.9959244728088379,0.01343277096748352
TEST_38748,0.00210926728323102,0.9999951124191284
TEST_38749,0.037452761083841324,0.9036757946014404
TEST_38750,0.32872316241264343,0.7351652979850769
TEST_38751,0.02983817830681801,0.985335111618042
TEST_38752,0.00036211524275131524,0.9999892711639404
TEST_38753,0.001332984073087573,0.99741530418396
TEST_38754,0.00025301086134277284,0.9997221827507019
TEST_38755,0.0009596495074220002,0.9972062706947327
TEST_38756,0.003164602443575859,0.9999958276748657
TEST_38757,0.058933574706315994,0.9923509955406189
TEST_38758,0.001050048042088747,0.975109875202179
TEST_38759,0.0013379703741520643,0.9997738003730774
TEST_38760,0.015726109966635704,0.942905604839325
TEST_38761,0.8190724849700928,0.0511772483587265
TEST_38762,0.0074721141718328,0.9975950121879578
TEST_38763,0.09934675693511963,0.9981719255447388
TEST_38764,0.01911759003996849,0.9696444869041443
TEST_38765,0.0015534652629867196,0.9989703893661499
TEST_38766,0.07523198425769806,0.9972935318946838
TEST_38767,0.07046590000391006,0.9435761570930481
TEST_38768,0.009961189702153206,0.9600971937179565
TEST_38769,0.05304619297385216,0.9656057357788086
TEST_38770,0.1331460028886795,0.8483268618583679
TEST_38771,0.8874572515487671,0.012258434668183327
TEST_38772,0.028429340571165085,0.9872703552246094
TEST_38773,0.9999772310256958,4.239678310113959e-05
TEST_38774,0.05420568585395813,0.8849206566810608
TEST_38775,0.011963780969381332,0.999996542930603
TEST_38776,0.005155390128493309,0.9999998807907104
TEST_38777,0.04419402405619621,0.9055913090705872
TEST_38778,0.0003358887624926865,0.9963096976280212
TEST_38779,0.01327860914170742,0.9757879376411438
TEST_38780,0.00203094445168972,0.9913517236709595
TEST_38781,0.0033008453901857138,0.9870310425758362
TEST_38782,0.012374707497656345,0.8947355151176453
TEST_38783,0.9963273406028748,0.0005264391656965017
TEST_38784,0.0030674198642373085,0.9873607158660889
TEST_38785,0.027302738279104233,0.9910167455673218
TEST_38786,0.006520067807286978,0.9979428648948669
TEST_38787,0.08809245377779007,0.09992577135562897
TEST_38788,0.05065983533859253,0.9960305094718933
TEST_38789,0.000724554352927953,0.9999748468399048
TEST_38790,0.9968703389167786,0.9376161694526672
TEST_38791,0.001714480109512806,0.9988333582878113
TEST_38792,0.08103274554014206,0.9968239068984985
TEST_38793,0.018663644790649414,0.9436570405960083
TEST_38794,0.49645236134529114,0.9103807806968689
TEST_38795,0.03242448344826698,0.9380960464477539
TEST_38796,0.06740766018629074,0.8773603439331055
TEST_38797,0.036567363888025284,0.9139152765274048
TEST_38798,0.0032718596048653126,0.9996428489685059
TEST_38799,0.8993934988975525,0.012247832491993904
TEST_38800,0.0056905862875282764,0.9846518039703369
TEST_38801,0.00819165538996458,0.9867119789123535
TEST_38802,0.0004111513844691217,0.9990493655204773
TEST_38803,0.017237721011042595,0.9994865655899048
TEST_38804,0.007005129009485245,0.9859886169433594
TEST_38805,0.20063325762748718,0.9018554091453552
TEST_38806,0.19175496697425842,0.9215293526649475
TEST_38807,0.00030442545539699495,0.9983918070793152
TEST_38808,0.011080115102231503,0.8711570501327515
TEST_38809,0.9867691993713379,0.9263693690299988
TEST_38810,0.004739593714475632,0.9971146583557129
TEST_38811,0.03757473826408386,0.8490552306175232
TEST_38812,0.03847244009375572,0.9475669264793396
TEST_38813,0.9298328757286072,0.0989859402179718
TEST_38814,0.0009949252707883716,0.9896921515464783
TEST_38815,0.002627147128805518,0.9946723580360413
TEST_38816,0.05363714322447777,0.8796629309654236
TEST_38817,0.004332154057919979,0.9155479073524475
TEST_38818,0.003536003874614835,0.9965723752975464
TEST_38819,0.005013427697122097,0.9914988875389099
TEST_38820,0.007244665175676346,0.9930556416511536
TEST_38821,0.023320471867918968,0.9800773859024048
TEST_38822,0.01229800470173359,0.996218740940094
TEST_38823,0.9994189739227295,0.26258575916290283
TEST_38824,0.043176036328077316,0.9844503998756409
TEST_38825,0.1842004954814911,0.8465955257415771
TEST_38826,0.047247134149074554,0.8853718638420105
TEST_38827,0.007644032593816519,0.9945847392082214
TEST_38828,0.19120091199874878,0.8141817450523376
TEST_38829,0.023364601656794548,0.9120000004768372
TEST_38830,0.011058139614760876,0.9938631057739258
TEST_38831,0.028392881155014038,0.9898238778114319
TEST_38832,0.015175867825746536,0.9717307090759277
TEST_38833,0.03094545193016529,0.8685957789421082
TEST_38834,0.021866679191589355,0.8958715796470642
TEST_38835,0.010578261688351631,0.982749342918396
TEST_38836,0.0297565758228302,0.9880391955375671
TEST_38837,0.0043916464783251286,0.999988317489624
TEST_38838,0.009563887491822243,0.9807078242301941
TEST_38839,0.004386085085570812,0.9963059425354004
TEST_38840,0.010064670816063881,0.9961127638816833
TEST_38841,0.5446736216545105,0.45229125022888184
TEST_38842,0.0015340355457738042,0.9984160661697388
TEST_38843,0.0007817410514689982,0.9999370574951172
TEST_38844,0.0012503088219091296,0.9990617632865906
TEST_38845,0.022089730948209763,0.9955339431762695
TEST_38846,0.0019276738166809082,0.9965459704399109
TEST_38847,0.004873002879321575,0.9277002811431885
TEST_38848,0.11980272829532623,0.8444714546203613
TEST_38849,0.0026665967889130116,0.9885182976722717
TEST_38850,0.0031161694787442684,0.9999483823776245
TEST_38851,0.00013376536662690341,0.9999563694000244
TEST_38852,0.002940703649073839,0.9861161708831787
TEST_38853,0.00413666432723403,0.9202232360839844
TEST_38854,0.011850891634821892,0.9957356452941895
TEST_38855,0.00019295635866001248,0.9997186064720154
TEST_38856,0.1695103645324707,0.9586190581321716
TEST_38857,0.06569685786962509,0.5314378142356873
TEST_38858,0.03409838303923607,0.9882519841194153
TEST_38859,0.017989378422498703,0.9812831878662109
TEST_38860,0.007232452277094126,0.9607351422309875
TEST_38861,0.099125437438488,0.8843353390693665
TEST_38862,0.0019158481154590845,0.9973564147949219
TEST_38863,0.020168505609035492,0.9704706072807312
TEST_38864,0.001457671751268208,1.0
TEST_38865,0.03141045197844505,0.8887120485305786
TEST_38866,0.1718243807554245,0.9866002202033997
TEST_38867,0.11007171869277954,0.857721209526062
TEST_38868,0.002727764891460538,0.9821212291717529
TEST_38869,0.9981282353401184,0.05929287523031235
TEST_38870,0.0018505625193938613,0.9988579750061035
TEST_38871,0.021516019478440285,0.9372602105140686
TEST_38872,0.1380278468132019,0.4448818266391754
TEST_38873,0.591574490070343,0.8853685855865479
TEST_38874,0.030414918437600136,0.9870998859405518
TEST_38875,0.0451861247420311,0.8658857941627502
TEST_38876,0.04481806978583336,0.9555734992027283
TEST_38877,0.01114750374108553,0.9996337890625
TEST_38878,0.08392385393381119,0.06062915921211243
TEST_38879,0.00921840313822031,0.9953151941299438
TEST_38880,0.014664343558251858,0.9859395027160645
TEST_38881,0.0050485506653785706,0.9944778680801392
TEST_38882,0.03712048754096031,0.896077573299408
TEST_38883,0.950528085231781,0.9783703684806824
TEST_38884,0.0036048241890966892,0.9993543028831482
TEST_38885,2.527860033296747e-06,0.9995790123939514
TEST_38886,0.29734593629837036,0.01868576742708683
TEST_38887,0.5469009876251221,0.7375311851501465
TEST_38888,0.004343089181929827,0.9988070726394653
TEST_38889,0.0011641096789389849,0.9172157049179077
TEST_38890,0.018598349764943123,0.9986779093742371
TEST_38891,0.04145817831158638,0.8739653825759888
TEST_38892,0.012427265755832195,0.9523093104362488
TEST_38893,0.0006880869041197002,0.9924853444099426
TEST_38894,0.030286721885204315,0.9987438321113586
TEST_38895,0.06655970215797424,0.6636162996292114
TEST_38896,0.028804456815123558,0.9786010980606079
TEST_38897,0.02927340567111969,0.9327308535575867
TEST_38898,0.081705242395401,0.990781843662262
TEST_38899,0.016967039555311203,0.9979779124259949
TEST_38900,0.028821788728237152,0.9359012246131897
TEST_38901,0.013708967715501785,0.9549574851989746
TEST_38902,0.04277048259973526,0.9317123889923096
TEST_38903,0.004179700743407011,0.9904273748397827
TEST_38904,0.003551393747329712,0.9946025013923645
TEST_38905,0.014080378226935863,0.963527262210846
TEST_38906,0.9944832921028137,0.38009604811668396
TEST_38907,1.1467947842902504e-05,0.9997046589851379
TEST_38908,0.0659446269273758,0.9984893798828125
TEST_38909,0.003017348237335682,0.9973689317703247
TEST_38910,0.06150951236486435,0.6137012839317322
TEST_38911,0.013759405352175236,0.9921327233314514
TEST_38912,0.9950770735740662,0.8384239077568054
TEST_38913,0.01850222796201706,0.9619905948638916
TEST_38914,0.017084244638681412,0.9685803651809692
TEST_38915,0.0272159855812788,0.972371518611908
TEST_38916,0.5142808556556702,0.7213721871376038
TEST_38917,0.002807601122185588,0.9983212351799011
TEST_38918,0.4286428689956665,0.8389778137207031
TEST_38919,0.18313580751419067,0.9848111867904663
TEST_38920,0.010982218198478222,0.9055191278457642
TEST_38921,0.014044281095266342,0.9683761596679688
TEST_38922,0.04393702372908592,0.8940390348434448
TEST_38923,0.003982383757829666,0.9974730610847473
TEST_38924,0.9981628060340881,0.9012352824211121
TEST_38925,0.02288251928985119,0.9919420480728149
TEST_38926,0.039272475987672806,0.8938984870910645
TEST_38927,0.0016160213854163885,0.9993256330490112
TEST_38928,0.009035106748342514,0.997908353805542
TEST_38929,0.007199780084192753,0.9966952800750732
TEST_38930,0.00924747996032238,0.9852631092071533
TEST_38931,0.026075182482600212,0.9484989047050476
TEST_38932,0.10053017735481262,0.9899159073829651
TEST_38933,0.015964874997735023,0.9992175102233887
TEST_38934,0.8975253701210022,0.975658118724823
TEST_38935,0.042331598699092865,0.9812033772468567
TEST_38936,0.6622804999351501,0.9618663787841797
TEST_38937,0.002316423924639821,0.9759509563446045
TEST_38938,0.0016059536719694734,0.9893715381622314
TEST_38939,0.012626547366380692,0.9860690832138062
TEST_38940,0.0062346383929252625,0.9838526248931885
TEST_38941,0.004015349317342043,0.9643076658248901
TEST_38942,0.03948415443301201,0.4919634163379669
TEST_38943,0.8475134968757629,0.0021367070730775595
TEST_38944,0.5698975920677185,0.9922823309898376
TEST_38945,0.08717434108257294,0.9929991960525513
TEST_38946,0.030781254172325134,0.9436563849449158
TEST_38947,0.6945422887802124,0.7197133898735046
TEST_38948,0.029908927157521248,0.9432819485664368
TEST_38949,1.4173227100400254e-05,0.9997642636299133
TEST_38950,0.022040095180273056,0.9983618855476379
TEST_38951,0.00015452095249202102,0.998785674571991
TEST_38952,0.030087141320109367,0.9284870028495789
TEST_38953,0.019226960837841034,0.9846956133842468
TEST_38954,0.4378032386302948,0.9383202195167542
TEST_38955,0.03564262017607689,0.9951504468917847
TEST_38956,0.08674117177724838,0.936083972454071
TEST_38957,0.017613882198929787,0.9844867587089539
TEST_38958,0.006647425703704357,0.9937157034873962
TEST_38959,0.0041525098495185375,0.9954546689987183
TEST_38960,0.025918854400515556,0.9658516645431519
TEST_38961,0.9999933242797852,0.0005756085156463087
TEST_38962,0.029600903391838074,0.9769304990768433
TEST_38963,0.0010443049250170588,0.9996978044509888
TEST_38964,0.24676789343357086,0.7778184413909912
TEST_38965,0.008079226128757,0.9960733652114868
TEST_38966,0.008069568313658237,0.9985963702201843
TEST_38967,0.04265664517879486,0.9603475332260132
TEST_38968,0.002629180671647191,0.9858982563018799
TEST_38969,0.18196046352386475,0.9907557368278503
TEST_38970,0.014280731789767742,0.9974753260612488
TEST_38971,0.016402825713157654,0.9870719313621521
TEST_38972,0.015284613706171513,0.9903839826583862
TEST_38973,0.013994116336107254,0.9833378195762634
TEST_38974,0.0022216348443180323,0.9997707009315491
TEST_38975,0.01726597547531128,0.9903535842895508
TEST_38976,0.6778177618980408,0.7091933488845825
TEST_38977,0.004732814151793718,0.9843506813049316
TEST_38978,0.02811119705438614,0.9382289052009583
TEST_38979,0.021550985053181648,0.9964370727539062
TEST_38980,0.5405423045158386,0.8444045782089233
TEST_38981,0.0029592374339699745,0.9946339130401611
TEST_38982,0.825829029083252,0.8338165283203125
TEST_38983,0.02733256109058857,0.9773887395858765
TEST_38984,0.0029526252765208483,0.9984084963798523
TEST_38985,0.06295452266931534,0.8886540532112122
TEST_38986,0.011757486499845982,0.9954609274864197
TEST_38987,0.11866582930088043,0.94191974401474
TEST_38988,0.09280967712402344,0.9449625015258789
TEST_38989,0.9915866851806641,0.68902987241745
TEST_38990,0.0013403963530436158,0.9993067979812622
TEST_38991,0.013889677822589874,0.3957163691520691
TEST_38992,0.009296687319874763,0.9602756500244141
TEST_38993,0.013765896670520306,0.9961387515068054
TEST_38994,0.10463741421699524,0.8606233596801758
TEST_38995,0.03081318736076355,0.553517758846283
TEST_38996,0.20579396188259125,0.9136751890182495
TEST_38997,0.5551473498344421,0.04669208079576492
TEST_38998,0.006472569424659014,0.9682164788246155
TEST_38999,0.007355871144682169,1.0
TEST_39000,0.002061157952994108,0.9999979734420776
TEST_39001,0.0009537093574181199,0.9970267415046692
TEST_39002,0.030445927754044533,0.8934135437011719
TEST_39003,0.017475342378020287,0.9939901828765869
TEST_39004,0.0009055302944034338,0.9801911115646362
TEST_39005,0.007711827754974365,0.9980255365371704
TEST_39006,0.009407073259353638,0.9942542910575867
TEST_39007,0.024238666519522667,0.8065336346626282
TEST_39008,0.0037167700938880444,0.9915949702262878
TEST_39009,0.11035216599702835,0.36037972569465637
TEST_39010,0.01680397056043148,0.9942967295646667
TEST_39011,0.005495286080986261,0.9759587049484253
TEST_39012,0.004091437440365553,0.9985347986221313
TEST_39013,0.055018745362758636,0.9454800486564636
TEST_39014,0.0026637271512299776,0.9594095349311829
TEST_39015,0.005418397486209869,0.9870886206626892
TEST_39016,0.011269818991422653,0.9862558245658875
TEST_39017,0.057462990283966064,0.9958001971244812
TEST_39018,0.0350230447947979,0.9979649782180786
TEST_39019,0.02339925989508629,0.918892502784729
TEST_39020,0.10538717359304428,0.607545793056488
TEST_39021,0.002040029037743807,0.9943966865539551
TEST_39022,0.04677202180027962,0.9847047328948975
TEST_39023,0.000595864315982908,0.9986912608146667
TEST_39024,0.007655663415789604,0.9963248372077942
TEST_39025,0.012485641986131668,0.807809591293335
TEST_39026,0.0020321221090853214,0.9999980926513672
TEST_39027,0.32479381561279297,0.41832393407821655
TEST_39028,0.0038861576467752457,0.9824649691581726
TEST_39029,0.007620171643793583,0.996866762638092
TEST_39030,0.0048167831264436245,0.9989784955978394
TEST_39031,0.02445601485669613,0.9926840662956238
TEST_39032,0.025970732793211937,0.9996871948242188
TEST_39033,0.0032256441190838814,0.8800504803657532
TEST_39034,0.7535418272018433,0.9479334354400635
TEST_39035,0.010832116939127445,0.999996542930603
TEST_39036,0.004121195990592241,0.9933822154998779
TEST_39037,0.016438951715826988,0.982887327671051
TEST_39038,0.0304794292896986,0.8715882301330566
TEST_39039,0.09459284693002701,0.9148765206336975
TEST_39040,0.0005614388501271605,0.9980347752571106
TEST_39041,0.0010247421450912952,0.9868710041046143
TEST_39042,0.36850041151046753,0.8494501113891602
TEST_39043,0.00020347586541902274,0.998137354850769
TEST_39044,0.004175177775323391,0.9929311275482178
TEST_39045,0.03148943930864334,0.898800253868103
TEST_39046,0.005172633565962315,0.9895037412643433
TEST_39047,0.0023379558697342873,0.9991810917854309
TEST_39048,0.9505135416984558,0.6436235308647156
TEST_39049,0.02177041955292225,0.9977647066116333
TEST_39050,0.004163682926446199,0.9967308044433594
TEST_39051,0.9563237428665161,0.6335901618003845
TEST_39052,0.00252691563218832,0.8750751614570618
TEST_39053,0.08367815613746643,0.9880576133728027
TEST_39054,0.0522356852889061,0.9889121055603027
TEST_39055,0.010735567659139633,0.9377803206443787
TEST_39056,0.0015214845770969987,0.934297502040863
TEST_39057,0.03573742136359215,0.9828273057937622
TEST_39058,0.00757250189781189,0.9966777563095093
TEST_39059,0.008170069195330143,0.9870721697807312
TEST_39060,0.07813192903995514,0.7030510902404785
TEST_39061,0.069402314722538,0.9340201616287231
TEST_39062,0.0019980082288384438,0.9998431205749512
TEST_39063,0.02408648282289505,0.12921550869941711
TEST_39064,0.0014069157186895609,0.998996913433075
TEST_39065,0.24934540688991547,0.8445124626159668
TEST_39066,0.007945120334625244,0.9904389381408691
TEST_39067,0.01667807064950466,0.974215030670166
TEST_39068,0.3136833608150482,0.9178234338760376
TEST_39069,0.03198207542300224,0.9910457730293274
TEST_39070,0.01055681798607111,0.9485172629356384
TEST_39071,0.01520602684468031,0.9959312081336975
TEST_39072,0.00020703708287328482,0.9980164766311646
TEST_39073,0.0035445119719952345,0.9962071180343628
TEST_39074,0.036106109619140625,0.8378362655639648
TEST_39075,0.01224749255925417,0.9938587546348572
TEST_39076,0.0027178374584764242,0.9990146160125732
TEST_39077,0.029898662120103836,0.8786271810531616
TEST_39078,0.002220073016360402,0.9988407492637634
TEST_39079,0.11752880364656448,0.523636519908905
TEST_39080,0.006984219886362553,0.9349416494369507
TEST_39081,0.00822475180029869,0.9977166652679443
TEST_39082,0.018036404624581337,0.7104218602180481
TEST_39083,0.007510851137340069,0.9956193566322327
TEST_39084,0.9913756251335144,0.5831635594367981
TEST_39085,0.02272673510015011,0.9545802474021912
TEST_39086,0.0002551226643845439,0.9992985725402832
TEST_39087,0.001972983591258526,0.999126136302948
TEST_39088,0.05816768854856491,0.9115219712257385
TEST_39089,0.01227240264415741,0.982075035572052
TEST_39090,0.08312170952558517,0.9901242852210999
TEST_39091,0.016477307304739952,0.9870523810386658
TEST_39092,0.03125384822487831,0.9994309544563293
TEST_39093,0.0030600125901401043,0.962660014629364
TEST_39094,0.007254582829773426,0.9990081191062927
TEST_39095,0.0033347669523209333,0.9992567896842957
TEST_39096,0.03076479583978653,0.9955030083656311
TEST_39097,0.01903102919459343,0.9967231154441833
TEST_39098,0.019426822662353516,0.9379804730415344
TEST_39099,0.765895664691925,0.4754452705383301
TEST_39100,0.0011145109310746193,0.9927297234535217
TEST_39101,0.021994447335600853,0.9958711266517639
TEST_39102,0.010309910401701927,0.9960632920265198
TEST_39103,0.776404082775116,0.8635903000831604
TEST_39104,0.005812531802803278,0.9996942281723022
TEST_39105,0.015463522635400295,0.9343596696853638
TEST_39106,0.35019901394844055,0.995128870010376
TEST_39107,0.10864070057868958,0.8893824219703674
TEST_39108,0.002855746541172266,0.9810118675231934
TEST_39109,0.006581729743629694,0.9710382223129272
TEST_39110,0.027225390076637268,0.9835324287414551
TEST_39111,7.503381493734196e-05,0.9972680807113647
TEST_39112,0.016614753752946854,0.9973921775817871
TEST_39113,0.08163940161466599,0.9632579684257507
TEST_39114,0.00417958153411746,0.9822943210601807
TEST_39115,0.3485313355922699,0.9794838428497314
TEST_39116,0.005834965500980616,0.9992660880088806
TEST_39117,0.0015192001592367887,0.7590635418891907
TEST_39118,0.025035930797457695,0.9611963033676147
TEST_39119,0.01500628050416708,0.9926974177360535
TEST_39120,0.998761773109436,0.7566142678260803
TEST_39121,0.03693411871790886,0.9739181995391846
TEST_39122,0.02644265629351139,0.9944820404052734
TEST_39123,0.003909113816916943,0.9893128275871277
TEST_39124,0.011062802746891975,0.9993993043899536
TEST_39125,0.00018431752687320113,0.9998950958251953
TEST_39126,0.9895817041397095,0.9848508834838867
TEST_39127,0.023683955892920494,0.9835708141326904
TEST_39128,0.03558022901415825,0.9327036738395691
TEST_39129,0.015398163348436356,0.9169971346855164
TEST_39130,0.0025068316608667374,0.9913976192474365
TEST_39131,0.08879274129867554,0.917313277721405
TEST_39132,0.0005370385479182005,0.9997721314430237
TEST_39133,0.0006099013844504952,0.999572217464447
TEST_39134,0.020613262429833412,0.9733448624610901
TEST_39135,0.007950760424137115,0.9960740804672241
TEST_39136,0.08544766157865524,0.9980947375297546
TEST_39137,0.05519116669893265,0.9956052899360657
TEST_39138,0.0005799383507110178,0.9924737215042114
TEST_39139,0.07911643385887146,0.9945579767227173
TEST_39140,0.0010722408769652247,0.9893932342529297
TEST_39141,0.0015699943760409951,0.9984103441238403
TEST_39142,0.021760009229183197,0.9875905513763428
TEST_39143,0.06848340481519699,0.8647366762161255
TEST_39144,0.06372349709272385,0.9166171550750732
TEST_39145,0.14807498455047607,0.998754620552063
TEST_39146,0.0007276886608451605,0.9998072981834412
TEST_39147,0.004917736165225506,0.9930669069290161
TEST_39148,0.935507595539093,0.019833000376820564
TEST_39149,0.015786340460181236,0.9880826473236084
TEST_39150,0.01301636639982462,0.9834780097007751
TEST_39151,0.01661244034767151,0.9945354461669922
TEST_39152,0.012507550418376923,0.9954674243927002
TEST_39153,0.7550912499427795,0.7165175676345825
TEST_39154,0.0997895896434784,0.7587217688560486
TEST_39155,0.006085128057748079,0.9817118644714355
TEST_39156,0.024938061833381653,0.9816544055938721
TEST_39157,0.9853862524032593,0.9374117255210876
TEST_39158,0.04428086802363396,0.9951011538505554
TEST_39159,0.9963470101356506,0.7547651529312134
TEST_39160,0.0023552668280899525,0.9955008625984192
TEST_39161,0.6165714263916016,0.9418184161186218
TEST_39162,0.001039613620378077,0.9965412020683289
TEST_39163,0.7715250253677368,0.5692283511161804
TEST_39164,0.19128115475177765,0.7531222105026245
TEST_39165,0.029169289395213127,0.9861590266227722
TEST_39166,0.0629996508359909,0.9757385849952698
TEST_39167,0.00600568437948823,0.9872419834136963
TEST_39168,0.999906063079834,8.009159500943497e-05
TEST_39169,0.005147838965058327,0.9915750622749329
TEST_39170,0.010349912568926811,0.9946790933609009
TEST_39171,0.002233334584161639,0.9923932552337646
TEST_39172,0.012066841125488281,0.99996018409729
TEST_39173,0.7402265071868896,0.7050545811653137
TEST_39174,0.004776108078658581,0.9885361194610596
TEST_39175,0.001451550517231226,0.9954615235328674
TEST_39176,0.0030635041184723377,0.9537842869758606
TEST_39177,0.948728084564209,0.0027814898639917374
TEST_39178,0.3649425208568573,0.3627013564109802
TEST_39179,2.576017504907213e-05,0.9998112320899963
TEST_39180,0.02713143453001976,0.9995579123497009
TEST_39181,0.0005051841726526618,0.9764418601989746
TEST_39182,0.132737398147583,0.9470545053482056
TEST_39183,0.0041890451684594154,0.9996163845062256
TEST_39184,0.004220028407871723,0.993959903717041
TEST_39185,0.7210651636123657,0.9196810126304626
TEST_39186,0.0023483638651669025,0.9981523156166077
TEST_39187,0.4349943995475769,0.2591710388660431
TEST_39188,0.05183330178260803,0.9652507305145264
TEST_39189,0.0009550497052259743,0.9990189075469971
TEST_39190,0.0017821614164859056,0.9991214871406555
TEST_39191,0.054981548339128494,0.939801812171936
TEST_39192,0.002324848435819149,0.9940760135650635
TEST_39193,0.985478401184082,0.12129894644021988
TEST_39194,0.0008879914530552924,0.9990823268890381
TEST_39195,0.03468925133347511,0.9979968667030334
TEST_39196,0.001019054208882153,0.9771187901496887
TEST_39197,0.013355819508433342,0.9983397722244263
TEST_39198,0.028067704290151596,0.9880936741828918
TEST_39199,0.05415396764874458,0.8759725093841553
TEST_39200,0.03560611605644226,0.99382084608078
TEST_39201,0.00877481047064066,0.9741220474243164
TEST_39202,0.15810836851596832,0.8627237677574158
TEST_39203,0.09801564365625381,0.9132927060127258
TEST_39204,0.008712400682270527,0.9913262724876404
TEST_39205,0.15124696493148804,0.9123089909553528
TEST_39206,0.04001852497458458,0.9984925985336304
TEST_39207,0.002554308157414198,0.9838566780090332
TEST_39208,0.9867475032806396,0.7372167110443115
TEST_39209,0.7323046326637268,0.9085161685943604
TEST_39210,0.014330953359603882,0.9833934903144836
TEST_39211,0.046886321157217026,0.6410448551177979
TEST_39212,0.0001372437400277704,0.9994093179702759
TEST_39213,0.011163740418851376,0.9875727891921997
TEST_39214,0.03256430849432945,0.903164267539978
TEST_39215,0.01368823554366827,0.9966012239456177
TEST_39216,0.9991660118103027,0.06321296840906143
TEST_39217,0.10470442473888397,0.9981027245521545
TEST_39218,0.03867112845182419,0.9613800048828125
TEST_39219,0.0026913415640592575,0.9979408383369446
TEST_39220,0.4839470088481903,0.9565761089324951
TEST_39221,0.3001350164413452,0.9033557176589966
TEST_39222,0.00231652962975204,0.9978759288787842
TEST_39223,0.34577620029449463,0.9890682101249695
TEST_39224,0.005296485964208841,0.9751347303390503
TEST_39225,0.007404510863125324,0.9999563694000244
TEST_39226,6.395922537194565e-05,0.9998688697814941
TEST_39227,0.9709171652793884,0.6549318432807922
TEST_39228,0.6898072361946106,0.9893474578857422
TEST_39229,0.00040388311026617885,0.9989836812019348
TEST_39230,0.0008041487308219075,0.9959606528282166
TEST_39231,0.0038184316363185644,0.9911472201347351
TEST_39232,0.043345287442207336,0.9958404898643494
TEST_39233,0.00831819698214531,0.9961066842079163
TEST_39234,0.004012354649603367,0.9997864365577698
TEST_39235,0.08044230937957764,0.6401868462562561
TEST_39236,0.036096975207328796,0.8831709027290344
TEST_39237,0.003904086770489812,0.9863883852958679
TEST_39238,0.0014495707582682371,0.9989266991615295
TEST_39239,0.03401504084467888,0.9207699298858643
TEST_39240,0.06547468900680542,0.9017974138259888
TEST_39241,0.025699805468320847,0.9784245491027832
TEST_39242,0.005421389359980822,0.994071900844574
TEST_39243,0.029534220695495605,0.9976391792297363
TEST_39244,0.03501856327056885,0.9915784597396851
TEST_39245,0.009060844779014587,0.9890528321266174
TEST_39246,0.002606903202831745,0.9958849549293518
TEST_39247,2.0572722860379145e-05,0.9999693632125854
TEST_39248,0.02729383483529091,0.9664702415466309
TEST_39249,0.003122037975117564,0.9978142976760864
TEST_39250,0.29896080493927,0.014284840784966946
TEST_39251,0.15203699469566345,0.8889538049697876
TEST_39252,0.05268128961324692,0.953411877155304
TEST_39253,0.04557613283395767,0.8944848775863647
TEST_39254,0.015855925157666206,0.9732338190078735
TEST_39255,0.11874676495790482,0.4088571071624756
TEST_39256,0.002867297735065222,0.9899565577507019
TEST_39257,0.0019276950042694807,0.9966525435447693
TEST_39258,0.012185996398329735,0.9805002212524414
TEST_39259,0.2667563259601593,0.8786377906799316
TEST_39260,0.013548312708735466,0.9172506928443909
TEST_39261,0.020215032622218132,0.9735629558563232
TEST_39262,0.009785165078938007,0.9868993759155273
TEST_39263,0.051633767783641815,0.9627329707145691
TEST_39264,0.000341385486535728,0.9997013211250305
TEST_39265,0.002490923972800374,0.9460925459861755
TEST_39266,0.003857378615066409,0.9952602982521057
TEST_39267,0.0007627970771864057,0.9988313317298889
TEST_39268,0.002112863352522254,0.9987579584121704
TEST_39269,0.9711213111877441,0.22835220396518707
TEST_39270,0.032332878559827805,0.9645463228225708
TEST_39271,0.017741482704877853,0.9999778270721436
TEST_39272,0.006825341377407312,0.9553127288818359
TEST_39273,0.9048385620117188,0.9092949628829956
TEST_39274,0.033050455152988434,0.9987442493438721
TEST_39275,0.0017196980770677328,0.9994877576828003
TEST_39276,0.032910414040088654,0.9550215005874634
TEST_39277,0.7238385081291199,0.9920670986175537
TEST_39278,0.015065480023622513,0.9817427396774292
TEST_39279,0.1276354044675827,0.9312568306922913
TEST_39280,0.0044057900086045265,0.9965026378631592
TEST_39281,0.04367763176560402,0.9930219054222107
TEST_39282,0.0003707880969159305,0.9996141195297241
TEST_39283,0.005040296353399754,0.991091787815094
TEST_39284,0.03645133599638939,0.9546187520027161
TEST_39285,0.0009315934148617089,0.9865807294845581
TEST_39286,0.2733561098575592,0.720623254776001
TEST_39287,0.0001865378289949149,0.9998754262924194
TEST_39288,0.10874888300895691,0.9055361747741699
TEST_39289,0.07943005114793777,0.8211104273796082
TEST_39290,0.20767459273338318,0.9256313443183899
TEST_39291,0.9595007300376892,0.7804591655731201
TEST_39292,0.009247181937098503,0.991740345954895
TEST_39293,0.001268815016373992,0.9989042282104492
TEST_39294,0.8392242789268494,0.8760411143302917
TEST_39295,0.022855108603835106,0.9961517453193665
TEST_39296,0.0064079067669808865,0.9865899085998535
TEST_39297,0.004940229933708906,0.9645169973373413
TEST_39298,0.09351784735918045,0.5692630410194397
TEST_39299,0.07835794240236282,0.9633525609970093
TEST_39300,0.0024566419888287783,0.9684781432151794
TEST_39301,0.007283810991793871,0.9995899796485901
TEST_39302,0.12582901120185852,0.061570171266794205
TEST_39303,0.020187512040138245,0.5669636130332947
TEST_39304,0.014957163482904434,0.9877188205718994
TEST_39305,0.008318854495882988,0.9964042901992798
TEST_39306,0.0023083635605871677,0.9988231062889099
TEST_39307,0.999832034111023,0.3913670778274536
TEST_39308,0.012070171535015106,0.9697871208190918
TEST_39309,0.013937421143054962,0.9746714234352112
TEST_39310,0.9806641340255737,0.8984607458114624
TEST_39311,0.6461730599403381,0.5027930736541748
TEST_39312,0.000293379562208429,0.9998176693916321
TEST_39313,0.9277446866035461,0.799172580242157
TEST_39314,0.006386671680957079,0.9994818568229675
TEST_39315,0.037962302565574646,0.8796039819717407
TEST_39316,0.047291312366724014,0.9950454235076904
TEST_39317,0.5513582229614258,0.9208809733390808
TEST_39318,0.05154090002179146,0.9995909333229065
TEST_39319,0.16016130149364471,0.9448893070220947
TEST_39320,0.002492266707122326,0.9999884366989136
TEST_39321,0.012470916844904423,0.9797858595848083
TEST_39322,0.24214491248130798,0.35693123936653137
TEST_39323,0.9977290034294128,5.865655475645326e-05
TEST_39324,0.004219535272568464,0.9927731156349182
TEST_39325,0.005156902130693197,0.9996077418327332
TEST_39326,0.8210136294364929,0.9691104292869568
TEST_39327,0.011039819568395615,0.9683994054794312
TEST_39328,0.00429676566272974,0.9139991402626038
TEST_39329,0.001734172459691763,0.9461119771003723
TEST_39330,0.0658273845911026,0.9637190699577332
TEST_39331,0.4715096950531006,0.7958424687385559
TEST_39332,0.011728825978934765,0.9391096234321594
TEST_39333,0.007459915708750486,0.9996272325515747
TEST_39334,0.003627209924161434,0.9999483823776245
TEST_39335,0.00704188272356987,0.9901382923126221
TEST_39336,0.0006388540496118367,0.9972597360610962
TEST_39337,0.0032752950210124254,0.9932656288146973
TEST_39338,0.016948049888014793,0.9276049733161926
TEST_39339,0.0069781700149178505,0.998648464679718
TEST_39340,0.006617257837206125,0.9899811148643494
TEST_39341,0.3160015940666199,0.9497637748718262
TEST_39342,0.0009016473777592182,0.999567449092865
TEST_39343,0.022082211449742317,0.9948189854621887
TEST_39344,0.0012479323195293546,0.9983159303665161
TEST_39345,0.024528518319129944,0.9033510088920593
TEST_39346,0.013096638955175877,0.5736050605773926
TEST_39347,0.8276951909065247,0.9763270616531372
TEST_39348,0.022973142564296722,0.6548340916633606
TEST_39349,5.59688160137739e-05,0.9995120763778687
TEST_39350,0.004217864479869604,0.9999942779541016
TEST_39351,0.021905988454818726,0.9955294728279114
TEST_39352,0.0003368872858118266,0.999968409538269
TEST_39353,0.4051460921764374,0.5128108859062195
TEST_39354,0.001567952218465507,0.9941713213920593
TEST_39355,0.09937483072280884,0.8606817722320557
TEST_39356,0.09542105346918106,0.7242046594619751
TEST_39357,0.05216360092163086,0.777091920375824
TEST_39358,0.19464027881622314,0.6739401817321777
TEST_39359,0.0853782445192337,0.9529052376747131
TEST_39360,0.04927537217736244,0.9917667508125305
TEST_39361,0.08513335138559341,0.9245543479919434
TEST_39362,0.025359852239489555,0.954306960105896
TEST_39363,0.8864125609397888,0.005395321641117334
TEST_39364,0.00044309956138022244,0.9876856803894043
TEST_39365,0.8514883518218994,0.9365190267562866
TEST_39366,0.010214264504611492,0.8528622388839722
TEST_39367,0.007601818535476923,0.9890803694725037
TEST_39368,0.09946714341640472,0.9931018352508545
TEST_39369,0.042371127754449844,0.7870617508888245
TEST_39370,0.7136675715446472,0.998353123664856
TEST_39371,0.00600575003772974,0.9995013475418091
TEST_39372,0.003673735773190856,0.9940057992935181
TEST_39373,0.3709239959716797,0.9345430731773376
TEST_39374,0.16093909740447998,0.9784846901893616
TEST_39375,0.001337129739113152,0.9968997240066528
TEST_39376,0.01003242563456297,0.9849706292152405
TEST_39377,0.4747754633426666,0.7955899238586426
TEST_39378,0.6723760366439819,0.9788401126861572
TEST_39379,0.1350318193435669,0.9834926128387451
TEST_39380,0.019897762686014175,0.9906246066093445
TEST_39381,0.0013773763785138726,0.970170795917511
TEST_39382,0.018862368538975716,0.9600785970687866
TEST_39383,0.006048534065485001,0.9731027483940125
TEST_39384,0.006575070321559906,0.9964584708213806
TEST_39385,0.011430768296122551,0.9712430834770203
TEST_39386,0.0018944984767585993,0.999681830406189
TEST_39387,0.0016849185340106487,0.9965008497238159
TEST_39388,0.0017246404895558953,0.9926303625106812
TEST_39389,0.027959050610661507,0.9991933703422546
TEST_39390,0.00484301196411252,0.9821416139602661
TEST_39391,0.03912036493420601,0.8602625727653503
TEST_39392,0.036980245262384415,0.835845410823822
TEST_39393,0.051880016922950745,0.9471497535705566
TEST_39394,0.027867769822478294,0.9926757216453552
TEST_39395,0.0036035547964274883,0.9968199729919434
TEST_39396,0.0044871424324810505,0.9925633072853088
TEST_39397,0.001606621197424829,0.9971261620521545
TEST_39398,0.5158573389053345,0.14791812002658844
TEST_39399,0.914217472076416,0.8857959508895874
TEST_39400,0.008739561773836613,0.9198482036590576
TEST_39401,0.0035433536395430565,0.9978195428848267
TEST_39402,0.0021107783541083336,0.9983748197555542
TEST_39403,0.04177137836813927,0.7054645419120789
TEST_39404,0.028076985850930214,0.9158226847648621
TEST_39405,0.14432242512702942,0.9921901822090149
TEST_39406,0.030109969899058342,0.9427298307418823
TEST_39407,0.025428112596273422,0.9892461895942688
TEST_39408,0.002124795224517584,0.9990099668502808
TEST_39409,0.04404788464307785,0.7993535399436951
TEST_39410,0.0017033055191859603,0.9997102618217468
TEST_39411,0.015766851603984833,0.9975681900978088
TEST_39412,0.692987322807312,0.9869611263275146
TEST_39413,0.03242228180170059,0.9207810163497925
TEST_39414,0.013399516232311726,0.9550390839576721
TEST_39415,0.9998736381530762,2.4289676730404608e-05
TEST_39416,0.0035835837479680777,0.9939864873886108
TEST_39417,0.07782554626464844,0.9662060737609863
TEST_39418,0.013658896088600159,0.9909741282463074
TEST_39419,0.30836203694343567,0.9600300192832947
TEST_39420,0.46978017687797546,0.8808212876319885
TEST_39421,0.0010462406789883971,0.983106255531311
TEST_39422,0.0020902794785797596,0.998451828956604
TEST_39423,0.0006965717766433954,0.9985492825508118
TEST_39424,0.00041546663851477206,0.9964240193367004
TEST_39425,0.0015956583665683866,0.9550143480300903
TEST_39426,0.0013714311644434929,0.9963827133178711
TEST_39427,0.053821224719285965,0.31506606936454773
TEST_39428,0.0008758213953115046,0.9764467477798462
TEST_39429,0.06262069940567017,0.9898171424865723
TEST_39430,0.004095581825822592,0.998635470867157
TEST_39431,0.06332939118146896,0.9643327593803406
TEST_39432,0.026503771543502808,0.8691455721855164
TEST_39433,0.01550249196588993,0.9308326244354248
TEST_39434,0.0033830096945166588,0.9968408346176147
TEST_39435,0.0012583679053932428,0.9998605251312256
TEST_39436,0.12025661766529083,0.8961536288261414
TEST_39437,0.003381704445928335,0.9846877455711365
TEST_39438,0.02061973512172699,0.9985384941101074
TEST_39439,0.019270723685622215,0.9769855737686157
TEST_39440,0.0004001092165708542,0.999118983745575
TEST_39441,0.010014479048550129,0.992055356502533
TEST_39442,0.0006260837544687092,0.9993888139724731
TEST_39443,0.0056258938275277615,0.8761882781982422
TEST_39444,0.10103675723075867,0.16376933455467224
TEST_39445,0.01581042818725109,0.996512234210968
TEST_39446,0.004411865957081318,0.9952713847160339
TEST_39447,0.7092975378036499,0.8594607710838318
TEST_39448,0.47572243213653564,0.9442287087440491
TEST_39449,0.002907286398112774,0.9966524243354797
TEST_39450,0.06609075516462326,0.776037871837616
TEST_39451,0.0006849183118902147,0.999879002571106
TEST_39452,0.13440176844596863,0.8558812141418457
TEST_39453,0.023687176406383514,0.9923264980316162
TEST_39454,0.021389372646808624,0.9982439279556274
TEST_39455,0.012685990892350674,0.9977868795394897
TEST_39456,0.0059642428532242775,0.9996623992919922
TEST_39457,0.0016703709261491895,0.9951366782188416
TEST_39458,0.005747586488723755,0.9991568326950073
TEST_39459,0.9997848868370056,0.005686829332262278
TEST_39460,0.0006054732366465032,0.9998457431793213
TEST_39461,0.0007801447645761073,0.9947291016578674
TEST_39462,0.08627322316169739,0.92693030834198
TEST_39463,0.010047833435237408,0.9931319355964661
TEST_39464,0.059233658015728,0.9106978178024292
TEST_39465,0.007109674625098705,0.9994552731513977
TEST_39466,0.09521882981061935,0.8515388369560242
TEST_39467,0.796423077583313,0.8342287540435791
TEST_39468,0.00543509004637599,0.9991211295127869
TEST_39469,0.04751233384013176,0.9611445069313049
TEST_39470,0.013739030808210373,0.9966399669647217
TEST_39471,0.00935748964548111,0.9656228423118591
TEST_39472,0.03193782642483711,0.9405809640884399
TEST_39473,0.0009909572545439005,0.9997605681419373
TEST_39474,0.03733501955866814,0.8389516472816467
TEST_39475,0.02114737033843994,0.9976296424865723
TEST_39476,0.7573174834251404,0.9293217062950134
TEST_39477,0.03127066418528557,0.9627232551574707
TEST_39478,0.024520423263311386,0.9844225645065308
TEST_39479,0.00759135652333498,0.9994205236434937
TEST_39480,0.023346899077296257,0.9899601936340332
TEST_39481,0.011736860498785973,0.987497091293335
TEST_39482,0.011135573498904705,0.9987786412239075
TEST_39483,0.003704662900418043,0.9979895353317261
TEST_39484,0.9664389491081238,0.5694252848625183
TEST_39485,0.019745737314224243,0.9908145070075989
TEST_39486,0.003132806858047843,0.9856230020523071
TEST_39487,0.8676707744598389,0.6913123726844788
TEST_39488,0.00956636294722557,0.9918215870857239
TEST_39489,0.00026890169829130173,0.9949457049369812
TEST_39490,0.015571918338537216,0.9105344414710999
TEST_39491,0.006098455283790827,0.9876509308815002
TEST_39492,0.0026253049727529287,0.9999738931655884
TEST_39493,0.057193074375391006,0.9982427358627319
TEST_39494,0.020617714151740074,0.9871500730514526
TEST_39495,0.022853247821331024,0.9814742207527161
TEST_39496,0.0009879340650513768,0.9993615746498108
TEST_39497,0.03983174264431,0.9908567667007446
TEST_39498,0.0006991073023527861,0.9999679327011108
TEST_39499,0.0006181546486914158,0.9987284541130066
TEST_39500,0.40375226736068726,0.8552627563476562
TEST_39501,0.03636464849114418,0.9109601974487305
TEST_39502,0.5422508716583252,0.9553083777427673
TEST_39503,0.033876802772283554,0.9707433581352234
TEST_39504,0.00017368186672683805,0.9999550580978394
TEST_39505,0.003985427785664797,0.9940173625946045
TEST_39506,0.3173184096813202,0.8719987869262695
TEST_39507,0.04842650890350342,0.9600875973701477
TEST_39508,0.007062230259180069,0.9968059062957764
TEST_39509,0.9622294902801514,0.9080952405929565
TEST_39510,0.011962968856096268,0.9987485408782959
TEST_39511,0.4124671220779419,0.07156464457511902
TEST_39512,0.007665987592190504,0.9620035290718079
TEST_39513,0.008384587243199348,0.999332845211029
TEST_39514,0.014014183543622494,0.9011921286582947
TEST_39515,0.27034512162208557,0.9439972639083862
TEST_39516,0.008770843036472797,0.9971941709518433
TEST_39517,0.004582427907735109,0.9969989061355591
TEST_39518,0.08470342308282852,0.9393609762191772
TEST_39519,0.028529971837997437,0.9689671993255615
TEST_39520,0.03642696142196655,0.9687520265579224
TEST_39521,0.030288469046354294,0.9109528660774231
TEST_39522,0.0860932320356369,0.9275990128517151
TEST_39523,0.015220736153423786,0.9748057723045349
TEST_39524,0.0007627280429005623,0.9994255304336548
TEST_39525,0.0020838698837906122,0.8600741624832153
TEST_39526,0.9529756307601929,0.7820395827293396
TEST_39527,0.0017903218977153301,0.9910717606544495
TEST_39528,0.013332835398614407,0.9544283151626587
TEST_39529,0.0023897818755358458,0.998235821723938
TEST_39530,0.2703860104084015,0.8322190046310425
TEST_39531,0.9845080375671387,0.661044180393219
TEST_39532,0.02137477695941925,0.9623312950134277
TEST_39533,0.05681323632597923,0.9569401144981384
TEST_39534,0.010302221402525902,0.9999185800552368
TEST_39535,0.005397811997681856,0.9966063499450684
TEST_39536,0.001966350944712758,0.9832248687744141
TEST_39537,0.8017252087593079,0.6256377696990967
TEST_39538,0.003540940349921584,0.9598789811134338
TEST_39539,0.032821353524923325,0.9770843386650085
TEST_39540,0.8779067397117615,0.9699738025665283
TEST_39541,0.255420058965683,0.08260100334882736
TEST_39542,0.005364201497286558,0.9875146150588989
TEST_39543,0.005345088429749012,0.9872052669525146
TEST_39544,0.001592148095369339,0.9944987893104553
TEST_39545,0.2802688777446747,0.9000070095062256
TEST_39546,0.0025546823162585497,0.998754620552063
TEST_39547,0.003866756334900856,0.9925121068954468
TEST_39548,0.9676792025566101,0.9110110402107239
TEST_39549,0.31537652015686035,0.8625473976135254
TEST_39550,0.02129814773797989,0.9960803389549255
TEST_39551,0.03669135272502899,0.9726741909980774
TEST_39552,0.01674104481935501,0.977310061454773
TEST_39553,0.0043541984632611275,0.990900993347168
TEST_39554,0.012193978764116764,0.9999892711639404
TEST_39555,0.009631332010030746,0.9933680891990662
TEST_39556,0.1057196706533432,0.8239487409591675
TEST_39557,0.0007525001419708133,0.9993946552276611
TEST_39558,0.03711995109915733,0.9866753220558167
TEST_39559,0.007601782213896513,0.9995410442352295
TEST_39560,0.1486424058675766,0.963370144367218
TEST_39561,0.008113790303468704,0.9857444167137146
TEST_39562,0.03113754466176033,0.9902239441871643
TEST_39563,0.0024133515544235706,0.949108898639679
TEST_39564,0.36157363653182983,0.8467171788215637
TEST_39565,0.0028475960716605186,0.9768820405006409
TEST_39566,0.5767738819122314,0.04084761068224907
TEST_39567,0.002893932396546006,0.9996293783187866
TEST_39568,0.030613377690315247,0.8848425149917603
TEST_39569,0.009772527031600475,0.8825668096542358
TEST_39570,0.5364168286323547,0.9337533116340637
TEST_39571,0.05489964783191681,0.9383388757705688
TEST_39572,0.016174713149666786,0.8452640771865845
TEST_39573,0.01193680614233017,0.940771758556366
TEST_39574,0.003195674391463399,0.9904817938804626
TEST_39575,0.0028555155731737614,0.9991703033447266
TEST_39576,0.003130431054159999,0.9937208890914917
TEST_39577,0.0078947888687253,0.9784587025642395
TEST_39578,0.05865855515003204,0.9947595000267029
TEST_39579,0.2604302763938904,0.8743252754211426
TEST_39580,0.008056947961449623,0.998492956161499
TEST_39581,0.01405059453099966,0.9979696869850159
TEST_39582,0.0036617752630263567,0.9994373917579651
TEST_39583,0.014263646677136421,0.9959051609039307
TEST_39584,0.04086073860526085,0.9918334484100342
TEST_39585,0.029769044369459152,0.9702978134155273
TEST_39586,0.08980441838502884,0.9188305735588074
TEST_39587,0.21039724349975586,0.9854147434234619
TEST_39588,0.009586570784449577,0.9508346915245056
TEST_39589,0.06256317347288132,0.8780717849731445
TEST_39590,0.0904511883854866,0.7972453832626343
TEST_39591,0.006852884776890278,0.901850163936615
TEST_39592,0.0033136161509901285,0.9974997639656067
TEST_39593,0.04422410577535629,0.8741416931152344
TEST_39594,0.0006153263966552913,0.9961578249931335
TEST_39595,0.002436587819829583,0.9993383288383484
TEST_39596,0.06779838353395462,0.9431265592575073
TEST_39597,0.07292863726615906,0.90381920337677
TEST_39598,0.0491483137011528,0.985816478729248
TEST_39599,0.878975510597229,0.9631664752960205
TEST_39600,0.9808676838874817,0.0010487614199519157
TEST_39601,0.0033573645632714033,0.9996861219406128
TEST_39602,0.022275498136878014,0.9197447896003723
TEST_39603,0.011274324730038643,0.99437016248703
TEST_39604,0.0006549066747538745,0.9998365640640259
TEST_39605,0.00045706145465373993,0.9998230338096619
TEST_39606,0.036138132214546204,0.9975645542144775
TEST_39607,0.005628831218928099,0.9422041177749634
TEST_39608,0.01071186363697052,0.9986100196838379
TEST_39609,0.005782759748399258,0.9924206137657166
TEST_39610,0.8603304028511047,0.7376169562339783
TEST_39611,0.011201239190995693,0.8960872888565063
TEST_39612,0.08096203953027725,0.9046152830123901
TEST_39613,0.9725545644760132,0.6869896054267883
TEST_39614,0.00213452847674489,0.9948999285697937
TEST_39615,0.00034338721889071167,0.9999971389770508
TEST_39616,0.0005043421988375485,0.9962916374206543
TEST_39617,0.033812571316957474,0.9757936000823975
TEST_39618,0.002860334236174822,0.9959021210670471
TEST_39619,0.018915880471467972,0.9823384881019592
TEST_39620,0.0002629325317684561,0.998530387878418
TEST_39621,0.3460744321346283,0.9359016418457031
TEST_39622,0.410461962223053,0.9109824895858765
TEST_39623,0.3405681848526001,0.8361503481864929
TEST_39624,0.12744469940662384,0.9136667847633362
TEST_39625,0.1918511986732483,0.013272281736135483
TEST_39626,0.2233850210905075,0.9688613414764404
TEST_39627,0.28631630539894104,0.9624782204627991
TEST_39628,0.008261277340352535,0.9628114104270935
TEST_39629,0.19338469207286835,0.9935584664344788
TEST_39630,0.008120037615299225,0.9794396758079529
TEST_39631,0.8151350617408752,0.9993632435798645
TEST_39632,0.25365036725997925,0.8658551573753357
TEST_39633,0.003867221064865589,0.9980787038803101
TEST_39634,0.015460235066711903,0.9367004632949829
TEST_39635,0.39363938570022583,0.9603617191314697
TEST_39636,0.23424416780471802,0.9347396492958069
TEST_39637,0.052315305918455124,0.9596139192581177
TEST_39638,0.06681672483682632,0.7154935002326965
TEST_39639,0.025573400780558586,0.8476629257202148
TEST_39640,0.011424848809838295,0.9989734888076782
TEST_39641,0.577052891254425,0.9942048192024231
TEST_39642,0.011677760630846024,0.9928129315376282
TEST_39643,0.018881943076848984,0.9166062474250793
TEST_39644,0.3338060677051544,0.9560536742210388
TEST_39645,0.026093412190675735,0.9643851518630981
TEST_39646,0.08791554719209671,0.9896336793899536
TEST_39647,0.0457853339612484,0.8915031552314758
TEST_39648,0.006721330340951681,0.9671453833580017
TEST_39649,0.9274435043334961,0.10344799607992172
TEST_39650,0.1668228805065155,0.9926716089248657
TEST_39651,0.004733056761324406,0.9974963068962097
TEST_39652,0.0002790711878333241,0.9998070597648621
TEST_39653,0.9936142563819885,0.01002713292837143
TEST_39654,0.0029724580235779285,0.994737446308136
TEST_39655,0.039697013795375824,0.9907301068305969
TEST_39656,0.0001836883748183027,0.9947748184204102
TEST_39657,0.04519651457667351,0.9999270439147949
TEST_39658,0.0035023048985749483,0.9421952366828918
TEST_39659,0.019099587574601173,0.9942354559898376
TEST_39660,0.24244306981563568,0.7249417901039124
TEST_39661,0.000123973295558244,0.9998767375946045
TEST_39662,0.0017204834148287773,0.9959664344787598
TEST_39663,0.03604288399219513,0.886957585811615
TEST_39664,0.032127030193805695,0.9251116514205933
TEST_39665,0.022219957783818245,0.9933812618255615
TEST_39666,0.002720264485105872,0.9956633448600769
TEST_39667,0.003914981614798307,0.9767026305198669
TEST_39668,0.0052030631341040134,0.9919398427009583
TEST_39669,0.028158172965049744,0.8887898921966553
TEST_39670,0.0013905962696298957,0.9902325868606567
TEST_39671,0.002529802965000272,0.9951578974723816
TEST_39672,0.32586658000946045,0.758255124092102
TEST_39673,0.1695229411125183,0.6262449622154236
TEST_39674,0.001529522705823183,0.999846339225769
TEST_39675,0.016206050291657448,0.9699963331222534
TEST_39676,0.030136510729789734,0.997930645942688
TEST_39677,0.017929717898368835,0.9969447255134583
TEST_39678,0.014042953960597515,0.9953603148460388
TEST_39679,0.005296246614307165,0.9887096285820007
TEST_39680,0.0008374325698241591,0.993229866027832
TEST_39681,0.03501647710800171,0.938175618648529
TEST_39682,0.0020375174935907125,0.999129593372345
TEST_39683,4.392915798234753e-05,0.9986366629600525
TEST_39684,0.012625109404325485,0.9894905686378479
TEST_39685,0.00034074022551067173,0.9997250437736511
TEST_39686,0.0020325465593487024,0.9995219707489014
TEST_39687,0.8723043203353882,0.9259186387062073
TEST_39688,0.027300043031573296,0.964085578918457
TEST_39689,0.9672682881355286,0.2994101047515869
TEST_39690,0.007147189695388079,0.9915688633918762
TEST_39691,0.0021445334423333406,0.9861931204795837
TEST_39692,0.0016984271351248026,0.9949187636375427
TEST_39693,0.8265377283096313,0.3769858777523041
TEST_39694,0.002607395639643073,0.9996108412742615
TEST_39695,0.010715941898524761,0.9887455105781555
TEST_39696,0.9994683861732483,0.007389018777757883
TEST_39697,0.0004929044516757131,0.9992609620094299
TEST_39698,0.0046256789937615395,0.9969828724861145
TEST_39699,0.07008784264326096,0.9745397567749023
TEST_39700,0.2670769989490509,0.2582467496395111
TEST_39701,0.09539706259965897,0.9801577925682068
TEST_39702,0.0034973924048244953,0.9918478727340698
TEST_39703,0.07786870747804642,0.9992290735244751
TEST_39704,0.09794866293668747,0.770979106426239
TEST_39705,0.4147605299949646,0.977925181388855
TEST_39706,0.40973037481307983,0.874734103679657
TEST_39707,0.008090545423328876,0.9655731320381165
TEST_39708,0.003926445730030537,0.9935652613639832
TEST_39709,0.02211216650903225,0.9169138073921204
TEST_39710,0.016630498692393303,0.9999099969863892
TEST_39711,0.004317197948694229,0.9773245453834534
TEST_39712,0.5034762620925903,0.2651239335536957
TEST_39713,0.11260986328125,0.8451595902442932
TEST_39714,0.01998317800462246,0.8877609968185425
TEST_39715,0.04625570774078369,0.9033517837524414
TEST_39716,0.009746366180479527,0.9555206894874573
TEST_39717,0.9934030175209045,0.003054807661101222
TEST_39718,0.026549620553851128,0.9782907962799072
TEST_39719,0.0025894432328641415,0.9722345471382141
TEST_39720,0.07844997197389603,0.8780166506767273
TEST_39721,0.01855355314910412,0.9858998656272888
TEST_39722,0.000398381263948977,0.998847484588623
TEST_39723,0.03210461512207985,0.9899017810821533
TEST_39724,0.0011017495999112725,0.9990900754928589
TEST_39725,0.0271516814827919,0.9958057403564453
TEST_39726,0.019074831157922745,0.9186998605728149
TEST_39727,0.0013751653023064137,0.9962465167045593
TEST_39728,0.0016455036820843816,0.9925676584243774
TEST_39729,0.029702676460146904,0.9184516072273254
TEST_39730,0.0011805581161752343,1.0
TEST_39731,0.0005739368498325348,0.9993447661399841
TEST_39732,0.0019306429894641042,0.9952182173728943
TEST_39733,0.0001694201200734824,0.9882854223251343
TEST_39734,0.03278622031211853,0.9395762085914612
TEST_39735,0.0012518430594354868,0.9990274906158447
TEST_39736,0.9254012703895569,0.9780545830726624
TEST_39737,0.016267796978354454,0.9887260794639587
TEST_39738,0.0019739228300750256,0.9947978258132935
TEST_39739,0.0001836141454987228,0.9999707937240601
TEST_39740,0.026199936866760254,0.990290105342865
TEST_39741,0.00427998835220933,0.9953874945640564
TEST_39742,0.06591565161943436,0.8947913646697998
TEST_39743,0.02235834300518036,0.9816324710845947
TEST_39744,0.010500207543373108,0.957934558391571
TEST_39745,0.04088886082172394,0.9955018162727356
TEST_39746,0.027195239439606667,0.9984984397888184
TEST_39747,0.0555918887257576,0.999762237071991
TEST_39748,0.0024159601889550686,0.9993788003921509
TEST_39749,0.0037814928218722343,0.988761842250824
TEST_39750,0.0007344455225393176,0.9965992569923401
TEST_39751,0.003879027906805277,0.9995761513710022
TEST_39752,0.018361132591962814,0.9954919815063477
TEST_39753,0.637715220451355,0.4687666893005371
TEST_39754,0.005503422114998102,0.999116837978363
TEST_39755,0.12534268200397491,0.9037601947784424
TEST_39756,0.9992095232009888,0.06251160800457001
TEST_39757,0.006300208158791065,0.9991729855537415
TEST_39758,0.006782652344554663,0.9828489422798157
TEST_39759,0.0005215744022279978,0.9981038570404053
TEST_39760,0.014038109220564365,0.8878886103630066
TEST_39761,0.947083055973053,0.9366918206214905
TEST_39762,0.008001408539712429,0.9885330200195312
TEST_39763,0.023054538294672966,0.8913534283638
TEST_39764,0.0015092352405190468,0.9969882369041443
TEST_39765,0.13439545035362244,0.8144633769989014
TEST_39766,0.006213334854692221,0.9917363524436951
TEST_39767,0.0031941025517880917,0.9614902138710022
TEST_39768,0.0015843207947909832,0.9998835325241089
TEST_39769,0.07359132915735245,0.9718315601348877
TEST_39770,0.007326439954340458,0.9998745918273926
TEST_39771,0.0006005941540934145,0.9974182844161987
TEST_39772,0.04734339192509651,0.9455545544624329
TEST_39773,0.0045552984811365604,0.9954368472099304
TEST_39774,0.006709371693432331,1.0
TEST_39775,0.0017922668484970927,0.9976123571395874
TEST_39776,0.19394445419311523,0.7661212682723999
TEST_39777,0.04813562333583832,0.9983602166175842
TEST_39778,0.0013744542375206947,0.9981629252433777
TEST_39779,0.06059252843260765,0.8488418459892273
TEST_39780,0.007804692257195711,0.8400514721870422
TEST_39781,0.0636402815580368,0.8467807173728943
TEST_39782,0.0006706122076138854,0.9987577199935913
TEST_39783,0.002319484017789364,0.9935903549194336
TEST_39784,0.9966279864311218,0.8662915825843811
TEST_39785,5.059186150901951e-05,0.9999299049377441
TEST_39786,0.02928042598068714,0.9602397084236145
TEST_39787,0.03454165533185005,0.9996438026428223
TEST_39788,0.00254622264765203,0.9940868616104126
TEST_39789,0.010537548922002316,0.9857223033905029
TEST_39790,0.022029003128409386,0.993128776550293
TEST_39791,0.5051263570785522,0.820248544216156
TEST_39792,0.01302788220345974,0.997900128364563
TEST_39793,0.35241925716400146,0.9612486362457275
TEST_39794,0.0007342708413489163,0.9990299940109253
TEST_39795,0.021222665905952454,0.9639847874641418
TEST_39796,0.08700595051050186,0.8489853143692017
TEST_39797,0.00030355947092175484,0.9992029070854187
TEST_39798,0.07154933363199234,0.16256393492221832
TEST_39799,0.012987501919269562,0.5402576327323914
TEST_39800,0.08734548836946487,0.9985876083374023
TEST_39801,0.16199243068695068,0.7887843251228333
TEST_39802,0.007712678052484989,0.984188437461853
TEST_39803,0.013661467470228672,0.9909194707870483
TEST_39804,0.028721030801534653,0.9993240833282471
TEST_39805,0.4581046998500824,0.23808351159095764
TEST_39806,0.003787887515500188,0.9952031373977661
TEST_39807,0.3012225031852722,0.8960678577423096
TEST_39808,0.002946790074929595,0.9976853132247925
TEST_39809,0.031133465468883514,0.999476969242096
TEST_39810,0.19100552797317505,0.9523546099662781
TEST_39811,0.0007320484146475792,0.9987346529960632
TEST_39812,0.0033518136478960514,0.9817749261856079
TEST_39813,0.17197087407112122,0.882763147354126
TEST_39814,0.004935403820127249,0.9994056224822998
TEST_39815,0.03538558632135391,0.9604835510253906
TEST_39816,0.04053960740566254,0.9728485941886902
TEST_39817,0.018281424418091774,0.9996787309646606
TEST_39818,0.000154956360347569,0.999723494052887
TEST_39819,0.0021900783758610487,0.9997655749320984
TEST_39820,0.0003578952746465802,0.9972087740898132
TEST_39821,0.96491938829422,0.1414213925600052
TEST_39822,0.7826457023620605,0.8455033898353577
TEST_39823,0.019181648269295692,0.9939163327217102
TEST_39824,0.01714256964623928,0.9718493223190308
TEST_39825,0.02225768379867077,0.9750783443450928
TEST_39826,0.21374022960662842,0.6451466679573059
TEST_39827,0.011864849366247654,0.9981618523597717
TEST_39828,0.004476345609873533,0.9288091659545898
TEST_39829,0.0533788688480854,0.9566395878791809
TEST_39830,0.012664258480072021,0.9912731051445007
TEST_39831,0.005237390287220478,0.9929606318473816
TEST_39832,0.0017140310956165195,0.9957931041717529
TEST_39833,0.17200829088687897,0.0431378148496151
TEST_39834,0.003089766949415207,0.9983097314834595
TEST_39835,0.06733117252588272,0.9279859662055969
TEST_39836,0.027017608284950256,0.9966005682945251
TEST_39837,0.09275203943252563,0.8883912563323975
TEST_39838,0.003581854049116373,0.9089921712875366
TEST_39839,0.009820313192903996,0.7037339210510254
TEST_39840,0.0863809585571289,0.9818106889724731
TEST_39841,0.010311730206012726,0.9978206157684326
TEST_39842,0.35255908966064453,0.9743169546127319
TEST_39843,0.002346424153074622,0.9994111061096191
TEST_39844,0.002743153367191553,0.9991210103034973
TEST_39845,0.0007418709574267268,0.999572217464447
TEST_39846,0.011556231416761875,0.9997110962867737
TEST_39847,0.044381409883499146,0.8265351057052612
TEST_39848,0.08641459047794342,0.9802534580230713
TEST_39849,0.16454444825649261,0.9161117672920227
TEST_39850,0.010963397100567818,0.9886029958724976
TEST_39851,0.005696452222764492,0.9937254786491394
TEST_39852,4.731890294351615e-05,0.9999489784240723
TEST_39853,0.030154313892126083,0.9988598823547363
TEST_39854,0.04622117429971695,0.885636031627655
TEST_39855,0.00022156356135383248,0.9264615178108215
TEST_39856,0.007891107350587845,0.9507912993431091
TEST_39857,0.0026042540557682514,0.9999996423721313
TEST_39858,0.0016347559867426753,0.9997331500053406
TEST_39859,0.0013378092553466558,0.998896598815918
TEST_39860,0.016487302258610725,0.9996583461761475
TEST_39861,0.010467905551195145,0.9896714687347412
TEST_39862,0.0010858367895707488,1.0
TEST_39863,0.008694336749613285,0.9660773277282715
TEST_39864,0.047729022800922394,0.8758804798126221
TEST_39865,0.7142786383628845,0.3281354308128357
TEST_39866,0.012618590146303177,0.9998530149459839
TEST_39867,0.08844943344593048,0.9404188990592957
TEST_39868,0.007680368609726429,0.9864212274551392
TEST_39869,0.0006671838345937431,0.9996873140335083
TEST_39870,0.9568049907684326,0.06711337715387344
TEST_39871,0.001582253142260015,0.9961605072021484
TEST_39872,0.0025618430227041245,0.997406542301178
TEST_39873,0.06711031496524811,0.9657726883888245
TEST_39874,0.9942659735679626,0.21377016603946686
TEST_39875,0.06543932110071182,0.8849022388458252
TEST_39876,0.017728641629219055,0.9887681603431702
TEST_39877,0.009326083585619926,0.988117516040802
TEST_39878,0.0011162556475028396,0.9968891739845276
TEST_39879,0.02874460257589817,0.9965009689331055
TEST_39880,0.004905580077320337,0.9829025268554688
TEST_39881,0.00817856378853321,0.9948535561561584
TEST_39882,0.00735715264454484,0.9017509818077087
TEST_39883,0.0552617684006691,0.9879595041275024
TEST_39884,0.00711428839713335,0.996887743473053
TEST_39885,0.0010111891897395253,0.9655354619026184
TEST_39886,0.654701292514801,0.4943465292453766
TEST_39887,0.008111396804451942,0.9910820722579956
TEST_39888,0.1687854677438736,0.9964016675949097
TEST_39889,0.041822560131549835,0.9947881698608398
TEST_39890,0.03193315491080284,0.9997630715370178
TEST_39891,0.003249373286962509,0.9889700412750244
TEST_39892,0.021891862154006958,0.9963539838790894
TEST_39893,0.7336281538009644,0.3439095914363861
TEST_39894,0.0028823113534599543,0.9951987862586975
TEST_39895,0.005031702108681202,0.9999841451644897
TEST_39896,0.00013613418559543788,0.999373733997345
TEST_39897,0.03449453413486481,0.9189332723617554
TEST_39898,0.0010436578886583447,0.9996814727783203
TEST_39899,0.0027588054072111845,0.9456577301025391
TEST_39900,0.033191144466400146,0.887704610824585
TEST_39901,0.5308095812797546,0.880934476852417
TEST_39902,0.1671845018863678,0.9913303852081299
TEST_39903,0.8949238657951355,0.13259215652942657
TEST_39904,0.005453312769532204,0.970729649066925
TEST_39905,0.0006319914245977998,0.9735597968101501
TEST_39906,0.02950434386730194,0.9889850616455078
TEST_39907,0.008635013364255428,0.9938371777534485
TEST_39908,0.13093794882297516,0.8859491944313049
TEST_39909,0.031221304088830948,0.9800974726676941
TEST_39910,0.028504326939582825,0.9279441833496094
TEST_39911,0.010426059365272522,0.9438115954399109
TEST_39912,0.0017721308395266533,0.9976704716682434
TEST_39913,0.8561850190162659,0.8571096658706665
TEST_39914,0.0016454635187983513,0.9995991587638855
TEST_39915,0.17867417633533478,0.9203305840492249
TEST_39916,0.0002526760217733681,0.9999350309371948
TEST_39917,0.0009049626532942057,0.9921782612800598
TEST_39918,0.002129595959559083,0.9987618923187256
TEST_39919,0.03466438129544258,0.9871569275856018
TEST_39920,0.010394712910056114,0.9968026876449585
TEST_39921,0.02328580617904663,0.9995710253715515
TEST_39922,0.00661102868616581,1.0
TEST_39923,0.18410982191562653,0.9865143895149231
TEST_39924,0.03177441656589508,0.9211191534996033
TEST_39925,0.006440528202801943,0.9984742999076843
TEST_39926,0.026557397097349167,0.9827828407287598
TEST_39927,0.0026076200883835554,0.9910928606987
TEST_39928,0.0008734625298529863,0.9986034035682678
TEST_39929,0.7035561203956604,0.9602124691009521
TEST_39930,0.005907043814659119,0.9978364109992981
TEST_39931,0.994778037071228,0.37309178709983826
TEST_39932,0.10112357139587402,0.970319926738739
TEST_39933,0.001003354205749929,0.9990341663360596
TEST_39934,0.7578200697898865,0.5370943546295166
TEST_39935,0.047123055905103683,0.898318886756897
TEST_39936,0.04679155722260475,0.12081111967563629
TEST_39937,0.004454412497580051,0.9942944645881653
TEST_39938,0.0004359803278930485,0.9979745745658875
TEST_39939,0.0010981246596202254,0.996713399887085
TEST_39940,0.007696677464991808,0.9875857830047607
TEST_39941,0.039304692298173904,0.9854822158813477
TEST_39942,0.011926013045012951,0.99665367603302
TEST_39943,0.006914828438311815,0.9763880968093872
TEST_39944,0.06742996722459793,0.9930481910705566
TEST_39945,0.021237516775727272,0.9838514924049377
TEST_39946,0.015207226388156414,0.9982714653015137
TEST_39947,0.0027785191778093576,0.9997369647026062
TEST_39948,0.162444069981575,0.9703291654586792
TEST_39949,0.0007991566671989858,0.9972729086875916
TEST_39950,0.22648212313652039,0.9955607652664185
TEST_39951,0.006512724328786135,0.9945421814918518
TEST_39952,0.048491403460502625,0.8856384754180908
TEST_39953,0.09380820393562317,0.9944040775299072
TEST_39954,0.9921522736549377,0.055700622498989105
TEST_39955,0.02844739891588688,0.9986357092857361
TEST_39956,0.03090490587055683,0.8923970460891724
TEST_39957,0.01615266688168049,0.9802209138870239
TEST_39958,0.0032280967570841312,0.9976897239685059
TEST_39959,0.0047957696951925755,0.9787194132804871
TEST_39960,0.04201970621943474,0.9774768948554993
TEST_39961,0.01944545842707157,0.9686893820762634
TEST_39962,0.11809089034795761,0.9303693175315857
TEST_39963,0.06238564848899841,0.937825620174408
TEST_39964,0.0023752653505653143,0.9999971389770508
TEST_39965,0.06307978183031082,0.9806289672851562
TEST_39966,0.5161058902740479,0.8758000135421753
TEST_39967,0.1599065661430359,0.9541279673576355
TEST_39968,0.001430357457138598,0.9962839484214783
TEST_39969,0.05407950282096863,0.9589734673500061
TEST_39970,0.0032689219806343317,0.9929108023643494
TEST_39971,0.037987057119607925,0.980128824710846
TEST_39972,0.44671347737312317,0.8791059851646423
TEST_39973,0.5256932377815247,0.975521981716156
TEST_39974,0.0010101362131536007,0.9999812841415405
TEST_39975,0.01381692010909319,0.920042872428894
TEST_39976,0.014016319066286087,0.9985876083374023
TEST_39977,0.06354527175426483,0.934825599193573
TEST_39978,0.040192048996686935,0.982948362827301
TEST_39979,0.002164882142096758,0.9942434430122375
TEST_39980,0.1932596117258072,0.876277506351471
TEST_39981,0.036032844334840775,0.9965097308158875
TEST_39982,0.025956664234399796,0.9952398538589478
TEST_39983,0.13423651456832886,0.9036554098129272
TEST_39984,0.004145524930208921,0.9897019863128662
TEST_39985,0.013680858537554741,0.9035410284996033
TEST_39986,0.013808175921440125,0.9205551743507385
TEST_39987,0.004649938549846411,0.9545950293540955
TEST_39988,0.09445637464523315,0.8680295348167419
TEST_39989,0.007553405128419399,0.9878631830215454
TEST_39990,0.6691071391105652,0.35556158423423767
TEST_39991,0.4103008508682251,0.1944931000471115
TEST_39992,0.007443816401064396,0.9687504768371582
TEST_39993,0.0015648253029212356,0.999915599822998
TEST_39994,0.028769632801413536,0.8693175315856934
TEST_39995,0.002333295764401555,0.999893069267273
TEST_39996,0.0023377202451229095,0.9869571924209595
TEST_39997,0.007615154143422842,0.9961466789245605
TEST_39998,0.012334746308624744,0.9750648736953735
TEST_39999,0.00627082958817482,0.9804587364196777
TEST_40000,0.05143889784812927,0.993521511554718
TEST_40001,0.0038084974512457848,0.9772447347640991
TEST_40002,0.005696713924407959,0.9999998807907104
TEST_40003,0.0003631302388384938,0.999806821346283
TEST_40004,0.014399743638932705,0.999683141708374
TEST_40005,0.055505361407995224,0.9932969212532043
TEST_40006,0.05727628245949745,0.9738257527351379
TEST_40007,0.004639923106878996,0.9731251001358032
TEST_40008,0.1210845410823822,0.7822036147117615
TEST_40009,0.017909418791532516,0.837061882019043
TEST_40010,0.005816773511469364,0.994260311126709
TEST_40011,0.032710205763578415,0.9969017505645752
TEST_40012,0.02190081961452961,0.9873138070106506
TEST_40013,0.05444829910993576,0.9384941458702087
TEST_40014,0.037841781973838806,0.9959588646888733
TEST_40015,0.034137025475502014,0.9807563424110413
TEST_40016,0.06293953955173492,0.29554468393325806
TEST_40017,0.023270059376955032,0.8636967539787292
TEST_40018,0.006576440762728453,0.6860715746879578
TEST_40019,0.023190302774310112,0.7895768880844116
TEST_40020,0.09615230560302734,0.9159706830978394
TEST_40021,0.14746874570846558,0.8798731565475464
TEST_40022,0.00714963348582387,0.9990561604499817
TEST_40023,0.011820759624242783,0.9889683723449707
TEST_40024,0.02668187767267227,0.8784707188606262
TEST_40025,0.035795364528894424,0.9439746141433716
TEST_40026,0.02077658101916313,0.9735177755355835
TEST_40027,0.002903990214690566,0.6586857438087463
TEST_40028,0.002422904595732689,0.9973243474960327
TEST_40029,0.03780057281255722,0.9917984008789062
TEST_40030,0.00943890679627657,0.8707716464996338
TEST_40031,0.17157332599163055,0.9252229332923889
TEST_40032,0.0015917691634967923,0.9994414448738098
TEST_40033,0.44167664647102356,0.8182046413421631
TEST_40034,0.0078084529377520084,0.9948273301124573
TEST_40035,0.002301463158801198,0.9967796206474304
TEST_40036,0.005662696901708841,0.9873837828636169
TEST_40037,0.02246839366853237,0.9913774728775024
TEST_40038,0.22234150767326355,0.23233969509601593
TEST_40039,0.052748531103134155,0.9845395684242249
TEST_40040,0.009645847603678703,0.9260067343711853
TEST_40041,0.007233411073684692,0.857959508895874
TEST_40042,0.0003129277320113033,0.997581958770752
TEST_40043,0.0021287675481289625,0.9968616962432861
TEST_40044,0.7960575222969055,0.8436749577522278
TEST_40045,0.00830109603703022,0.9976121187210083
TEST_40046,0.0005648906226269901,0.9718855023384094
TEST_40047,0.018343020230531693,0.9864598512649536
TEST_40048,0.005343197379261255,0.9904347658157349
TEST_40049,0.016630887985229492,0.7379831671714783
TEST_40050,0.0261395163834095,0.8875482082366943
TEST_40051,0.0007029701955616474,0.9966505169868469
TEST_40052,0.0002765046083368361,0.9985861778259277
TEST_40053,0.00013139614020474255,0.9999911785125732
TEST_40054,0.010312645696103573,0.9686868190765381
TEST_40055,0.33433660864830017,0.8599482774734497
TEST_40056,0.02898244932293892,0.9138455986976624
TEST_40057,0.0031539583578705788,0.9605435132980347
TEST_40058,0.02369663119316101,0.9706267714500427
TEST_40059,0.00281783496029675,0.9966471791267395
TEST_40060,0.004046153277158737,0.971766471862793
TEST_40061,0.006158809177577496,0.9815762042999268
TEST_40062,0.4804019033908844,0.927898108959198
TEST_40063,0.0646170824766159,0.7856830954551697
TEST_40064,0.01604379713535309,0.923348069190979
TEST_40065,0.0029656190890818834,0.9998206496238708
TEST_40066,0.003906036727130413,0.9967605471611023
TEST_40067,0.014515340328216553,0.9734745025634766
TEST_40068,0.14274129271507263,0.9725207686424255
TEST_40069,0.12700650095939636,0.9998065829277039
TEST_40070,0.04203762859106064,0.8946744203567505
TEST_40071,0.004937832709401846,0.9996349811553955
TEST_40072,0.0034303911961615086,0.9951587319374084
TEST_40073,0.00386991654522717,0.8412364721298218
TEST_40074,0.004927069414407015,0.9938919544219971
TEST_40075,0.0018511024536564946,0.9990699887275696
TEST_40076,0.07829264551401138,0.594287633895874
TEST_40077,0.021544896066188812,0.8010554909706116
TEST_40078,0.025473739951848984,0.9787048101425171
TEST_40079,0.04305321350693703,0.8816748261451721
TEST_40080,0.0008013234473764896,0.9888654351234436
TEST_40081,0.0011855462798848748,0.9942314624786377
TEST_40082,0.0037616502959281206,0.9882425665855408
TEST_40083,0.019350063055753708,0.9957126379013062
TEST_40084,0.01525165792554617,0.9989713430404663
TEST_40085,0.04810290411114693,0.9725031852722168
TEST_40086,0.03741961717605591,0.9866788983345032
TEST_40087,0.008483702316880226,0.9678859114646912
TEST_40088,0.0026477023493498564,0.97407066822052
TEST_40089,0.0017177500994876027,0.9967389702796936
TEST_40090,0.8890532851219177,0.013243449851870537
TEST_40091,0.005012231413275003,0.9866440892219543
TEST_40092,0.0026453249156475067,0.9997536540031433
TEST_40093,0.0015429314225912094,0.9812371134757996
TEST_40094,0.010735354386270046,0.998116135597229
TEST_40095,0.020471952855587006,0.9934098124504089
TEST_40096,0.9744706749916077,0.8777287602424622
TEST_40097,0.8677622079849243,0.030294349417090416
TEST_40098,0.0018840061966329813,0.494111031293869
TEST_40099,0.014228777959942818,0.9677812457084656
TEST_40100,0.0059501975774765015,0.9913267493247986
TEST_40101,0.003910885192453861,0.9584103226661682
TEST_40102,0.021840613335371017,0.9858204126358032
TEST_40103,0.9810751080513,0.2781640887260437
TEST_40104,0.03893251344561577,0.9764244556427002
TEST_40105,0.06853968650102615,0.9706685543060303
TEST_40106,0.09545990079641342,0.8075857758522034
TEST_40107,0.0005124061135575175,0.9970932006835938
TEST_40108,0.0009444885654374957,0.998683750629425
TEST_40109,0.0011165549512952566,0.9999699592590332
TEST_40110,0.0063504441641271114,0.9873729348182678
TEST_40111,0.9517953395843506,0.05437660962343216
TEST_40112,0.005856717471033335,0.9998774528503418
TEST_40113,0.0005707020754925907,0.994056224822998
TEST_40114,0.15466420352458954,0.8907490968704224
TEST_40115,0.946651041507721,0.009714984335005283
TEST_40116,0.5290105938911438,0.03561249375343323
TEST_40117,0.7468806505203247,0.9324771165847778
TEST_40118,0.001769736991263926,0.9992663264274597
TEST_40119,0.07250768691301346,0.9789633750915527
TEST_40120,0.04013006016612053,0.9015386700630188
TEST_40121,0.012690400704741478,0.9303494095802307
TEST_40122,0.041667062789201736,0.8755817413330078
TEST_40123,0.0007880248595029116,0.9989173412322998
TEST_40124,0.07140300422906876,0.9168118834495544
TEST_40125,0.04667039215564728,0.8981625437736511
TEST_40126,0.41881540417671204,0.7898305654525757
TEST_40127,0.001616072840988636,0.9991477727890015
TEST_40128,0.004477325361222029,0.9996680021286011
TEST_40129,0.0025892609264701605,0.9999994039535522
TEST_40130,0.34507596492767334,0.981913149356842
TEST_40131,0.0014617284759879112,0.995464026927948
TEST_40132,0.01244114339351654,0.9954121708869934
TEST_40133,0.029758241027593613,0.9907842874526978
TEST_40134,0.05665072798728943,0.8783688545227051
TEST_40135,0.0013663338031619787,0.9973170161247253
TEST_40136,0.006136507261544466,0.9583693742752075
TEST_40137,0.050647180527448654,0.8925482034683228
TEST_40138,0.9980378746986389,0.19771432876586914
TEST_40139,0.0053906128741800785,0.9995102882385254
TEST_40140,0.000652967719361186,0.9995588660240173
TEST_40141,0.0017241176683455706,0.9946818947792053
TEST_40142,0.007809287402778864,0.9892701506614685
TEST_40143,0.04416455700993538,0.9604908227920532
TEST_40144,0.12137077003717422,0.9062919020652771
TEST_40145,0.0008522365242242813,0.9998396635055542
TEST_40146,0.002930672373622656,0.986021101474762
TEST_40147,0.0017388493288308382,0.9815080761909485
TEST_40148,0.00015174162399489433,0.9990988969802856
TEST_40149,0.015921760350465775,0.9955975413322449
TEST_40150,0.000323924352414906,0.9999575614929199
TEST_40151,0.5767788887023926,0.9357615113258362
TEST_40152,0.029315583407878876,0.969181478023529
TEST_40153,0.014872868545353413,0.9998602867126465
TEST_40154,0.03322697430849075,0.9968597888946533
TEST_40155,0.05460748448967934,0.9214838743209839
TEST_40156,0.9968795776367188,0.15632842481136322
TEST_40157,0.004261203575879335,0.9961714148521423
TEST_40158,0.002891693264245987,0.9981949925422668
TEST_40159,0.009432154707610607,0.9831246137619019
TEST_40160,0.02200617454946041,0.9099287986755371
TEST_40161,0.27351289987564087,0.8900321125984192
TEST_40162,0.03645780310034752,0.9927345514297485
TEST_40163,0.019809380173683167,0.7994592785835266
TEST_40164,0.9886830449104309,0.7133665680885315
TEST_40165,0.01613757200539112,0.9410149455070496
TEST_40166,0.036738354712724686,0.9895783066749573
TEST_40167,0.01112582627683878,0.9995088577270508
TEST_40168,0.004538489505648613,0.9847758412361145
TEST_40169,0.04522477462887764,0.8754115700721741
TEST_40170,0.03552195802330971,0.9991067051887512
TEST_40171,0.398871511220932,0.9741437435150146
TEST_40172,0.0012074076803401113,0.9920588731765747
TEST_40173,0.00167170655913651,0.9969677329063416
TEST_40174,0.02919287607073784,0.97691810131073
TEST_40175,0.006181223783642054,0.9976505637168884
TEST_40176,0.0005750902928411961,0.9998548030853271
TEST_40177,0.006420779973268509,0.9562637805938721
TEST_40178,0.02819318138062954,0.9262260794639587
TEST_40179,0.3045514225959778,0.9841787219047546
TEST_40180,0.03295499458909035,0.9611761569976807
TEST_40181,0.005648977588862181,0.9050248265266418
TEST_40182,0.0045501599088311195,0.9609076976776123
TEST_40183,0.010133056901395321,0.9971729516983032
TEST_40184,0.015495700761675835,0.945980966091156
TEST_40185,0.0060221003368496895,0.9968327879905701
TEST_40186,0.003906363155692816,0.9848618507385254
TEST_40187,0.0014652230311185122,0.9964019060134888
TEST_40188,0.00097282649949193,0.9968507885932922
TEST_40189,0.6217992305755615,0.8836302757263184
TEST_40190,1.0,0.0004317765706218779
TEST_40191,0.03717905655503273,0.8503164052963257
TEST_40192,0.016933152452111244,0.9289728403091431
TEST_40193,0.002723624696955085,0.998612642288208
TEST_40194,0.019672956317663193,0.9817729592323303
TEST_40195,0.039526015520095825,0.9999996423721313
TEST_40196,0.05710891634225845,0.9011284112930298
TEST_40197,0.026987677440047264,0.9665358066558838
TEST_40198,0.024101778864860535,0.915686309337616
TEST_40199,0.08329766988754272,0.8886715769767761
TEST_40200,0.02260713092982769,0.9956100583076477
TEST_40201,0.20435947179794312,0.9282317757606506
TEST_40202,0.035341836512088776,0.9949113726615906
TEST_40203,0.015272927470505238,0.9779890179634094
TEST_40204,0.002743530087172985,0.8603661060333252
TEST_40205,0.030228419229388237,0.9105821847915649
TEST_40206,0.0027382527478039265,0.9982272982597351
TEST_40207,0.131474107503891,0.6876342296600342
TEST_40208,0.04840370640158653,0.8579865097999573
TEST_40209,0.13006995618343353,0.9965351819992065
TEST_40210,0.9284651279449463,0.8787075281143188
TEST_40211,0.0006630821735598147,0.9938348531723022
TEST_40212,0.8498460054397583,0.9216051697731018
TEST_40213,0.1901460886001587,0.9440651535987854
TEST_40214,0.0020166393369436264,0.991194486618042
TEST_40215,0.7952454090118408,0.7583421468734741
TEST_40216,0.0013281791470944881,0.9996039271354675
TEST_40217,0.9458949565887451,0.335246205329895
TEST_40218,0.0005179106374271214,0.9988937973976135
TEST_40219,0.029721319675445557,0.9799527525901794
TEST_40220,0.11740239709615707,0.960383415222168
TEST_40221,0.4798218309879303,0.9566464424133301
TEST_40222,0.0002646064094733447,0.9945354461669922
TEST_40223,0.992918074131012,0.01707741618156433
TEST_40224,0.0028326332103461027,0.9966785907745361
TEST_40225,0.020272737368941307,0.9698390364646912
TEST_40226,0.006104672327637672,0.9937446713447571
TEST_40227,0.0002542615693528205,0.9998470544815063
TEST_40228,0.01043284498155117,0.9945153594017029
TEST_40229,0.08944512158632278,0.8907994031906128
TEST_40230,0.0007187324808910489,0.9879792928695679
TEST_40231,0.049886491149663925,0.9632963538169861
TEST_40232,0.5524680614471436,0.9038184285163879
TEST_40233,0.6825672388076782,0.3451775014400482
TEST_40234,0.003015465335920453,0.986748456954956
TEST_40235,0.14300508797168732,0.9695718884468079
TEST_40236,0.0058405641466379166,0.8733136057853699
TEST_40237,0.003692775731906295,0.9953293800354004
TEST_40238,0.02925015613436699,0.8896744847297668
TEST_40239,0.022329460829496384,0.997612714767456
TEST_40240,0.11758303642272949,0.5074995160102844
TEST_40241,0.011517981998622417,0.99695885181427
TEST_40242,0.5955255627632141,0.9611402153968811
TEST_40243,0.021347947418689728,0.9813259840011597
TEST_40244,0.005003775004297495,0.9783757328987122
TEST_40245,0.0007157144718803465,0.9908220767974854
TEST_40246,0.5500274300575256,0.5225956439971924
TEST_40247,0.002460847608745098,0.9985289573669434
TEST_40248,0.6182935237884521,0.8227658271789551
TEST_40249,0.002059920458123088,0.9980646967887878
TEST_40250,0.006462405901402235,0.9621611833572388
TEST_40251,0.0656767338514328,0.9196556806564331
TEST_40252,0.017047345638275146,0.9083293676376343
TEST_40253,0.040504179894924164,0.8294597268104553
TEST_40254,0.009280381724238396,0.9901579022407532
TEST_40255,0.7739692330360413,0.5271352529525757
TEST_40256,0.9788491725921631,0.8890159726142883
TEST_40257,0.005331494379788637,0.9998995065689087
TEST_40258,0.434874951839447,0.9244174957275391
TEST_40259,0.011768417432904243,0.9598991870880127
TEST_40260,0.01689702458679676,0.991797685623169
TEST_40261,0.5982332825660706,0.8813509941101074
TEST_40262,0.03022051230072975,0.7918954491615295
TEST_40263,0.030956042930483818,0.9730184674263
TEST_40264,0.046838995069265366,0.9007235765457153
TEST_40265,0.007966368459165096,0.9956271648406982
TEST_40266,0.0037615131586790085,0.9823022484779358
TEST_40267,0.005517988465726376,0.9897823333740234
TEST_40268,0.004275564569979906,0.4570607542991638
TEST_40269,0.027187000960111618,0.9535855054855347
TEST_40270,0.002283545210957527,0.9971832633018494
TEST_40271,0.0022539296187460423,0.9981503486633301
TEST_40272,0.06175642088055611,0.9849687814712524
TEST_40273,0.010879705660045147,0.975241482257843
TEST_40274,0.09144289791584015,0.845130980014801
TEST_40275,0.009745704010128975,0.9914630055427551
TEST_40276,0.0013916216557845473,0.9831432700157166
TEST_40277,0.0016776577103883028,0.9992606043815613
TEST_40278,0.058535486459732056,0.9866547584533691
TEST_40279,0.0033023515716195107,0.9969436526298523
TEST_40280,0.12244392931461334,0.9532080292701721
TEST_40281,0.022475672885775566,0.993931770324707
TEST_40282,0.024999897927045822,0.8993101716041565
TEST_40283,0.0036463108845055103,0.9848056435585022
TEST_40284,0.025234559550881386,0.9368605613708496
TEST_40285,0.021677983924746513,0.7321366667747498
TEST_40286,0.00019305976456962526,0.9998805522918701
TEST_40287,0.015649670735001564,0.9992644190788269
TEST_40288,2.434445013932418e-05,0.9999674558639526
TEST_40289,0.06387604773044586,0.9885467290878296
TEST_40290,0.041513167321681976,0.9924159049987793
TEST_40291,0.9806695580482483,0.10953445732593536
TEST_40292,0.5442003607749939,0.7469143867492676
TEST_40293,0.9990335702896118,0.002302408218383789
TEST_40294,0.04129844903945923,0.9497735500335693
TEST_40295,0.23589938879013062,0.5865312814712524
TEST_40296,0.03535094112157822,0.9909846782684326
TEST_40297,0.01081765815615654,0.9929631352424622
TEST_40298,0.013073982670903206,0.9994476437568665
TEST_40299,0.0015011673094704747,0.9779267907142639
TEST_40300,0.012723229825496674,0.9977918863296509
TEST_40301,0.5214961767196655,0.4555041491985321
TEST_40302,0.0007656464003957808,0.9972372055053711
TEST_40303,0.0101828807964921,0.9989846348762512
TEST_40304,0.037995051592588425,0.8922035098075867
TEST_40305,0.000615492055658251,0.9971908926963806
TEST_40306,0.037921641021966934,0.9284279346466064
TEST_40307,0.0034396369010210037,0.9993017911911011
TEST_40308,1.296857044508215e-05,0.9998781681060791
TEST_40309,0.10638657957315445,0.8860440850257874
TEST_40310,0.006346185225993395,0.9866689443588257
TEST_40311,0.5638498663902283,0.957758367061615
TEST_40312,0.006217826623469591,0.975217342376709
TEST_40313,0.05053296312689781,0.9823662638664246
TEST_40314,0.02921443246304989,0.9018091559410095
TEST_40315,0.0024172188714146614,0.993248462677002
TEST_40316,0.0026091025210916996,0.9949826002120972
TEST_40317,0.10472586750984192,0.9020186066627502
TEST_40318,0.00011171517689945176,0.9998206496238708
TEST_40319,0.20293369889259338,0.8648332953453064
TEST_40320,0.999862790107727,0.5925067663192749
TEST_40321,0.00045591683010570705,0.9986531734466553
TEST_40322,0.008396890014410019,0.9540377855300903
TEST_40323,0.12000109255313873,0.8591522574424744
TEST_40324,0.058194469660520554,0.8948211073875427
TEST_40325,0.00012570916442200541,0.9991528987884521
TEST_40326,0.0010162435937672853,0.9990487694740295
TEST_40327,0.003616668051108718,0.9976511597633362
TEST_40328,1.4259507224778645e-05,0.9994445443153381
TEST_40329,0.020910969004034996,0.9910673499107361
TEST_40330,0.0008889103773981333,0.9995313882827759
TEST_40331,0.05291876569390297,0.5999135375022888
TEST_40332,0.015005674213171005,0.998893678188324
TEST_40333,0.1785929799079895,0.9952459931373596
TEST_40334,0.45537447929382324,0.5810011029243469
TEST_40335,0.1103094145655632,0.8475466370582581
TEST_40336,0.04397132992744446,0.9996325969696045
TEST_40337,0.0036973189562559128,0.9423356652259827
TEST_40338,0.008565105497837067,0.9978559613227844
TEST_40339,0.012195425108075142,0.9981729984283447
TEST_40340,0.018791161477565765,0.9976112842559814
TEST_40341,0.11580177396535873,0.9439625144004822
TEST_40342,0.10515335202217102,0.8435290455818176
TEST_40343,0.007939372211694717,0.9768052101135254
TEST_40344,0.020080719143152237,0.7973333597183228
TEST_40345,0.008205302990972996,0.9997647404670715
TEST_40346,0.03541433811187744,0.9163910746574402
TEST_40347,0.0368526466190815,0.9150295853614807
TEST_40348,0.006521278526633978,0.9960740804672241
TEST_40349,0.020527726039290428,0.9267712831497192
TEST_40350,0.1923845112323761,0.8989666104316711
TEST_40351,0.05510502681136131,0.9972496628761292
TEST_40352,0.9220334887504578,0.24999526143074036
TEST_40353,0.06070517376065254,0.8955945372581482
TEST_40354,0.02435270883142948,0.8994958996772766
TEST_40355,0.003972503822296858,0.9998897314071655
TEST_40356,0.5626283288002014,0.7807993292808533
TEST_40357,0.9992208480834961,0.003442889079451561
TEST_40358,0.0020760667975991964,0.9988058805465698
TEST_40359,0.007166003808379173,0.997718095779419
TEST_40360,0.9963542222976685,0.009656052105128765
TEST_40361,0.3584412932395935,0.9968340992927551
TEST_40362,0.04022691398859024,0.8815317749977112
TEST_40363,0.0173898134380579,0.9898374676704407
TEST_40364,0.0005657775327563286,0.9996976852416992
TEST_40365,0.021717052906751633,0.9942023158073425
TEST_40366,0.01109755877405405,0.9750558137893677
TEST_40367,0.6229537725448608,0.7965909838676453
TEST_40368,0.0032906325068324804,0.9961217045783997
TEST_40369,0.01569410040974617,0.9869252443313599
TEST_40370,0.048530738800764084,0.8549239635467529
TEST_40371,0.023469803854823112,0.9977481961250305
TEST_40372,0.04042859002947807,0.9799536466598511
TEST_40373,0.00954899750649929,0.9979165196418762
TEST_40374,0.2714790403842926,0.41462087631225586
TEST_40375,0.9916399717330933,0.09894198924303055
TEST_40376,0.0009047660860233009,0.9878135919570923
TEST_40377,0.0024642725475132465,0.9652290940284729
TEST_40378,0.0057083372958004475,0.9985716342926025
TEST_40379,0.000640671350993216,0.9982863068580627
TEST_40380,0.022555671632289886,0.98028963804245
TEST_40381,0.008510719984769821,0.9404844641685486
TEST_40382,0.2334575057029724,0.8804968595504761
TEST_40383,0.010647250339388847,0.9815801978111267
TEST_40384,0.002511621220037341,0.9949513673782349
TEST_40385,0.8378391265869141,0.9458457827568054
TEST_40386,0.024927763268351555,0.506903350353241
TEST_40387,0.010530711151659489,0.9448690414428711
TEST_40388,0.668394148349762,0.1842663288116455
TEST_40389,0.0018693871097639203,0.9919628500938416
TEST_40390,0.47576940059661865,0.8720051646232605
TEST_40391,0.033627014607191086,0.9222244620323181
TEST_40392,0.0026228176429867744,0.9928944706916809
TEST_40393,0.6233940124511719,0.9099884033203125
TEST_40394,0.001095178653486073,0.9939126372337341
TEST_40395,0.05911533534526825,0.9796803593635559
TEST_40396,0.005963748320937157,0.9946780204772949
TEST_40397,0.014979253523051739,0.9156152009963989
TEST_40398,0.00017087017477024347,0.9994764924049377
TEST_40399,0.01562586799263954,0.9854124188423157
TEST_40400,0.0006819069967605174,0.9999834299087524
TEST_40401,0.9102991819381714,0.6160265207290649
TEST_40402,0.02531910128891468,0.9924055933952332
TEST_40403,0.004906155169010162,0.971365213394165
TEST_40404,0.0013398800510913134,0.9853222370147705
TEST_40405,0.06758245080709457,0.9619224071502686
TEST_40406,0.019274374470114708,0.9744275212287903
TEST_40407,0.768804132938385,0.3379368185997009
TEST_40408,0.010896827094256878,0.9873164892196655
TEST_40409,0.0014232444809749722,0.9974095225334167
TEST_40410,0.01687781885266304,0.9961321353912354
TEST_40411,0.01255342923104763,0.9155329465866089
TEST_40412,0.0018452651565894485,0.9996786117553711
TEST_40413,0.005728239193558693,0.9997733235359192
TEST_40414,0.04456232860684395,0.9115707874298096
TEST_40415,0.01482541486620903,0.9963160157203674
TEST_40416,0.0034052038099616766,0.9859781861305237
TEST_40417,0.002919053891673684,0.9882439374923706
TEST_40418,0.0016719087725505233,0.999990701675415
TEST_40419,0.003941523842513561,0.9999730587005615
TEST_40420,0.49346691370010376,0.687650740146637
TEST_40421,0.00044210467603988945,0.9986264705657959
TEST_40422,0.0017137863906100392,0.9990817308425903
TEST_40423,0.011288020759820938,0.9976586103439331
TEST_40424,0.09027187526226044,0.9458360075950623
TEST_40425,0.004164376761764288,0.4707357883453369
TEST_40426,0.006442573387175798,0.9395841360092163
TEST_40427,3.6838446249021217e-06,0.9999960660934448
TEST_40428,0.005691716447472572,0.9945805668830872
TEST_40429,0.35281094908714294,0.8001896142959595
TEST_40430,0.4227437674999237,0.9211879968643188
TEST_40431,0.008537829853594303,0.8943931460380554
TEST_40432,0.35558027029037476,0.5922787189483643
TEST_40433,0.01766895316541195,0.9683536887168884
TEST_40434,0.034184541553258896,0.9977534413337708
TEST_40435,0.011238391511142254,0.9836634397506714
TEST_40436,0.026034144684672356,0.9802196621894836
TEST_40437,0.44731131196022034,0.8715653419494629
TEST_40438,0.028447648510336876,0.9972906708717346
TEST_40439,0.003197582671418786,0.9775026440620422
TEST_40440,0.031208639964461327,0.9808713793754578
TEST_40441,0.004185047000646591,0.9893781542778015
TEST_40442,0.00595047976821661,0.9632186889648438
TEST_40443,0.041548583656549454,0.9091474413871765
TEST_40444,0.2530314028263092,0.48655402660369873
TEST_40445,0.000796543201431632,0.9985799789428711
TEST_40446,0.00857456959784031,0.9954833984375
TEST_40447,0.014033179730176926,0.9930838346481323
TEST_40448,0.006769680883735418,0.7953703999519348
TEST_40449,0.009518226608633995,0.8577355146408081
TEST_40450,0.10512184351682663,0.9608137011528015
TEST_40451,0.08591868728399277,0.9840928316116333
TEST_40452,0.049454860389232635,0.999828577041626
TEST_40453,0.06666865944862366,0.9217374324798584
TEST_40454,5.8483117015839525e-08,0.9997099041938782
TEST_40455,0.0048454622738063335,0.9895638823509216
TEST_40456,4.1261235310230404e-05,0.9995869994163513
TEST_40457,0.007981955073773861,0.9317118525505066
TEST_40458,0.30201154947280884,0.1148381382226944
TEST_40459,0.0008250518585555255,0.984104573726654
TEST_40460,0.037998002022504807,0.9860793948173523
TEST_40461,0.02123744785785675,0.9907349348068237
TEST_40462,0.002826354233548045,0.9930740594863892
TEST_40463,0.01921779476106167,0.9975817203521729
TEST_40464,0.0036480610724538565,0.9994232654571533
TEST_40465,0.0011021045502275229,0.9999325275421143
TEST_40466,0.04346909746527672,0.995455265045166
TEST_40467,0.03299829363822937,0.9702373147010803
TEST_40468,0.13442322611808777,0.880412757396698
TEST_40469,0.17755673825740814,0.9025588035583496
TEST_40470,0.005001831334084272,0.9934594631195068
TEST_40471,0.004780298564583063,0.9998334646224976
TEST_40472,0.045126888900995255,0.9921417236328125
TEST_40473,0.034944284707307816,0.831506609916687
TEST_40474,0.002780503360554576,0.9918855428695679
TEST_40475,0.02112935483455658,0.9802297353744507
TEST_40476,0.00048140581930056214,0.9992664456367493
TEST_40477,0.003822344122454524,0.9906201362609863
TEST_40478,0.006843518000096083,0.9946368336677551
TEST_40479,0.0018604773795232177,0.9953914880752563
TEST_40480,0.026252642273902893,0.9769263863563538
TEST_40481,0.026187220588326454,0.9643347263336182
TEST_40482,0.05076470598578453,0.9426981806755066
TEST_40483,0.9612835049629211,0.8592774271965027
TEST_40484,0.00027225271333009005,0.999943733215332
TEST_40485,0.00909802783280611,0.9644250869750977
TEST_40486,0.08469432592391968,0.8762397766113281
TEST_40487,0.009413998574018478,0.9195922613143921
TEST_40488,0.0007438549073413014,0.9985021352767944
TEST_40489,0.19572705030441284,0.9725512862205505
TEST_40490,0.007365581579506397,0.9960924983024597
TEST_40491,0.01670554280281067,0.9972422122955322
TEST_40492,0.08690483123064041,0.74764484167099
TEST_40493,0.00415138341486454,0.998392641544342
TEST_40494,0.2827511727809906,0.9047670960426331
TEST_40495,0.047142308205366135,0.9586902856826782
TEST_40496,0.3339338004589081,0.21329668164253235
TEST_40497,0.0014236518181860447,0.9994420409202576
TEST_40498,0.0032269947696477175,0.9906889200210571
TEST_40499,0.0007331951055675745,0.9994033575057983
TEST_40500,0.0006752688786946237,0.999133288860321
TEST_40501,0.0022218229714781046,0.9974518418312073
TEST_40502,0.6852414608001709,0.244172140955925
TEST_40503,0.021633313968777657,0.9550008177757263
TEST_40504,0.02182273380458355,0.9886237382888794
TEST_40505,0.00046390033094212413,0.9985660910606384
TEST_40506,0.03420425206422806,0.9615757465362549
TEST_40507,0.004870649892836809,0.9988594055175781
TEST_40508,0.010341476649045944,0.9665815830230713
TEST_40509,0.00036284574889577925,0.9333869218826294
TEST_40510,0.0037678382359445095,0.97461998462677
TEST_40511,0.04377928748726845,0.9971606731414795
TEST_40512,0.00045792158925905824,0.9998652935028076
TEST_40513,0.9780755639076233,0.004989401903003454
TEST_40514,0.0014620438450947404,0.9997033476829529
TEST_40515,0.012154650874435902,0.9930077791213989
TEST_40516,0.023837659507989883,0.9953136444091797
TEST_40517,0.011659734882414341,0.9850978851318359
TEST_40518,0.9260326027870178,0.9710698127746582
TEST_40519,0.02909023128449917,0.9779970049858093
TEST_40520,0.030222712084650993,0.9792383313179016
TEST_40521,0.9720088243484497,0.34106093645095825
TEST_40522,0.009812476113438606,0.9955258965492249
TEST_40523,0.006538316607475281,0.9968749284744263
TEST_40524,0.03885340318083763,0.9923742413520813
TEST_40525,0.027947699651122093,0.9865409731864929
TEST_40526,0.030198698863387108,0.9982727766036987
TEST_40527,0.623810887336731,0.51442950963974
TEST_40528,0.039742402732372284,0.9693463444709778
TEST_40529,0.00884160678833723,0.4866139888763428
TEST_40530,0.0162214208394289,0.9799345135688782
TEST_40531,0.4251345694065094,0.990105926990509
TEST_40532,0.029373561963438988,0.9173545241355896
TEST_40533,0.00487380288541317,0.9695032238960266
TEST_40534,0.043200038373470306,0.9796457886695862
TEST_40535,0.007008154410868883,0.9928481578826904
TEST_40536,0.09388167411088943,0.9664040207862854
TEST_40537,0.006452915724366903,0.9988306164741516
TEST_40538,0.281385600566864,0.9524364471435547
TEST_40539,0.028963889926671982,0.9497890472412109
TEST_40540,0.006180456839501858,0.9164983034133911
TEST_40541,0.00246847840026021,0.9962325692176819
TEST_40542,0.31071245670318604,0.951776385307312
TEST_40543,0.003029297571629286,0.998286783695221
TEST_40544,0.7771887183189392,0.8553019165992737
TEST_40545,0.44462695717811584,0.997895359992981
TEST_40546,0.0061102211475372314,0.9951168298721313
TEST_40547,0.013185636140406132,0.9838236570358276
TEST_40548,0.9640356302261353,0.47720927000045776
TEST_40549,0.013916335999965668,0.9803937673568726
TEST_40550,0.10355573147535324,0.9931427240371704
TEST_40551,0.07591117918491364,0.822668194770813
TEST_40552,0.0295366533100605,0.8976050019264221
TEST_40553,0.02605133131146431,0.9901461005210876
TEST_40554,0.06753908842802048,0.9579663872718811
TEST_40555,0.029041528701782227,0.9778077602386475
TEST_40556,0.06872838735580444,0.8749119639396667
TEST_40557,0.025664404034614563,0.9304897785186768
TEST_40558,0.013140920549631119,0.9919984936714172
TEST_40559,0.005798022728413343,0.9999922513961792
TEST_40560,0.010753767564892769,0.9999995231628418
TEST_40561,0.0005474609788507223,0.999967098236084
TEST_40562,0.012223806232213974,0.9665268063545227
TEST_40563,0.0009920326992869377,0.1747392863035202
TEST_40564,0.0004954644246026874,0.9997099041938782
TEST_40565,0.001716373604722321,0.9962856769561768
TEST_40566,0.004051775671541691,0.9952936768531799
TEST_40567,0.0021044863387942314,0.9946556091308594
TEST_40568,0.9999165534973145,0.0013166103744879365
TEST_40569,0.00010953907622024417,0.9997811913490295
TEST_40570,0.004739150404930115,0.9996046423912048
TEST_40571,0.1682969629764557,0.41702258586883545
TEST_40572,0.4440886080265045,0.13642127811908722
TEST_40573,0.017376959323883057,0.8955061435699463
TEST_40574,0.009805778972804546,0.9846346974372864
TEST_40575,0.0766429603099823,0.9213884472846985
TEST_40576,0.8846245408058167,0.411929726600647
TEST_40577,0.8733561635017395,0.9039163589477539
TEST_40578,0.055511098355054855,0.8661808967590332
TEST_40579,0.0006210266728885472,0.9995869994163513
TEST_40580,0.1082494705915451,0.9798616170883179
TEST_40581,0.0007197554805316031,0.9972684383392334
TEST_40582,0.029638253152370453,0.9922031164169312
TEST_40583,0.5615578889846802,0.9113867878913879
TEST_40584,0.07306987047195435,0.8766651153564453
TEST_40585,0.10175804048776627,0.9921590089797974
TEST_40586,0.08401726931333542,0.984443187713623
TEST_40587,0.003326034639030695,0.9955047965049744
TEST_40588,0.0005710875848308206,0.9972240924835205
TEST_40589,0.022417696192860603,0.9871442914009094
TEST_40590,0.0012538526207208633,0.9985242486000061
TEST_40591,0.014884534291923046,0.9964320659637451
TEST_40592,0.1918812096118927,0.9703715443611145
TEST_40593,0.007347366772592068,0.991446852684021
TEST_40594,0.00521925650537014,0.9975792765617371
TEST_40595,0.0027917746920138597,0.9985811710357666
TEST_40596,0.0011007861467078328,0.9014078974723816
TEST_40597,0.30592361092567444,0.9844911694526672
TEST_40598,0.012419871985912323,0.9438474774360657
TEST_40599,0.0010288306511938572,0.9997163414955139
TEST_40600,5.203729961067438e-05,0.9975060820579529
TEST_40601,0.012117652222514153,0.9933556318283081
TEST_40602,0.003274342278018594,0.8797556161880493
TEST_40603,0.015805859118700027,0.9975860118865967
TEST_40604,0.023791195824742317,0.9499964118003845
TEST_40605,0.010543876327574253,0.8630867004394531
TEST_40606,0.0010357205756008625,0.9986501336097717
TEST_40607,0.04862247779965401,0.9995959401130676
TEST_40608,0.158049076795578,0.6585564613342285
TEST_40609,0.03211796283721924,0.983855664730072
TEST_40610,0.88303142786026,0.998611330986023
TEST_40611,0.012166747823357582,0.9650627374649048
TEST_40612,0.15487411618232727,0.8364298939704895
TEST_40613,0.05079173669219017,0.9086922407150269
TEST_40614,0.007274276576936245,0.9886919260025024
TEST_40615,0.0770186260342598,0.8732441067695618
TEST_40616,0.004543415270745754,0.9979134202003479
TEST_40617,0.08506108820438385,0.6370174884796143
TEST_40618,0.001597695634700358,0.9975000023841858
TEST_40619,0.03214813396334648,0.8892673254013062
TEST_40620,0.051928576081991196,0.9304155707359314
TEST_40621,0.0032622944563627243,0.602899432182312
TEST_40622,0.05008990690112114,0.983230710029602
TEST_40623,0.17297883331775665,0.9693480134010315
TEST_40624,0.0022265403531491756,0.9986609220504761
TEST_40625,0.9995743632316589,0.0019229832105338573
TEST_40626,0.04135865718126297,0.8654272556304932
TEST_40627,0.01182708889245987,0.9517627954483032
TEST_40628,0.22802734375,0.08658137172460556
TEST_40629,0.019491251558065414,0.9654641151428223
TEST_40630,0.000826144649181515,0.9986342787742615
TEST_40631,0.1238749548792839,0.869228184223175
TEST_40632,0.008192910812795162,0.9162282943725586
TEST_40633,0.0034463086631149054,0.9999871253967285
TEST_40634,0.00043258798541501164,0.9960393905639648
TEST_40635,0.04285237938165665,0.9306114315986633
TEST_40636,0.07696543633937836,0.9999513626098633
TEST_40637,0.04108043387532234,0.9994519352912903
TEST_40638,0.036445796489715576,0.5713744163513184
TEST_40639,0.06438508629798889,0.935900092124939
TEST_40640,0.028101354837417603,0.8816789388656616
TEST_40641,0.02413257211446762,0.981907069683075
TEST_40642,0.00040560413617640734,0.9953725934028625
TEST_40643,0.0030919474083930254,0.9969883561134338
TEST_40644,0.034844208508729935,0.8711577653884888
TEST_40645,0.00032394903246313334,0.999440610408783
TEST_40646,0.007106417324393988,0.9805841445922852
TEST_40647,0.06760004907846451,0.9954426288604736
TEST_40648,0.003105603624135256,0.9969018697738647
TEST_40649,0.004746859893202782,0.9713082909584045
TEST_40650,3.8432413020927925e-06,0.9999125003814697
TEST_40651,0.01946628838777542,0.9824053645133972
TEST_40652,9.529416274745017e-05,0.9997946619987488
TEST_40653,0.922655463218689,0.876023530960083
TEST_40654,0.03396766260266304,0.9950827360153198
TEST_40655,0.03524109348654747,0.9899832010269165
TEST_40656,0.011633086949586868,0.9983391761779785
TEST_40657,0.019203223288059235,0.999955415725708
TEST_40658,0.05828644707798958,0.997846245765686
TEST_40659,0.003569801803678274,0.9872610569000244
TEST_40660,0.4945806562900543,0.21323814988136292
TEST_40661,0.02419138513505459,0.9545572400093079
TEST_40662,0.003390691941604018,0.998278021812439
TEST_40663,0.023347774520516396,0.9651304483413696
TEST_40664,0.014315180480480194,0.9765462875366211
TEST_40665,0.003235166659578681,0.8440765738487244
TEST_40666,0.045453887432813644,0.9681931138038635
TEST_40667,0.01594863459467888,0.9885988235473633
TEST_40668,0.012253913097083569,0.9967327117919922
TEST_40669,0.03363815322518349,0.9432843327522278
TEST_40670,0.041193947196006775,0.9957309365272522
TEST_40671,0.0037635271437466145,0.9838528633117676
TEST_40672,0.004919419065117836,0.993126392364502
TEST_40673,0.0018165592337027192,0.8958514928817749
TEST_40674,0.9630687236785889,0.6514506340026855
TEST_40675,0.8417050838470459,0.9115062952041626
TEST_40676,0.09456922858953476,0.9999512434005737
TEST_40677,0.02371380105614662,0.9474999308586121
TEST_40678,0.014067250303924084,0.5481034517288208
TEST_40679,0.0014931834302842617,0.9988061189651489
TEST_40680,0.012492969632148743,0.9904969930648804
TEST_40681,8.570003410568461e-05,0.9988716244697571
TEST_40682,0.0021424039732664824,0.9896273612976074
TEST_40683,0.006154663395136595,0.9840372800827026
TEST_40684,0.0007057975744828582,0.9997119307518005
TEST_40685,0.06702124327421188,0.9295437335968018
TEST_40686,0.0018991846591234207,0.9745509624481201
TEST_40687,0.9987936019897461,0.7365005016326904
TEST_40688,0.42243534326553345,0.9713771343231201
TEST_40689,0.10616447776556015,0.9752588272094727
TEST_40690,0.00491134449839592,0.9965770840644836
TEST_40691,0.7387145757675171,0.6725531816482544
TEST_40692,0.11814764142036438,0.8609234094619751
TEST_40693,0.06072491779923439,0.44323185086250305
TEST_40694,0.03158985450863838,0.9406412839889526
TEST_40695,0.3589136302471161,0.8227804899215698
TEST_40696,0.010101757012307644,0.9811288118362427
TEST_40697,0.02436603046953678,0.9686466455459595
TEST_40698,0.7416956424713135,0.7803931832313538
TEST_40699,0.02131824567914009,0.984857439994812
TEST_40700,0.0028119401540607214,0.9759818315505981
TEST_40701,0.004878088366240263,0.9991232752799988
TEST_40702,0.4450719654560089,0.6917984485626221
TEST_40703,0.006643793545663357,0.9994076490402222
TEST_40704,0.0010579620720818639,0.9958311915397644
TEST_40705,0.0017890740418806672,0.9950533509254456
TEST_40706,0.2061166912317276,0.7014849781990051
TEST_40707,0.3544178009033203,0.9967317581176758
TEST_40708,0.005677243694663048,0.8495621681213379
TEST_40709,0.025906283408403397,0.9160553216934204
TEST_40710,0.016621548682451248,0.9923017024993896
TEST_40711,0.026389868929982185,0.9728092551231384
TEST_40712,0.0010346954222768545,0.9607362747192383
TEST_40713,0.00321312271989882,0.9963357448577881
TEST_40714,0.03183148056268692,0.957545816898346
TEST_40715,0.001067515229806304,0.9997732043266296
TEST_40716,0.0018336662324145436,0.9972535967826843
TEST_40717,0.0005578341078944504,0.9979767203330994
TEST_40718,0.00543256988748908,0.9824426174163818
TEST_40719,0.6036614179611206,0.9796321988105774
TEST_40720,0.002116413088515401,0.9936270713806152
TEST_40721,0.001102147507481277,0.9802709817886353
TEST_40722,0.00038028223207220435,0.9994387030601501
TEST_40723,0.018662942573428154,0.9908219575881958
TEST_40724,0.007862905040383339,0.9997993111610413
TEST_40725,0.11893271654844284,0.9840445518493652
TEST_40726,0.27798929810523987,0.9999349117279053
TEST_40727,0.000660609919577837,0.9984070658683777
TEST_40728,0.15712961554527283,0.6907857656478882
TEST_40729,0.025484183803200722,0.9940419793128967
TEST_40730,0.17255821824073792,0.994312047958374
TEST_40731,0.6213879585266113,0.6091329455375671
TEST_40732,0.0782233253121376,0.9578099846839905
TEST_40733,0.0008647297509014606,0.9973863959312439
TEST_40734,0.02624575048685074,0.8896036148071289
TEST_40735,0.005794966593384743,0.9966033697128296
TEST_40736,0.014272606931626797,0.9786352515220642
TEST_40737,0.006849455181509256,0.9933831095695496
TEST_40738,0.01436966098845005,0.9780194759368896
TEST_40739,0.03298124670982361,0.883495032787323
TEST_40740,0.04511914402246475,0.9636242389678955
TEST_40741,0.014188043773174286,0.9731674194335938
TEST_40742,0.0022026761434972286,0.9893146753311157
TEST_40743,0.9462942481040955,0.9391708970069885
TEST_40744,0.0062599810771644115,0.9944450259208679
TEST_40745,0.06247975677251816,0.8074798583984375
TEST_40746,0.02395479939877987,0.9159519076347351
TEST_40747,0.23269391059875488,0.9981070756912231
TEST_40748,0.03461200371384621,0.8144329190254211
TEST_40749,0.7112202048301697,0.8774389028549194
TEST_40750,0.009914503432810307,0.9625616073608398
TEST_40751,0.025108037516474724,0.9542591571807861
TEST_40752,0.18715055286884308,0.9537369608879089
TEST_40753,0.033507395535707474,0.9226891398429871
TEST_40754,0.005910275969654322,0.9962267875671387
TEST_40755,0.029279382899403572,0.9849586486816406
TEST_40756,0.009137790650129318,0.9856424927711487
TEST_40757,0.05835398659110069,0.92979896068573
TEST_40758,0.023487338796257973,0.9607591032981873
TEST_40759,0.030088799074292183,0.7055324912071228
TEST_40760,0.031240172684192657,0.9976142644882202
TEST_40761,0.02785353548824787,0.9673866033554077
TEST_40762,0.033445294946432114,0.9829551577568054
TEST_40763,0.010999235324561596,0.96329265832901
TEST_40764,0.05781808868050575,0.8767110705375671
TEST_40765,0.026952430605888367,0.9841365814208984
TEST_40766,0.005511997267603874,0.9973195195198059
TEST_40767,0.007146979216486216,0.9951227307319641
TEST_40768,0.003063233569264412,0.9850299954414368
TEST_40769,0.6985579133033752,0.989844799041748
TEST_40770,0.5025031566619873,0.6694501638412476
TEST_40771,0.0032009370625019073,0.9995750784873962
TEST_40772,0.005455676931887865,0.9980066418647766
TEST_40773,0.2241148203611374,0.9539802670478821
TEST_40774,0.08984929323196411,0.9088920950889587
TEST_40775,0.054605819284915924,0.9996905326843262
TEST_40776,0.00489861099049449,0.9999347925186157
TEST_40777,0.01859404891729355,0.9666581153869629
TEST_40778,0.3894886076450348,0.35049909353256226
TEST_40779,0.0002633108524605632,0.99965500831604
TEST_40780,0.009541203267872334,0.9830817580223083
TEST_40781,0.002756532747298479,0.9987911581993103
TEST_40782,0.13493429124355316,0.9736754298210144
TEST_40783,0.43250253796577454,0.15069124102592468
TEST_40784,0.005917250644415617,0.988072395324707
TEST_40785,0.0673600286245346,0.9495580196380615
TEST_40786,0.9999617338180542,0.0003959296445827931
TEST_40787,0.027520596981048584,0.8977981209754944
TEST_40788,0.0038850316777825356,0.9999802112579346
TEST_40789,0.02539634332060814,0.9220066070556641
TEST_40790,0.015111548826098442,0.35093608498573303
TEST_40791,0.007410540711134672,0.9996672868728638
TEST_40792,0.03657509386539459,0.988618016242981
TEST_40793,0.009786246344447136,0.9964916110038757
TEST_40794,0.11548571288585663,0.9840075373649597
TEST_40795,0.004595104604959488,0.9401909112930298
TEST_40796,0.002155483700335026,0.8114588856697083
TEST_40797,0.016691112890839577,0.9945263266563416
TEST_40798,0.0016129116993397474,0.9945173859596252
TEST_40799,0.0025874734856188297,0.9998582601547241
TEST_40800,0.032175153493881226,0.9752944707870483
TEST_40801,0.6767029762268066,0.8731409907341003
TEST_40802,0.0176556333899498,0.9995688796043396
TEST_40803,0.2579750716686249,0.9924076199531555
TEST_40804,0.0124002480879426,0.9410595893859863
TEST_40805,0.02582268789410591,0.9828379154205322
TEST_40806,0.010980451479554176,0.9903830885887146
TEST_40807,0.8263033032417297,0.8466057181358337
TEST_40808,0.0012785699218511581,0.9938269257545471
TEST_40809,0.009300232864916325,0.7777149081230164
TEST_40810,0.0027993330731987953,0.9997569918632507
TEST_40811,0.0114640723913908,0.9803110361099243
TEST_40812,0.006447543855756521,0.999849796295166
TEST_40813,0.018805906176567078,0.989981472492218
TEST_40814,0.011268028989434242,0.9786185026168823
TEST_40815,0.014975701458752155,0.9785307049751282
TEST_40816,0.9999862909317017,0.00015794779756106436
TEST_40817,0.007480071857571602,0.9925557971000671
TEST_40818,0.008174070157110691,0.9949240684509277
TEST_40819,0.4065120220184326,0.8434590697288513
TEST_40820,0.0012773715425282717,0.9992982149124146
TEST_40821,0.09003312885761261,0.9156116843223572
TEST_40822,0.006619589868932962,0.9700772166252136
TEST_40823,0.011740904301404953,0.9738542437553406
TEST_40824,0.013711391016840935,0.8171032071113586
TEST_40825,0.0718853622674942,0.2034853994846344
TEST_40826,0.012037612497806549,0.9728257060050964
TEST_40827,0.012228580191731453,0.7817487120628357
TEST_40828,0.802334189414978,0.9974609613418579
TEST_40829,0.00629592826589942,0.9942376613616943
TEST_40830,0.06922087073326111,0.9910587668418884
TEST_40831,0.0003852112276945263,0.9959120750427246
TEST_40832,0.011449620127677917,0.9933663010597229
TEST_40833,0.019147763028740883,0.982466459274292
TEST_40834,0.17780865728855133,0.8839566707611084
TEST_40835,0.012324330396950245,0.9861803650856018
TEST_40836,0.004014048725366592,0.9926022887229919
TEST_40837,0.0011653617257252336,0.9804469347000122
TEST_40838,0.0004089537833351642,0.9983093738555908
TEST_40839,0.009761860594153404,0.9836581349372864
TEST_40840,0.015689188614487648,0.9993745684623718
TEST_40841,0.0014333587605506182,0.9982196688652039
TEST_40842,0.00678248843178153,0.9490337371826172
TEST_40843,0.12222655862569809,0.9767189025878906
TEST_40844,0.22225524485111237,0.7889471650123596
TEST_40845,0.10152668505907059,0.00342412106692791
TEST_40846,0.06540078669786453,0.8988667130470276
TEST_40847,0.0014875470660626888,0.9980667233467102
TEST_40848,0.028726734220981598,0.9265575408935547
TEST_40849,0.3553396463394165,0.8986544013023376
TEST_40850,0.021252261474728584,0.989534318447113
TEST_40851,0.040391914546489716,0.9973115921020508
TEST_40852,0.03179577738046646,0.9719603657722473
TEST_40853,0.06204769387841225,0.991789698600769
TEST_40854,0.06285150349140167,0.931243896484375
TEST_40855,0.0060274344868958,0.9452829360961914
TEST_40856,0.0038620501291006804,0.987210750579834
TEST_40857,0.07976820319890976,0.8949422836303711
TEST_40858,0.00018068216741085052,0.9991384744644165
TEST_40859,0.06281205266714096,0.9935272336006165
TEST_40860,0.23004691302776337,0.9981216788291931
TEST_40861,0.08878828585147858,0.8798186182975769
TEST_40862,0.08844050019979477,0.9938210844993591
TEST_40863,0.00030112318927422166,0.9994180202484131
TEST_40864,0.19222788512706757,0.8473952412605286
TEST_40865,0.010639628395438194,0.999994158744812
TEST_40866,0.030682265758514404,0.9724525213241577
TEST_40867,0.14603093266487122,0.8266308903694153
TEST_40868,0.003845364786684513,0.998457670211792
TEST_40869,0.3506563901901245,0.881493330001831
TEST_40870,0.0007126659620553255,0.99793541431427
TEST_40871,0.008656563237309456,0.999161958694458
TEST_40872,0.02845640666782856,0.9325421452522278
TEST_40873,0.018473103642463684,0.5838502645492554
TEST_40874,0.08087173104286194,0.9871314764022827
TEST_40875,0.007193777710199356,0.9949615001678467
TEST_40876,0.0006732431938871741,0.9997226595878601
TEST_40877,0.004885159898549318,0.9652897119522095
TEST_40878,0.00527397682890296,0.9965368509292603
TEST_40879,0.12360433489084244,0.2805194854736328
TEST_40880,0.02644759602844715,0.982025146484375
TEST_40881,0.006552952341735363,0.9984279870986938
TEST_40882,0.025463106110692024,0.9709979891777039
TEST_40883,0.0024444423615932465,0.9804667830467224
TEST_40884,0.0031994113232940435,0.9951422214508057
TEST_40885,0.006901036947965622,0.9129002094268799
TEST_40886,0.0048211668618023396,0.991276741027832
TEST_40887,0.7112187147140503,0.8140378594398499
TEST_40888,0.189405620098114,0.8480610847473145
TEST_40889,0.036045558750629425,0.9581062197685242
TEST_40890,0.0031938219908624887,0.9988579750061035
TEST_40891,0.007639664690941572,0.9826518297195435
TEST_40892,0.04186069965362549,0.9181134700775146
TEST_40893,0.003465739544481039,0.9975395202636719
TEST_40894,0.0019222010159865022,0.9977940320968628
TEST_40895,0.0019050945993512869,0.9908332228660583
TEST_40896,0.08338754624128342,0.9909007549285889
TEST_40897,0.0005815756740048528,0.9993849992752075
TEST_40898,0.010551594197750092,0.987464427947998
TEST_40899,0.0037613697350025177,0.9726297855377197
TEST_40900,0.003947226796299219,0.9987844824790955
TEST_40901,0.0031498982571065426,0.9943513870239258
TEST_40902,0.9906394481658936,0.9716501832008362
TEST_40903,0.006092134863138199,0.9524443745613098
TEST_40904,0.1377631276845932,0.8521996140480042
TEST_40905,0.9900228381156921,0.2558543384075165
TEST_40906,0.0014843442477285862,0.9893633723258972
TEST_40907,2.5662780899438076e-05,0.9995571970939636
TEST_40908,0.014249525964260101,0.9288312792778015
TEST_40909,0.33026206493377686,0.13758650422096252
TEST_40910,0.002663125516846776,0.986718475818634
TEST_40911,0.027036601677536964,0.914681077003479
TEST_40912,0.03814441338181496,0.9958400726318359
TEST_40913,0.009324220009148121,0.9755521416664124
TEST_40914,0.038426950573921204,0.9932405948638916
TEST_40915,0.0027988541405647993,0.995036780834198
TEST_40916,0.004813652951270342,0.9875262379646301
TEST_40917,0.4854830801486969,0.926002562046051
TEST_40918,0.08804147690534592,0.09495922923088074
TEST_40919,0.006238795816898346,0.9971116781234741
TEST_40920,0.9984511137008667,0.0012895027175545692
TEST_40921,0.0012349501485005021,0.9985357522964478
TEST_40922,0.03336269408464432,0.978337824344635
TEST_40923,0.9926512837409973,0.024170704185962677
TEST_40924,0.00419255718588829,0.9833537340164185
TEST_40925,0.001002245000563562,0.9891571998596191
TEST_40926,0.3271903693675995,0.9190360307693481
TEST_40927,0.013703578151762486,0.976072371006012
TEST_40928,0.2144983857870102,0.9123857021331787
TEST_40929,0.005411438178271055,0.9894827604293823
TEST_40930,0.05162535980343819,0.9526347517967224
TEST_40931,0.004694364499300718,0.9999290704727173
TEST_40932,0.0010529451537877321,0.9975166320800781
TEST_40933,0.023075731471180916,0.998965859413147
TEST_40934,0.002640282502397895,0.9981551766395569
TEST_40935,0.04228070378303528,0.8810853362083435
TEST_40936,0.07765340805053711,0.8061864376068115
TEST_40937,0.09933599084615707,0.9304773807525635
TEST_40938,0.009314957074820995,0.9747314453125
TEST_40939,0.022589627653360367,0.975536584854126
TEST_40940,0.0305783674120903,0.9520106911659241
TEST_40941,0.011827083304524422,0.9999210834503174
TEST_40942,0.03146159276366234,0.995965838432312
TEST_40943,0.03255202993750572,0.9702202677726746
TEST_40944,0.04944714158773422,0.91092449426651
TEST_40945,0.7871537804603577,0.3059101104736328
TEST_40946,0.11368154734373093,0.9310950636863708
TEST_40947,0.011667555198073387,0.9941629767417908
TEST_40948,0.17935769259929657,0.8556133508682251
TEST_40949,0.02758493833243847,0.9888564944267273
TEST_40950,0.007004946004599333,0.9968757629394531
TEST_40951,0.0010372609831392765,0.9999998807907104
TEST_40952,0.9998414516448975,0.00583601975813508
TEST_40953,0.009297117590904236,0.9976155757904053
TEST_40954,0.011972644366323948,0.9997984766960144
TEST_40955,0.02417141944169998,0.9914851784706116
TEST_40956,0.01754429005086422,0.9990455508232117
TEST_40957,0.0012031466467306018,0.9978753328323364
TEST_40958,0.03070603311061859,0.9473970532417297
TEST_40959,0.21492961049079895,0.6898854374885559
TEST_40960,0.0244794562458992,0.9957481026649475
TEST_40961,0.0005627708160318434,0.9933655858039856
TEST_40962,0.0950273796916008,0.9869951605796814
TEST_40963,0.09865011274814606,0.9194129705429077
TEST_40964,0.00899701938033104,0.8786522150039673
TEST_40965,0.05470727011561394,0.97299724817276
TEST_40966,0.9950331449508667,0.3180256187915802
TEST_40967,0.04733707383275032,0.9717603921890259
TEST_40968,0.032674189656972885,0.8966800570487976
TEST_40969,0.023214327171444893,0.9921220541000366
TEST_40970,0.05315713211894035,0.869420051574707
TEST_40971,0.5366743206977844,0.9771679639816284
TEST_40972,0.020609306171536446,0.9869034290313721
TEST_40973,0.010657623410224915,0.933641254901886
TEST_40974,0.5123695731163025,0.6123525500297546
TEST_40975,0.006454652175307274,0.9964841604232788
TEST_40976,0.0011214083060622215,0.996752917766571
TEST_40977,0.9954537153244019,0.851093053817749
TEST_40978,0.0059540062211453915,0.9987164735794067
TEST_40979,0.09718739241361618,0.9953422546386719
TEST_40980,0.01702304184436798,0.9999282360076904
TEST_40981,0.01862417720258236,0.9417523145675659
TEST_40982,0.054325103759765625,0.980305016040802
TEST_40983,0.03848370909690857,0.8808723092079163
TEST_40984,0.001031111110933125,0.9862996935844421
TEST_40985,0.0032885971013456583,0.9749060273170471
TEST_40986,0.0034928866662085056,0.9742367267608643
TEST_40987,0.0012195660965517163,0.9998111128807068
TEST_40988,0.00020596319518517703,0.9970741271972656
TEST_40989,1.1802379958680831e-05,0.9998984336853027
TEST_40990,0.02459302544593811,0.998559296131134
TEST_40991,0.11299032717943192,0.9881094098091125
TEST_40992,0.009226275607943535,0.994634747505188
TEST_40993,0.011962191201746464,0.99928879737854
TEST_40994,0.15439997613430023,0.8980063796043396
TEST_40995,0.03159317746758461,0.960748016834259
TEST_40996,0.004867017734795809,0.9971452355384827
TEST_40997,4.998673475142823e-08,0.9999998807907104
TEST_40998,0.018338430672883987,0.8735999464988708
TEST_40999,0.8801047205924988,0.0038593432400375605
TEST_41000,0.03224077820777893,0.9749470353126526
TEST_41001,0.05482235923409462,0.9874371290206909
TEST_41002,0.006232998799532652,0.9999798536300659
TEST_41003,0.0014974708901718259,0.9341903328895569
TEST_41004,0.10060388594865799,0.6271657347679138
TEST_41005,0.008791104890406132,0.9979386925697327
TEST_41006,0.029699930921196938,0.9390347003936768
TEST_41007,0.979195237159729,0.7942370772361755
TEST_41008,0.0032591887284070253,0.9979788661003113
TEST_41009,0.00013930584827903658,0.9997636675834656
TEST_41010,0.24051210284233093,0.5059387683868408
TEST_41011,0.025939159095287323,0.9699823260307312
TEST_41012,0.017059944570064545,0.9866676330566406
TEST_41013,0.9999697208404541,0.0031515711452811956
TEST_41014,0.09931941330432892,0.9796421527862549
TEST_41015,0.008221516385674477,0.9911477565765381
TEST_41016,0.001671432051807642,0.9988445043563843
TEST_41017,0.0004699643759522587,0.9981144666671753
TEST_41018,0.0027135617565363646,0.9905391931533813
TEST_41019,0.010091534815728664,0.8433493375778198
TEST_41020,0.00468727620318532,0.9945762157440186
TEST_41021,0.00019459797476883978,0.9996170997619629
TEST_41022,0.006276802625507116,0.9994243383407593
TEST_41023,0.057031456381082535,0.8871194124221802
TEST_41024,0.012088586576282978,0.9935922026634216
TEST_41025,0.004005711525678635,0.9753933548927307
TEST_41026,0.6026886701583862,0.9800254106521606
TEST_41027,0.9770664572715759,0.3081417977809906
TEST_41028,0.9994155168533325,0.06950238347053528
TEST_41029,0.1370561271905899,0.9991291165351868
TEST_41030,0.09364908188581467,0.9198659658432007
TEST_41031,0.005770788993686438,0.9754600524902344
TEST_41032,0.9677420854568481,0.598160445690155
TEST_41033,0.186708465218544,0.7856082916259766
TEST_41034,0.9704426527023315,0.9752771258354187
TEST_41035,0.02119843102991581,0.9252538084983826
TEST_41036,0.7978794574737549,0.9085758328437805
TEST_41037,0.002115571405738592,0.9990491271018982
TEST_41038,0.003109527053311467,0.9992938041687012
TEST_41039,0.004932817071676254,0.9999998807907104
TEST_41040,0.0015780110843479633,0.9921253323554993
TEST_41041,0.002288009040057659,0.9949848651885986
TEST_41042,0.993747353553772,0.025867588818073273
TEST_41043,0.7511704564094543,0.8985269665718079
TEST_41044,0.005630081053823233,0.9989411234855652
TEST_41045,0.031777650117874146,0.9235907196998596
TEST_41046,0.13069412112236023,0.9940639138221741
TEST_41047,0.16371168196201324,0.9940523505210876
TEST_41048,0.3094741404056549,0.9745185375213623
TEST_41049,0.054538462311029434,0.8608772158622742
TEST_41050,0.011452751234173775,0.9858545660972595
TEST_41051,0.9999417066574097,0.0002997952396981418
TEST_41052,0.00020891673921141773,0.9999141693115234
TEST_41053,0.012347697280347347,0.9952791929244995
TEST_41054,0.7714455723762512,0.8070570826530457
TEST_41055,0.029738403856754303,0.9980894923210144
TEST_41056,0.028996923938393593,0.9970365762710571
TEST_41057,0.06402964890003204,0.9802083373069763
TEST_41058,0.11867591738700867,0.920281708240509
TEST_41059,0.0002710788685362786,0.9996464252471924
TEST_41060,0.013304712250828743,0.8097713589668274
TEST_41061,0.19116143882274628,0.8636013269424438
TEST_41062,0.008062143810093403,0.9653728008270264
TEST_41063,0.00545945018529892,0.9407472014427185
TEST_41064,0.038824938237667084,0.9384995102882385
TEST_41065,0.00950042437762022,0.9106107354164124
TEST_41066,0.029873976483941078,0.9818115830421448
TEST_41067,0.010025844909250736,0.9947250485420227
TEST_41068,0.009620118886232376,0.9975233674049377
TEST_41069,0.1677207499742508,0.9992268085479736
TEST_41070,0.9679102301597595,0.5758582949638367
TEST_41071,0.017098303884267807,0.9906846284866333
TEST_41072,0.0019023690838366747,0.990233302116394
TEST_41073,0.01153666153550148,0.997580885887146
TEST_41074,0.04048159718513489,0.8938531279563904
TEST_41075,0.023207981139421463,0.9488844275474548
TEST_41076,0.08256954699754715,0.8533291816711426
TEST_41077,0.04935184866189957,0.9810096025466919
TEST_41078,0.0010002889903262258,0.9022480845451355
TEST_41079,0.1897512823343277,0.3090340793132782
TEST_41080,0.0019038819009438157,0.9967997074127197
TEST_41081,0.11917911469936371,0.9127528667449951
TEST_41082,0.005366995465010405,0.9983291029930115
TEST_41083,0.010152004659175873,0.9978735446929932
TEST_41084,0.05184994637966156,0.9749738574028015
TEST_41085,0.023702841252088547,0.996863842010498
TEST_41086,0.015964850783348083,0.9978498220443726
TEST_41087,0.143838033080101,0.8920921087265015
TEST_41088,0.08626993000507355,0.9894283413887024
TEST_41089,0.00497236754745245,0.9988511800765991
TEST_41090,0.007458454463630915,0.8857542276382446
TEST_41091,0.0055612134747207165,0.9997045397758484
TEST_41092,0.00935197900980711,0.8026733994483948
TEST_41093,0.015031506307423115,0.9576947093009949
TEST_41094,0.0034324326552450657,0.996320366859436
TEST_41095,0.004892023745924234,0.9044038653373718
TEST_41096,0.026142915710806847,0.9870281219482422
TEST_41097,0.0034338454715907574,0.9989100694656372
TEST_41098,0.12833750247955322,0.9981029033660889
TEST_41099,0.0013092128792777658,0.9999392032623291
TEST_41100,0.0007740326691418886,0.9986211061477661
TEST_41101,0.0021528268698602915,0.9969925880432129
TEST_41102,0.22839613258838654,0.9186607003211975
TEST_41103,0.005769082345068455,0.9941352605819702
TEST_41104,0.0031484358478337526,0.9998962879180908
TEST_41105,0.03340905159711838,0.8170081377029419
TEST_41106,0.011156005784869194,0.997833788394928
TEST_41107,0.009628872387111187,0.9587169289588928
TEST_41108,0.02260507084429264,0.9830175638198853
TEST_41109,0.028322787955403328,0.9877169728279114
TEST_41110,0.6304500699043274,0.44121962785720825
TEST_41111,0.9502795338630676,0.9140257835388184
TEST_41112,0.0027804290875792503,0.999701201915741
TEST_41113,0.057417578995227814,0.8654342889785767
TEST_41114,0.001440047868527472,0.9998940229415894
TEST_41115,0.08912143856287003,0.918939471244812
TEST_41116,0.01027222815901041,0.9515600800514221
TEST_41117,0.005454094149172306,0.9892851710319519
TEST_41118,0.00459773326292634,0.9974924325942993
TEST_41119,0.02755650319159031,0.9885672330856323
TEST_41120,0.012540473602712154,0.9811573624610901
TEST_41121,0.058870162814855576,0.9330374002456665
TEST_41122,0.011342094279825687,0.9100023508071899
TEST_41123,0.9422727823257446,0.38351938128471375
TEST_41124,0.005296450573951006,0.9993236064910889
TEST_41125,0.1114576980471611,0.9887651205062866
TEST_41126,0.3338620960712433,0.9880838990211487
TEST_41127,0.07804950326681137,0.8744103908538818
TEST_41128,0.01463383249938488,0.9664032459259033
TEST_41129,0.0014650799566879869,0.997855007648468
TEST_41130,0.000205230840947479,0.9969931840896606
TEST_41131,0.13279835879802704,0.2250181883573532
TEST_41132,0.03730570152401924,0.9964627623558044
TEST_41133,0.023415042087435722,0.9195920825004578
TEST_41134,0.013497170992195606,0.9772318601608276
TEST_41135,0.0002755669120233506,0.9996832609176636
TEST_41136,0.9996010661125183,4.734662070404738e-05
TEST_41137,0.06952721625566483,0.5747224688529968
TEST_41138,0.09726869314908981,0.9930958151817322
TEST_41139,0.048701684921979904,0.9724712371826172
TEST_41140,0.032443128526210785,0.9996082186698914
TEST_41141,0.0021351876202970743,0.9954882264137268
TEST_41142,0.22172467410564423,0.6535722017288208
TEST_41143,0.0695066973567009,0.9086724519729614
TEST_41144,0.0032731923274695873,0.9999237060546875
TEST_41145,0.033798784017562866,0.9956156015396118
TEST_41146,0.005964813753962517,0.9925157427787781
TEST_41147,0.011379972100257874,0.977849006652832
TEST_41148,0.5379393100738525,0.7605125904083252
TEST_41149,0.16667434573173523,0.9961715340614319
TEST_41150,0.02708253636956215,0.9851968288421631
TEST_41151,0.0010225747246295214,0.9966527819633484
TEST_41152,0.02931949310004711,0.8861565589904785
TEST_41153,0.1865469366312027,0.8116617202758789
TEST_41154,0.04400097578763962,0.9991275668144226
TEST_41155,0.0150084737688303,0.978816568851471
TEST_41156,0.1306728720664978,0.25479134917259216
TEST_41157,0.09677174687385559,0.7700661420822144
TEST_41158,0.0912751853466034,0.8671620488166809
TEST_41159,0.015101388096809387,0.9681228995323181
TEST_41160,0.01253119483590126,0.9950867295265198
TEST_41161,0.003697165986523032,0.9957844614982605
TEST_41162,0.0022769905626773834,0.9998514652252197
TEST_41163,0.00751187838613987,0.9535596370697021
TEST_41164,0.0025410130620002747,0.9998332262039185
TEST_41165,0.01228219736367464,0.9820234179496765
TEST_41166,0.008179058320820332,0.9910645484924316
TEST_41167,0.2656343877315521,0.9736353754997253
TEST_41168,0.41258466243743896,0.3522679805755615
TEST_41169,0.00690064812079072,0.9935774207115173
TEST_41170,0.0035142889246344566,0.9943752288818359
TEST_41171,0.9926706552505493,0.02079273946583271
TEST_41172,0.32499632239341736,0.9108187556266785
TEST_41173,0.05511636286973953,0.9855751991271973
TEST_41174,0.014191452413797379,0.9922963976860046
TEST_41175,0.00035298033617436886,0.9998384714126587
TEST_41176,0.03675606846809387,0.9906498789787292
TEST_41177,0.0010540471412241459,0.9964731335639954
TEST_41178,0.0018325896235182881,0.9991092085838318
TEST_41179,0.0005010238382965326,0.9977333545684814
TEST_41180,0.007631221786141396,0.9739426374435425
TEST_41181,0.02264632284641266,0.9995063543319702
TEST_41182,0.002560621127486229,0.973645806312561
TEST_41183,0.0034118061885237694,0.9924994111061096
TEST_41184,0.002615070203319192,0.991483747959137
TEST_41185,0.8245778679847717,0.693693995475769
TEST_41186,0.004453968722373247,0.9961502552032471
TEST_41187,0.004588226322084665,0.9917743802070618
TEST_41188,0.01465795747935772,0.9952710270881653
TEST_41189,0.9883040189743042,0.667488157749176
TEST_41190,0.00928394217044115,0.9997606873512268
TEST_41191,0.9491325616836548,0.6923959255218506
TEST_41192,0.603493332862854,0.9656355381011963
TEST_41193,0.0029219212010502815,0.9998251795768738
TEST_41194,0.0007717328844591975,0.9976096153259277
TEST_41195,0.005136820487678051,0.9967029690742493
TEST_41196,0.022771770134568214,0.9160006046295166
TEST_41197,0.003449726616963744,0.9776667952537537
TEST_41198,0.08052244782447815,0.8177202939987183
TEST_41199,0.24347765743732452,0.6571711301803589
TEST_41200,0.004278978332877159,0.9948425889015198
TEST_41201,0.007513620425015688,0.9967948794364929
TEST_41202,0.004832130856812,0.997529923915863
TEST_41203,0.014968042261898518,0.9998144507408142
TEST_41204,0.19282597303390503,0.9732509851455688
TEST_41205,0.004218773916363716,0.994825005531311
TEST_41206,0.29456770420074463,0.2259853035211563
TEST_41207,0.002213096944615245,0.9572674036026001
TEST_41208,0.001973215490579605,0.9919328093528748
TEST_41209,0.001640936709009111,0.9987188577651978
TEST_41210,0.001956472173333168,0.9894401431083679
TEST_41211,0.006303241476416588,0.9795580506324768
TEST_41212,0.004986150190234184,0.9839339852333069
TEST_41213,0.016138026490807533,0.9751521348953247
TEST_41214,0.0926247164607048,0.7688610553741455
TEST_41215,0.013025091961026192,0.9986178874969482
TEST_41216,0.055259380489587784,0.9610891342163086
TEST_41217,0.004417574964463711,0.9769778251647949
TEST_41218,0.9801946878433228,0.18671700358390808
TEST_41219,0.003849535482004285,0.9780967831611633
TEST_41220,0.1479121297597885,0.9293787479400635
TEST_41221,0.9356873035430908,0.01784670725464821
TEST_41222,0.25632983446121216,0.9142608046531677
TEST_41223,0.010197578929364681,0.9894380569458008
TEST_41224,0.05298767238855362,0.9969502091407776
TEST_41225,0.0459212101995945,0.8881774544715881
TEST_41226,0.025880610570311546,0.9941923022270203
TEST_41227,0.006727416999638081,0.9995822310447693
TEST_41228,0.3968452215194702,0.9828994870185852
TEST_41229,0.05116802081465721,0.9955657124519348
TEST_41230,0.03009861148893833,0.9637827277183533
TEST_41231,0.04123970493674278,0.9087650179862976
TEST_41232,0.6716488599777222,0.11788608878850937
TEST_41233,0.07398539036512375,0.9939143061637878
TEST_41234,0.03383447974920273,0.9997057318687439
TEST_41235,3.044251207029447e-05,0.999812662601471
TEST_41236,0.003660434391349554,0.9964348077774048
TEST_41237,0.029932918027043343,0.9788789749145508
TEST_41238,0.013459312729537487,0.9732269644737244
TEST_41239,0.015964439138770103,0.9027920961380005
TEST_41240,0.8456059694290161,0.9715653657913208
TEST_41241,0.015310666523873806,0.9847748875617981
TEST_41242,0.008448653854429722,0.9944543242454529
TEST_41243,0.12039433419704437,0.8504902124404907
TEST_41244,0.03372660651803017,0.9075683355331421
TEST_41245,0.010163209401071072,0.9616661667823792
TEST_41246,0.015552747994661331,0.9923670887947083
TEST_41247,0.7674003839492798,0.3048512935638428
TEST_41248,0.9012025594711304,0.6935381889343262
TEST_41249,0.3011634945869446,0.9169502854347229
TEST_41250,0.016020629554986954,0.9815597534179688
TEST_41251,0.003127490868791938,0.9996662139892578
TEST_41252,0.036759935319423676,0.9749873876571655
TEST_41253,0.9305693507194519,0.24603787064552307
TEST_41254,0.011028554290533066,0.9953638315200806
TEST_41255,0.004681571386754513,0.9746914505958557
TEST_41256,0.04797112196683884,0.9991052746772766
TEST_41257,0.004983524791896343,0.9912631511688232
TEST_41258,0.07194898277521133,0.9451233744621277
TEST_41259,0.014634760096669197,0.8583658933639526
TEST_41260,0.9937064051628113,0.4185110032558441
TEST_41261,0.057841796427965164,0.940831184387207
TEST_41262,0.22010450065135956,0.5240940451622009
TEST_41263,0.25102144479751587,0.9791406393051147
TEST_41264,0.02657204680144787,0.9911251664161682
TEST_41265,0.025365417823195457,0.8966754078865051
TEST_41266,0.0012963623739778996,0.9986490607261658
TEST_41267,0.00025141824153251946,0.9984785914421082
TEST_41268,0.03847244009375572,0.9892932176589966
TEST_41269,0.0256195068359375,0.999146580696106
TEST_41270,0.1725326031446457,0.9844815731048584
TEST_41271,0.09028486907482147,0.9270849823951721
TEST_41272,0.018193986266851425,0.9842531085014343
TEST_41273,0.9971484541893005,0.004951799754053354
TEST_41274,0.009055704809725285,0.9985761642456055
TEST_41275,0.06960134208202362,0.9981762170791626
TEST_41276,0.1319444477558136,0.9785459041595459
TEST_41277,0.007741066627204418,0.8941965699195862
TEST_41278,0.03880445286631584,0.9919141530990601
TEST_41279,0.0014864206314086914,0.9982847571372986
TEST_41280,0.20586121082305908,0.9883370995521545
TEST_41281,0.09159285575151443,0.9987475872039795
TEST_41282,0.0005487611051648855,0.989036500453949
TEST_41283,0.03860948607325554,0.9897799491882324
TEST_41284,0.0007586306892335415,0.9957743287086487
TEST_41285,0.07615998387336731,0.8724795579910278
TEST_41286,0.3841848373413086,0.8074976801872253
TEST_41287,0.04836174100637436,0.9932075142860413
TEST_41288,0.000599032617174089,0.9999936819076538
TEST_41289,0.5074729323387146,0.9921212196350098
TEST_41290,0.005237611476331949,0.9662173390388489
TEST_41291,0.0002961837744805962,0.9851022958755493
TEST_41292,0.022112959995865822,0.9981638789176941
TEST_41293,0.7975795269012451,0.9752377271652222
TEST_41294,0.526949405670166,0.91962069272995
TEST_41295,0.0015158173628151417,0.9999406337738037
TEST_41296,0.2653593122959137,0.8890586495399475
TEST_41297,0.015450461767613888,0.9935334920883179
TEST_41298,0.028471248224377632,0.9877336025238037
TEST_41299,0.0033935788087546825,0.9998793601989746
TEST_41300,0.014612489379942417,0.9218050837516785
TEST_41301,0.03509575501084328,0.8629869222640991
TEST_41302,0.01787937432527542,0.9261879324913025
TEST_41303,0.006404998246580362,0.9994593262672424
TEST_41304,0.0009005534811876714,0.9935652613639832
TEST_41305,0.006248758174479008,0.9964914917945862
TEST_41306,0.0024755450431257486,0.9911138415336609
TEST_41307,0.00026847183471545577,0.9993701577186584
TEST_41308,0.00612303102388978,0.9841274619102478
TEST_41309,0.0076859998516738415,0.9943941831588745
TEST_41310,0.0031637661159038544,0.9962027668952942
TEST_41311,0.0014784919330850244,0.9902426600456238
TEST_41312,0.0024410283658653498,0.9749503135681152
TEST_41313,0.9839836359024048,0.2748820185661316
TEST_41314,0.015817010775208473,0.9363769888877869
TEST_41315,0.005121398251503706,0.999315619468689
TEST_41316,0.012873276136815548,0.9991484880447388
TEST_41317,0.0021445578895509243,0.9978723526000977
TEST_41318,0.006734369322657585,0.9733647108078003
TEST_41319,0.002460306975990534,0.9999979734420776
TEST_41320,0.11394258588552475,0.8709990978240967
TEST_41321,0.3626224100589752,0.9511343240737915
TEST_41322,0.030216408893465996,0.222399041056633
TEST_41323,0.022061817348003387,0.7511382102966309
TEST_41324,0.10669606924057007,0.9063339233398438
TEST_41325,0.9996844530105591,0.01959514245390892
TEST_41326,0.0008190835942514241,0.999982476234436
TEST_41327,0.14483320713043213,0.9889128804206848
TEST_41328,0.04858705401420593,0.997149646282196
TEST_41329,0.01905566267669201,0.9998443126678467
TEST_41330,0.0071031139232218266,0.998045802116394
TEST_41331,0.003482181578874588,0.963279664516449
TEST_41332,0.002273868303745985,0.9992743134498596
TEST_41333,0.0015271083684638143,0.9996613264083862
TEST_41334,0.706218421459198,0.9505681395530701
TEST_41335,0.006697515491396189,0.9937376976013184
TEST_41336,0.005456898361444473,0.9838817119598389
TEST_41337,0.052431248128414154,0.9315415620803833
TEST_41338,0.07586529850959778,0.9937574863433838
TEST_41339,0.047544993460178375,0.9279475808143616
TEST_41340,0.13676592707633972,0.8563255667686462
TEST_41341,0.003566149855032563,0.999991774559021
TEST_41342,0.0026312884874641895,0.9975445866584778
TEST_41343,0.05489713326096535,0.9832693338394165
TEST_41344,0.016155585646629333,0.9939538836479187
TEST_41345,0.9895187020301819,0.731803834438324
TEST_41346,0.05649419128894806,0.8721491694450378
TEST_41347,0.9861217141151428,0.004801836796104908
TEST_41348,0.32770201563835144,0.9207229018211365
TEST_41349,0.001058046706020832,0.9987004995346069
TEST_41350,0.9339032173156738,0.8043568730354309
TEST_41351,0.6480677127838135,0.9173023700714111
TEST_41352,0.04401712864637375,0.9816431403160095
TEST_41353,0.007449232507497072,0.9998190999031067
TEST_41354,0.9925652742385864,0.12043099105358124
TEST_41355,0.18849685788154602,0.9881826043128967
TEST_41356,0.013641647063195705,0.9289814829826355
TEST_41357,0.0017736885929480195,0.9996107220649719
TEST_41358,0.001682048779912293,0.9987875819206238
TEST_41359,0.353420615196228,0.7908860445022583
TEST_41360,0.7124735713005066,0.029133377596735954
TEST_41361,0.10428185015916824,0.8682374358177185
TEST_41362,0.0024762446992099285,0.9999592304229736
TEST_41363,0.0008333735750056803,0.9998451471328735
TEST_41364,0.0011395859764888883,0.9916069507598877
TEST_41365,0.002493609907105565,0.994866132736206
TEST_41366,0.000943535182159394,0.9945673942565918
TEST_41367,0.20069943368434906,0.9966566562652588
TEST_41368,0.014631603844463825,0.9963822364807129
TEST_41369,0.8475841283798218,0.9750961661338806
TEST_41370,0.01156903337687254,0.9845485687255859
TEST_41371,0.0025308621115982533,0.9954797029495239
TEST_41372,0.01742778904736042,0.8747420907020569
TEST_41373,0.015172930434346199,0.878684937953949
TEST_41374,0.15818896889686584,0.40231940150260925
TEST_41375,0.9834801554679871,0.04844670742750168
TEST_41376,0.006373422220349312,0.9957208037376404
TEST_41377,0.00554049015045166,0.9990863800048828
TEST_41378,0.003955751191824675,0.9962067604064941
TEST_41379,0.09697050601243973,0.993897020816803
TEST_41380,0.0016863555647432804,0.9993211030960083
TEST_41381,0.0014981112908571959,0.9966909885406494
TEST_41382,0.0043088472448289394,0.9909607768058777
TEST_41383,0.00012157284072600305,0.9886150360107422
TEST_41384,0.0005039911484345794,0.997268557548523
TEST_41385,0.04959554225206375,0.8911719918251038
TEST_41386,0.2071029543876648,0.8707547187805176
TEST_41387,0.8734526038169861,0.9315866231918335
TEST_41388,0.0006407329929061234,0.9984484910964966
TEST_41389,0.10684222728013992,0.9572638869285583
TEST_41390,0.007962819188833237,0.9995194673538208
TEST_41391,0.5280861854553223,0.9931271076202393
TEST_41392,0.027032893151044846,0.8433396816253662
TEST_41393,0.02127319946885109,0.9524357914924622
TEST_41394,0.7595642805099487,0.9776657819747925
TEST_41395,0.008026615716516972,0.928716242313385
TEST_41396,0.012513753026723862,0.9967999458312988
TEST_41397,0.004304119851440191,0.9845157861709595
TEST_41398,0.006329962983727455,0.994124710559845
TEST_41399,0.0030962831806391478,0.997702419757843
TEST_41400,0.0352570004761219,0.9944994449615479
TEST_41401,0.0010468937689438462,0.994147777557373
TEST_41402,0.010252002626657486,0.8956391215324402
TEST_41403,0.07819090783596039,0.8956992030143738
TEST_41404,0.0007025834056548774,0.9971715807914734
TEST_41405,0.06067905202507973,0.902503252029419
TEST_41406,0.2241254299879074,0.49745526909828186
TEST_41407,0.16885249316692352,0.4808095395565033
TEST_41408,0.03240937367081642,0.8655042052268982
TEST_41409,0.0031588345300406218,0.9997887015342712
TEST_41410,0.0019047081004828215,0.999775230884552
TEST_41411,0.002690176945179701,0.9991839528083801
TEST_41412,0.0013956665061414242,0.9983274340629578
TEST_41413,0.031074022874236107,0.9885806441307068
TEST_41414,0.9998615980148315,0.00042143487371504307
TEST_41415,0.3604677617549896,0.8270599842071533
TEST_41416,0.02269480563700199,0.8704320788383484
TEST_41417,0.0018355968641117215,0.9984956979751587
TEST_41418,0.0022952219005674124,0.9782297611236572
TEST_41419,0.007761585991829634,0.9783381819725037
TEST_41420,0.36507049202919006,0.4795137643814087
TEST_41421,0.001540325814858079,0.9996795654296875
TEST_41422,0.0035510628949850798,0.9947147965431213
TEST_41423,0.9620546102523804,0.030584735795855522
TEST_41424,0.12324245274066925,0.9107673168182373
TEST_41425,0.0002720269840210676,0.9996863603591919
TEST_41426,0.009625035338103771,0.9847449660301208
TEST_41427,0.012154203839600086,0.9858910441398621
TEST_41428,0.0034557394683361053,0.9980149269104004
TEST_41429,0.042424336075782776,0.9806333184242249
TEST_41430,0.0054671685211360455,0.9995744824409485
TEST_41431,0.014295641332864761,0.9999732971191406
TEST_41432,0.0038907346315681934,0.9134165048599243
TEST_41433,0.01568635366857052,0.9937334656715393
TEST_41434,0.02252798154950142,0.9947602152824402
TEST_41435,0.03244243189692497,0.9717571139335632
TEST_41436,0.04235059395432472,0.8956037163734436
TEST_41437,0.9756340384483337,0.34956204891204834
TEST_41438,0.02490205690264702,0.9996582269668579
TEST_41439,0.003695345250889659,0.9322918057441711
TEST_41440,0.01982509344816208,0.9308794140815735
TEST_41441,0.03214387595653534,0.9013739824295044
TEST_41442,0.005666900891810656,0.9952387809753418
TEST_41443,0.03874438256025314,0.9759591221809387
TEST_41444,0.016486814245581627,0.9347761273384094
TEST_41445,0.04422583058476448,0.9897550940513611
TEST_41446,0.009957700036466122,0.9675957560539246
TEST_41447,0.0016437708400189877,0.9286864995956421
TEST_41448,0.0017227859934791923,0.9980034232139587
TEST_41449,0.08104192465543747,0.9021968245506287
TEST_41450,0.016281744465231895,0.9800745248794556
TEST_41451,0.08703956007957458,0.8787342309951782
TEST_41452,0.03621888905763626,0.8897853493690491
TEST_41453,0.000819068867713213,0.9938202500343323
TEST_41454,0.07367400825023651,0.9526129961013794
TEST_41455,0.007062350399792194,0.9818036556243896
TEST_41456,0.11364703625440598,0.2889103591442108
TEST_41457,0.005460820626467466,0.9995874762535095
TEST_41458,0.05352449044585228,0.9949246644973755
TEST_41459,0.8434699177742004,0.6534501910209656
TEST_41460,0.009281188249588013,0.9978054165840149
TEST_41461,0.004939330276101828,0.9990973472595215
TEST_41462,0.007371507119387388,0.9178243279457092
TEST_41463,0.000155038243974559,0.9981797933578491
TEST_41464,0.001735039404593408,0.9994565844535828
TEST_41465,0.008350793272256851,0.9972590208053589
TEST_41466,0.016433410346508026,0.9384440779685974
TEST_41467,0.0034899734891951084,0.9926819205284119
TEST_41468,0.048687249422073364,0.5896351933479309
TEST_41469,0.005112419370561838,0.9829367399215698
TEST_41470,0.028831327334046364,0.993547260761261
TEST_41471,0.019996600225567818,0.9999606609344482
TEST_41472,0.0024383070413023233,0.9990966320037842
TEST_41473,0.7802416086196899,0.9632558822631836
TEST_41474,0.0302872434258461,0.4804988205432892
TEST_41475,0.3607308268547058,0.9663920998573303
TEST_41476,0.5802943706512451,0.6636948585510254
TEST_41477,0.14573244750499725,0.8506574630737305
TEST_41478,0.029717586934566498,0.8935741782188416
TEST_41479,0.01372821256518364,0.9755651950836182
TEST_41480,0.0003717568179126829,0.9993101358413696
TEST_41481,0.09875675290822983,0.8148375749588013
TEST_41482,0.009122283197939396,0.9930806756019592
TEST_41483,0.0020230829250067472,0.994388997554779
TEST_41484,0.001472083735279739,0.9967048764228821
TEST_41485,0.0724508985877037,0.9993385672569275
TEST_41486,0.1401394009590149,0.6188099980354309
TEST_41487,0.006360643543303013,0.9833031296730042
TEST_41488,0.04881352558732033,0.9723067879676819
TEST_41489,0.0175454244017601,0.9674658179283142
TEST_41490,0.004622992128133774,0.9977176189422607
TEST_41491,0.021302854642271996,0.9992828965187073
TEST_41492,0.0027164523489773273,0.9849862456321716
TEST_41493,0.008789991028606892,0.9848877191543579
TEST_41494,0.08164280652999878,0.9280989170074463
TEST_41495,0.005295658949762583,0.9955690503120422
TEST_41496,0.017666975036263466,0.9832415580749512
TEST_41497,0.0242602676153183,0.9948906898498535
TEST_41498,0.2258577048778534,0.9535706639289856
TEST_41499,0.9153494238853455,0.07269653677940369
TEST_41500,0.6285444498062134,0.9932891726493835
TEST_41501,0.0381934680044651,0.827560305595398
TEST_41502,0.1764671355485916,0.9870288372039795
TEST_41503,0.0015868888003751636,0.9978786706924438
TEST_41504,0.04001934081315994,0.990595817565918
TEST_41505,0.013491559773683548,0.9979707598686218
TEST_41506,0.016318894922733307,0.9997548460960388
TEST_41507,3.216701952624135e-05,0.9997102618217468
TEST_41508,0.061446309089660645,0.8591522574424744
TEST_41509,0.009524378925561905,0.9928968548774719
TEST_41510,0.19218255579471588,0.7966902256011963
TEST_41511,0.010130473412573338,0.9959474205970764
TEST_41512,0.0017542042769491673,0.9985425472259521
TEST_41513,0.0067175147123634815,0.9965382814407349
TEST_41514,0.012382694520056248,0.9387080669403076
TEST_41515,0.0033479356206953526,0.981995701789856
TEST_41516,0.19990193843841553,0.47168710827827454
TEST_41517,0.008736447431147099,0.9402397274971008
TEST_41518,0.03525608405470848,0.9759293794631958
TEST_41519,0.19755448400974274,0.9482930898666382
TEST_41520,0.013102543540298939,0.9678933620452881
TEST_41521,0.6250578761100769,0.9254366755485535
TEST_41522,0.9950143694877625,0.06250322610139847
TEST_41523,0.08665651828050613,0.9640068411827087
TEST_41524,0.0008369412389583886,0.9963492155075073
TEST_41525,0.010184524580836296,0.9827704429626465
TEST_41526,0.00791079644113779,0.9542144536972046
TEST_41527,0.027251051738858223,0.9973004460334778
TEST_41528,0.017810771241784096,0.9734480977058411
TEST_41529,0.24790659546852112,0.9839624166488647
TEST_41530,0.026532554998993874,0.9591789841651917
TEST_41531,0.19398096203804016,0.48909687995910645
TEST_41532,0.04897129163146019,0.9710460901260376
TEST_41533,0.036440659314394,0.9428554773330688
TEST_41534,0.04724733904004097,0.9564411044120789
TEST_41535,0.021882839500904083,0.9989336133003235
TEST_41536,0.9989870190620422,0.13751916587352753
TEST_41537,0.05508991703391075,0.9906080961227417
TEST_41538,0.2751009464263916,0.9936872124671936
TEST_41539,0.08680634945631027,0.8695915341377258
TEST_41540,0.0033042309805750847,0.9706333875656128
TEST_41541,0.007296495605260134,0.9982330799102783
TEST_41542,0.0011667440412566066,0.9998385906219482
TEST_41543,0.013653694652020931,0.9955078363418579
TEST_41544,0.026833590120077133,0.6947415471076965
TEST_41545,0.0031521853525191545,0.9943839311599731
TEST_41546,0.5659054517745972,0.4490858316421509
TEST_41547,0.05700812488794327,0.9783226251602173
TEST_41548,0.369963675737381,0.9784205555915833
TEST_41549,0.018698126077651978,0.997694194316864
TEST_41550,0.9576636552810669,0.7215803265571594
TEST_41551,0.00211856747046113,0.9958441853523254
TEST_41552,0.7375063896179199,0.7697322368621826
TEST_41553,0.0011568580521270633,0.9842334389686584
TEST_41554,3.0522841143465484e-08,0.9999992847442627
TEST_41555,0.23384308815002441,0.8420099020004272
TEST_41556,0.0023399745114147663,0.9985095858573914
TEST_41557,0.0011364136589691043,0.9916129112243652
TEST_41558,0.04503504931926727,0.8873893022537231
TEST_41559,0.0944560095667839,0.9985013008117676
TEST_41560,0.0011242619948461652,0.9870482087135315
TEST_41561,0.9669588804244995,0.811265766620636
TEST_41562,0.013007400557398796,0.9974531531333923
TEST_41563,0.012904009781777859,0.987070620059967
TEST_41564,0.14823207259178162,0.5030083060264587
TEST_41565,0.07251451909542084,0.9608486890792847
TEST_41566,0.0030894114170223475,0.9988753199577332
TEST_41567,0.9565051198005676,0.7350618839263916
TEST_41568,0.02928311936557293,0.8982401490211487
TEST_41569,0.001846234081313014,0.9992128610610962
TEST_41570,0.1439763605594635,0.8672863841056824
TEST_41571,0.2350020855665207,0.9511575102806091
TEST_41572,0.09427519142627716,0.995294988155365
TEST_41573,0.0005043994169682264,0.9980366826057434
TEST_41574,0.006657897494733334,0.9984084963798523
TEST_41575,0.4180184304714203,0.9740168452262878
TEST_41576,0.041844043880701065,0.9876883625984192
TEST_41577,0.007488849572837353,0.9983969330787659
TEST_41578,0.004628920461982489,0.9975895881652832
TEST_41579,0.013009581714868546,0.976783037185669
TEST_41580,0.08994913101196289,0.9966852068901062
TEST_41581,0.08497725427150726,0.8362598419189453
TEST_41582,0.040182147175073624,0.9898388385772705
TEST_41583,0.015749197453260422,0.9951243996620178
TEST_41584,0.022537309676408768,0.9952282905578613
TEST_41585,0.002825734904035926,0.9959207773208618
TEST_41586,0.0009428890189155936,0.9993639588356018
TEST_41587,0.24383577704429626,0.9767823815345764
TEST_41588,0.002641721861436963,0.9990891218185425
TEST_41589,0.003807916771620512,0.963119387626648
TEST_41590,0.029315384104847908,0.5450470447540283
TEST_41591,0.014586656354367733,0.9815660715103149
TEST_41592,0.008790909312665462,0.9952263832092285
TEST_41593,0.0049661858938634396,0.9918462634086609
TEST_41594,0.03367772325873375,0.9463880062103271
TEST_41595,0.00024905838654376566,0.9809660911560059
TEST_41596,0.06520917266607285,0.8296254277229309
TEST_41597,0.0064727929420769215,0.9993795156478882
TEST_41598,0.1296142339706421,0.9340229630470276
TEST_41599,0.000681388599332422,0.9978785514831543
TEST_41600,0.16472913324832916,0.9777267575263977
TEST_41601,0.008442029356956482,0.9907427430152893
TEST_41602,0.2630041837692261,0.9837608933448792
TEST_41603,0.00033286085817962885,0.9902713894844055
TEST_41604,0.03532766178250313,0.9643059968948364
TEST_41605,0.007096045184880495,0.9699941277503967
TEST_41606,0.02836998924612999,0.9217926263809204
TEST_41607,0.0009358568931929767,0.9927359819412231
TEST_41608,0.024821706116199493,0.9696458578109741
TEST_41609,0.001779523678123951,0.999086856842041
TEST_41610,0.008824015967547894,0.9810153245925903
TEST_41611,0.06186029314994812,0.5863659977912903
TEST_41612,0.008162991143763065,0.9999772310256958
TEST_41613,0.5816783308982849,0.7346377968788147
TEST_41614,0.13453102111816406,0.9869303703308105
TEST_41615,0.03446541354060173,0.9903417825698853
TEST_41616,0.05038958042860031,0.46236780285835266
TEST_41617,0.4130627512931824,0.9713732004165649
TEST_41618,0.014731166884303093,0.9947313070297241
TEST_41619,0.0008938725804910064,0.992916464805603
TEST_41620,0.08415959030389786,0.8632204532623291
TEST_41621,0.002037920756265521,0.9993100166320801
TEST_41622,0.0020718942396342754,0.9972967505455017
TEST_41623,0.23893406987190247,0.9133191704750061
TEST_41624,0.0011283551575616002,0.9996604919433594
TEST_41625,0.10916943103075027,0.8707960247993469
TEST_41626,0.11400920152664185,0.971442699432373
TEST_41627,0.03324470296502113,0.9833488464355469
TEST_41628,0.0933183878660202,0.919735312461853
TEST_41629,0.25386542081832886,0.9888607859611511
TEST_41630,0.02957799844443798,0.9837710857391357
TEST_41631,0.0035188894253224134,0.9967209696769714
TEST_41632,0.0009005200117826462,0.9933244585990906
TEST_41633,0.023991627618670464,0.9984727501869202
TEST_41634,0.029953956604003906,0.9897941946983337
TEST_41635,0.0007318687275983393,0.9983295798301697
TEST_41636,0.002122863894328475,0.9991093277931213
TEST_41637,0.002977880882099271,0.998315691947937
TEST_41638,0.07839536666870117,0.8591248989105225
TEST_41639,0.02330815978348255,0.9659245014190674
TEST_41640,0.008881368674337864,0.9256300330162048
TEST_41641,0.05010043829679489,0.9696360230445862
TEST_41642,0.03136996552348137,0.9796263575553894
TEST_41643,1.1222049778325527e-07,0.9999748468399048
TEST_41644,0.01680666394531727,0.9977836012840271
TEST_41645,0.004568975418806076,0.9761770963668823
TEST_41646,0.010836118832230568,0.9999607801437378
TEST_41647,0.5960488319396973,0.7490457892417908
TEST_41648,0.8517851829528809,0.2614542543888092
TEST_41649,0.11868380010128021,0.9455627202987671
TEST_41650,0.015229815617203712,0.9894173741340637
TEST_41651,0.16326014697551727,0.14824232459068298
TEST_41652,0.02909266948699951,0.9995970129966736
TEST_41653,0.031851574778556824,0.8110879063606262
TEST_41654,0.0012518864823505282,0.9999769926071167
TEST_41655,0.015431027859449387,0.9989031553268433
TEST_41656,0.07811924070119858,0.9701686501502991
TEST_41657,0.05647953599691391,0.8731104731559753
TEST_41658,0.003990174271166325,0.9988614320755005
TEST_41659,0.01258343830704689,0.9972986578941345
TEST_41660,0.011114945635199547,0.9856980443000793
TEST_41661,0.0031295595690608025,0.9930254220962524
TEST_41662,0.005968807265162468,0.995586633682251
TEST_41663,0.08760836720466614,0.7556921243667603
TEST_41664,0.11184877157211304,0.9973499774932861
TEST_41665,0.002230104524642229,0.9975796341896057
TEST_41666,0.009350543841719627,0.9986072182655334
TEST_41667,0.08929496258497238,0.9945006370544434
TEST_41668,0.01187129132449627,0.9800246357917786
TEST_41669,0.004007267765700817,0.8174123167991638
TEST_41670,0.005654321517795324,0.9926018118858337
TEST_41671,0.07741101086139679,0.6128292679786682
TEST_41672,0.9548231363296509,0.007045074366033077
TEST_41673,0.00010431405098643154,0.9986679553985596
TEST_41674,0.0022528469562530518,0.995667576789856
TEST_41675,0.018992917612195015,0.9581471681594849
TEST_41676,0.00667054858058691,0.9988597631454468
TEST_41677,0.033211853355169296,0.9969943761825562
TEST_41678,0.002509527839720249,0.9998719692230225
TEST_41679,0.040497664362192154,0.9511508941650391
TEST_41680,0.009853205643594265,0.9821876287460327
TEST_41681,0.0314459465444088,0.977224588394165
TEST_41682,0.06495892256498337,0.9517808556556702
TEST_41683,0.00876572821289301,0.9875496029853821
TEST_41684,0.025092270225286484,0.9909855127334595
TEST_41685,0.006543259136378765,0.9996883869171143
TEST_41686,0.2595165967941284,0.9635103344917297
TEST_41687,0.12096232920885086,0.9010035395622253
TEST_41688,0.1294458955526352,0.6594997644424438
TEST_41689,0.0009582927450537682,0.9653990268707275
TEST_41690,0.014757184311747551,0.9917951226234436
TEST_41691,0.016657032072544098,0.9960259199142456
TEST_41692,0.09384290128946304,0.8513344526290894
TEST_41693,0.009732317179441452,0.9977129697799683
TEST_41694,0.9932538866996765,0.5310861468315125
TEST_41695,0.0008214855915866792,0.998661994934082
TEST_41696,0.012693369761109352,0.9810497164726257
TEST_41697,0.10454488545656204,0.9708924889564514
TEST_41698,0.0051735760644078255,0.9991931319236755
TEST_41699,0.028864476829767227,0.6004408001899719
TEST_41700,0.03198029845952988,0.938771665096283
TEST_41701,0.21862304210662842,0.9954853653907776
TEST_41702,0.49736204743385315,0.8614973425865173
TEST_41703,0.22694067656993866,0.8900180459022522
TEST_41704,0.9106230735778809,0.014609497971832752
TEST_41705,0.01995375007390976,0.9152552485466003
TEST_41706,0.006370397750288248,0.9354608654975891
TEST_41707,0.04570937529206276,0.992151141166687
TEST_41708,0.0361199676990509,0.997366726398468
TEST_41709,0.0043431054800748825,0.9955495595932007
TEST_41710,0.9927276372909546,0.8925344944000244
TEST_41711,0.00673252297565341,0.9952030181884766
TEST_41712,5.5814991355873644e-05,0.9999563694000244
TEST_41713,0.0733199194073677,0.985621988773346
TEST_41714,0.028513532131910324,0.9950985312461853
TEST_41715,0.0042667994275689125,0.7926504015922546
TEST_41716,0.0114434864372015,0.9889410138130188
TEST_41717,0.7196023464202881,0.9334930181503296
TEST_41718,0.011041101068258286,0.9761514067649841
TEST_41719,0.07549834251403809,0.3906483054161072
TEST_41720,0.009842186234891415,0.9999099969863892
TEST_41721,0.014747406356036663,0.9477193355560303
TEST_41722,0.9994829893112183,9.914251131704077e-05
TEST_41723,0.00071466073859483,0.9983528852462769
TEST_41724,0.010330370627343655,0.9848030805587769
TEST_41725,0.0005175937549211085,0.977477490901947
TEST_41726,0.0027463275473564863,0.9433014392852783
TEST_41727,0.16806404292583466,0.9883710145950317
TEST_41728,0.001558423158712685,0.9999217987060547
TEST_41729,0.08227965235710144,0.9697659015655518
TEST_41730,0.5137133598327637,0.9972836971282959
TEST_41731,0.001863429439254105,0.9968234300613403
TEST_41732,0.0004617215890903026,0.9998806715011597
TEST_41733,0.007798211649060249,0.9971436858177185
TEST_41734,0.0012843479635193944,0.994665265083313
TEST_41735,0.4194512963294983,0.9749218821525574
TEST_41736,0.47884729504585266,0.983382523059845
TEST_41737,0.0021276352927088737,0.9858253598213196
TEST_41738,0.016672488301992416,0.863688051700592
TEST_41739,0.003595199203118682,0.9909932017326355
TEST_41740,0.005012521520256996,0.9957481026649475
TEST_41741,0.0011003488907590508,0.9998972415924072
TEST_41742,0.02522093988955021,0.916438639163971
TEST_41743,0.9459969401359558,0.13936735689640045
TEST_41744,0.0032465297263115644,0.9982011318206787
TEST_41745,0.002708438551053405,0.9569875001907349
TEST_41746,0.020602192729711533,0.47464048862457275
TEST_41747,0.009778283536434174,0.9904071688652039
TEST_41748,0.6524552702903748,0.8285233974456787
TEST_41749,0.0013115772744640708,0.9811559915542603
TEST_41750,0.0009209522395394742,0.9998063445091248
TEST_41751,0.053079161792993546,0.9576981067657471
TEST_41752,0.004859353881329298,0.9959031939506531
TEST_41753,0.06167793646454811,0.9954420328140259
TEST_41754,0.02291351743042469,0.9876413941383362
TEST_41755,0.024347055703401566,0.8999612331390381
TEST_41756,0.04008196294307709,0.9094715118408203
TEST_41757,0.003361308015882969,0.880158543586731
TEST_41758,0.009426363743841648,0.9983012080192566
TEST_41759,0.03828813508152962,0.9583173394203186
TEST_41760,0.03145912289619446,0.9861539602279663
TEST_41761,0.007466425653547049,0.9908272624015808
TEST_41762,0.010319738648831844,0.9667505025863647
TEST_41763,0.9996746778488159,0.0016459854086861014
TEST_41764,0.5518738031387329,0.9064271450042725
TEST_41765,0.005924078170210123,0.9974586367607117
TEST_41766,0.011889215558767319,0.9981082677841187
TEST_41767,0.0139849204570055,0.9371229410171509
TEST_41768,0.4229391813278198,0.9947484135627747
TEST_41769,0.010289718396961689,0.9837018251419067
TEST_41770,0.021668700501322746,0.9886625409126282
TEST_41771,0.14054733514785767,0.7700128555297852
TEST_41772,0.005699236877262592,0.9946010112762451
TEST_41773,0.7615769505500793,0.9105890989303589
TEST_41774,0.0006839649868197739,0.9967213273048401
TEST_41775,0.0016810607630759478,0.9989638328552246
TEST_41776,0.007340435869991779,0.9218248724937439
TEST_41777,0.015873009338974953,0.8382009863853455
TEST_41778,0.008834172040224075,0.9989880919456482
TEST_41779,0.016880353912711143,0.9744730591773987
TEST_41780,0.053011760115623474,0.965910792350769
TEST_41781,0.024952465668320656,0.9660059213638306
TEST_41782,0.004618195816874504,0.9833835959434509
TEST_41783,0.010000617243349552,0.9855695366859436
TEST_41784,0.0017967554740607738,0.9999934434890747
TEST_41785,0.00018732993339654058,0.9999978542327881
TEST_41786,0.0016760964645072818,0.997563362121582
TEST_41787,0.004436447285115719,0.9988275170326233
TEST_41788,0.002409022767096758,0.9783179759979248
TEST_41789,0.028502272441983223,0.9991834759712219
TEST_41790,0.23826009035110474,0.556404709815979
TEST_41791,0.031153401359915733,0.9346143007278442
TEST_41792,0.03367115929722786,0.5741012096405029
TEST_41793,0.015348922461271286,0.9529505372047424
TEST_41794,0.002714333590120077,0.9964162111282349
TEST_41795,0.02678011730313301,0.9981831908226013
TEST_41796,0.012368077412247658,0.9336733818054199
TEST_41797,0.10420798510313034,0.9138659834861755
TEST_41798,0.02029525302350521,0.9869675040245056
TEST_41799,0.2682395875453949,0.849704384803772
TEST_41800,0.0033314230386167765,0.9957711100578308
TEST_41801,0.0028001214377582073,0.9905295968055725
TEST_41802,0.03779458999633789,0.895637571811676
TEST_41803,0.0012906938791275024,0.9994515776634216
TEST_41804,0.9969649910926819,0.9465001225471497
TEST_41805,0.0005747412797063589,0.99907386302948
TEST_41806,0.6850829124450684,0.5676407217979431
TEST_41807,0.004247348755598068,0.992180347442627
TEST_41808,0.1996069848537445,0.9577186703681946
TEST_41809,0.16948102414608002,0.9862840175628662
TEST_41810,0.002841009758412838,0.956802248954773
TEST_41811,0.012492888607084751,0.9948264956474304
TEST_41812,0.0018183758947998285,0.9747403860092163
TEST_41813,0.01318485476076603,0.9636884331703186
TEST_41814,0.06899193674325943,0.8739075660705566
TEST_41815,0.013689502142369747,0.9967758059501648
TEST_41816,0.0019161535892635584,0.9941853880882263
TEST_41817,0.002847223775461316,0.9987301230430603
TEST_41818,0.2282593548297882,0.9983198046684265
TEST_41819,0.0009403819567523897,0.9982143640518188
TEST_41820,0.8708891272544861,0.8834672570228577
TEST_41821,0.02192106284201145,0.9988956451416016
TEST_41822,0.9968980550765991,0.058233968913555145
TEST_41823,0.0031462975312024355,0.9994420409202576
TEST_41824,0.0007938660564832389,0.9984856247901917
TEST_41825,0.9808562397956848,0.058855265378952026
TEST_41826,0.07361346483230591,0.8615967631340027
TEST_41827,0.9841348528862,0.5977557897567749
TEST_41828,0.01615690439939499,0.9936912059783936
TEST_41829,0.04199319705367088,0.9793158173561096
TEST_41830,0.005629255902022123,0.9991210103034973
TEST_41831,0.9113674759864807,0.8639709949493408
TEST_41832,0.0004883603542111814,0.9902933835983276
TEST_41833,0.015089385211467743,0.9950577020645142
TEST_41834,0.19214853644371033,0.9841493964195251
TEST_41835,0.0006375887896865606,0.9997653365135193
TEST_41836,5.247743320069276e-05,0.9989940524101257
TEST_41837,0.011731143109500408,0.9835548996925354
TEST_41838,0.021610209718346596,0.9754217863082886
TEST_41839,0.02120542712509632,0.9068179130554199
TEST_41840,0.019940409809350967,0.9482991695404053
TEST_41841,0.08876130729913712,0.9588200449943542
TEST_41842,0.0003865812614094466,0.9981993436813354
TEST_41843,0.0039046413730829954,0.9986261129379272
TEST_41844,7.57280649850145e-05,0.9994175434112549
TEST_41845,0.0059822662733495235,0.9999059438705444
TEST_41846,0.04822585731744766,0.8186119198799133
TEST_41847,5.807731213280931e-05,0.9995322227478027
TEST_41848,0.20030510425567627,0.9856463074684143
TEST_41849,0.048486120998859406,0.9629333019256592
TEST_41850,0.7932567596435547,0.0018503412138670683
TEST_41851,0.0014518828829750419,0.998744010925293
TEST_41852,0.05791020393371582,0.9983870983123779
TEST_41853,0.9861620664596558,0.9261956810951233
TEST_41854,0.1522359400987625,0.948492705821991
TEST_41855,0.013956871815025806,0.9459231495857239
TEST_41856,0.12933644652366638,0.9954618811607361
TEST_41857,0.7820025086402893,0.4075521230697632
TEST_41858,0.05112387239933014,0.8407233357429504
TEST_41859,0.034831542521715164,0.9797915816307068
TEST_41860,0.3977014124393463,0.4763258695602417
TEST_41861,0.022596046328544617,0.9450452327728271
TEST_41862,0.0025989259593188763,0.9454572200775146
TEST_41863,0.08926694840192795,0.6511990427970886
TEST_41864,0.0569099523127079,0.8550604581832886
TEST_41865,0.0024829746689647436,0.9761342406272888
TEST_41866,0.35610637068748474,0.9880825281143188
TEST_41867,0.00014840299263596535,0.9997507929801941
TEST_41868,0.0327269472181797,0.9453241229057312
TEST_41869,0.0023878170177340508,0.9918449521064758
TEST_41870,0.0019181061070412397,0.9891207218170166
TEST_41871,0.003944838885217905,0.9743881821632385
TEST_41872,0.005703226663172245,0.9591255784034729
TEST_41873,0.0716613382101059,0.9154483079910278
TEST_41874,0.025091012939810753,0.9934844374656677
TEST_41875,0.011705209501087666,0.8510420322418213
TEST_41876,0.8289574384689331,0.23871898651123047
TEST_41877,0.006707426626235247,0.9810972213745117
TEST_41878,0.16727986931800842,0.062111109495162964
TEST_41879,0.7059752345085144,0.8545105457305908
TEST_41880,0.036826472729444504,0.8955945372581482
TEST_41881,0.004048679023981094,0.9644120931625366
TEST_41882,0.05067700147628784,0.9956644177436829
TEST_41883,0.0011279134778305888,0.9994485974311829
TEST_41884,0.05812105908989906,0.8657929301261902
TEST_41885,0.019026989117264748,0.9226799011230469
TEST_41886,0.05736005678772926,0.9914867877960205
TEST_41887,0.0013613500632345676,0.9944888353347778
TEST_41888,0.4245664179325104,0.7421910762786865
TEST_41889,0.017371220514178276,0.757021963596344
TEST_41890,0.017994213849306107,0.9761960506439209
TEST_41891,0.010124671272933483,0.8153513073921204
TEST_41892,0.9888801574707031,0.673477828502655
TEST_41893,0.06112346798181534,0.9984121322631836
TEST_41894,0.04768582433462143,0.9045220613479614
TEST_41895,0.0011295484146103263,0.9992740750312805
TEST_41896,0.004923234693706036,0.9948850274085999
TEST_41897,0.02381048910319805,0.9951419830322266
TEST_41898,0.9999619722366333,6.438507989514619e-05
TEST_41899,0.00020685790514107794,0.9980524778366089
TEST_41900,0.0004675359232351184,0.9900363683700562
TEST_41901,0.018652116879820824,0.9952154159545898
TEST_41902,0.07970166951417923,0.9180475473403931
TEST_41903,0.051665693521499634,0.9400996565818787
TEST_41904,0.0045980848371982574,0.9998823404312134
TEST_41905,0.14148634672164917,0.16601625084877014
TEST_41906,0.031192613765597343,0.9996223449707031
TEST_41907,0.006401740480214357,0.9896450042724609
TEST_41908,0.0016995958285406232,0.9930949211120605
TEST_41909,0.08914459496736526,0.8775169849395752
TEST_41910,0.04836215823888779,0.8472516536712646
TEST_41911,0.5582140684127808,0.9750715494155884
TEST_41912,0.8178530335426331,0.9563772678375244
TEST_41913,0.7947058081626892,0.8250285387039185
TEST_41914,0.008851984515786171,0.9959867596626282
TEST_41915,0.007487817667424679,0.8137385249137878
TEST_41916,0.7496098279953003,0.8605968952178955
TEST_41917,0.0007697032415308058,0.9962223768234253
TEST_41918,0.0013847029767930508,0.9900854825973511
TEST_41919,0.5332326889038086,0.6564896702766418
TEST_41920,0.0701369047164917,0.9066848158836365
TEST_41921,0.0001755859557306394,0.9997319579124451
TEST_41922,0.03293360397219658,0.8602922558784485
TEST_41923,0.011829396709799767,0.9434489011764526
TEST_41924,0.0005113390507176518,0.9888784289360046
TEST_41925,0.025912493467330933,0.9905083179473877
TEST_41926,0.46637266874313354,0.7690858244895935
TEST_41927,0.002845557639375329,0.9955020546913147
TEST_41928,0.0003618457412812859,0.9998990297317505
TEST_41929,0.00613697525113821,0.9997807145118713
TEST_41930,0.9153392314910889,0.21321792900562286
TEST_41931,0.006396349519491196,0.9477113485336304
TEST_41932,0.07608433067798615,0.6875981688499451
TEST_41933,0.00036253267899155617,0.9999257326126099
TEST_41934,0.06540259718894958,0.990543782711029
TEST_41935,0.0017456033965572715,0.9903171062469482
TEST_41936,0.0783047080039978,0.8754960894584656
TEST_41937,0.001530288252979517,0.9616305232048035
TEST_41938,0.35967907309532166,0.9880103468894958
TEST_41939,0.03872784972190857,0.9340285062789917
TEST_41940,0.7867149114608765,0.8580906391143799
TEST_41941,0.1043630838394165,0.5238205790519714
TEST_41942,0.0036996554117649794,0.9972782731056213
TEST_41943,0.007146154064685106,0.9906262159347534
TEST_41944,0.018546361476182938,0.9509806632995605
TEST_41945,0.04484616965055466,0.821891725063324
TEST_41946,0.014654445461928844,0.9900418519973755
TEST_41947,0.04734496399760246,0.9840659499168396
TEST_41948,0.12194786220788956,0.9955090284347534
TEST_41949,0.005707306321710348,0.9987012147903442
TEST_41950,0.008195661939680576,0.999187171459198
TEST_41951,0.01787937432527542,0.9053736925125122
TEST_41952,0.005232042167335749,0.9992276430130005
TEST_41953,0.004979403223842382,0.9869094491004944
TEST_41954,0.00707766879349947,0.9864479303359985
TEST_41955,0.09216978400945663,0.923232913017273
TEST_41956,0.126328244805336,0.8448253273963928
TEST_41957,0.009420346468687057,0.9564511179924011
TEST_41958,0.00043114423169754446,0.9996596574783325
TEST_41959,0.03084593638777733,0.9387142658233643
TEST_41960,0.02671077661216259,0.9160124063491821
TEST_41961,0.0030887462198734283,0.9860363006591797
TEST_41962,0.006824630778282881,0.9942324757575989
TEST_41963,0.011408364400267601,0.9991315007209778
TEST_41964,0.00801091082394123,0.9958974123001099
TEST_41965,0.010567761026322842,0.9959855675697327
TEST_41966,0.0012142452178522944,0.9977263808250427
TEST_41967,0.002484493888914585,0.996857762336731
TEST_41968,0.0006555485306307673,0.9998014569282532
TEST_41969,0.28771093487739563,0.9611896872520447
TEST_41970,0.006076534278690815,0.9957200884819031
TEST_41971,0.012845293618738651,0.9777733683586121
TEST_41972,0.00013042397040408105,0.9999641180038452
TEST_41973,0.0008942781132645905,0.9865689277648926
TEST_41974,0.00402150209993124,0.9992856383323669
TEST_41975,0.022502118721604347,0.9554976224899292
TEST_41976,0.01789494790136814,0.9959561228752136
TEST_41977,0.0438319556415081,0.9325761198997498
TEST_41978,0.41002410650253296,0.3361409306526184
TEST_41979,0.024500353261828423,0.9359523057937622
TEST_41980,0.03929580748081207,0.9157789945602417
TEST_41981,0.7186705470085144,0.0520995669066906
TEST_41982,0.0019203475676476955,0.9954383969306946
TEST_41983,0.001946592004969716,0.9928832054138184
TEST_41984,0.007787083275616169,0.8032453060150146
TEST_41985,0.005557462107390165,0.9994852542877197
TEST_41986,0.0038868924602866173,0.9991281628608704
TEST_41987,0.31572890281677246,0.8588925004005432
TEST_41988,0.0016868719831109047,0.9993793964385986
TEST_41989,0.0002560676948633045,0.9976370334625244
TEST_41990,0.002194379922002554,0.9990689158439636
TEST_41991,0.12426889687776566,0.8726452589035034
TEST_41992,0.0032122612465173006,0.998845100402832
TEST_41993,0.9983164072036743,0.20928950607776642
TEST_41994,0.0014273910783231258,0.9966185092926025
TEST_41995,0.12221311032772064,0.6857692003250122
TEST_41996,0.008271104656159878,0.9535138010978699
TEST_41997,0.04395662620663643,0.8758960366249084
TEST_41998,0.003446785034611821,0.9934413433074951
TEST_41999,0.9480866193771362,0.8907206058502197
TEST_42000,0.011750949546694756,0.991327702999115
TEST_42001,0.028430262580513954,0.9031015038490295
TEST_42002,0.9692818522453308,0.5061185956001282
TEST_42003,0.058777663856744766,0.9631223678588867
TEST_42004,0.0001952944730874151,0.9978423118591309
TEST_42005,0.06680773198604584,0.9554595351219177
TEST_42006,0.029012233018875122,0.993446409702301
TEST_42007,0.015406334772706032,0.9841638207435608
TEST_42008,0.005590333603322506,0.9917248487472534
TEST_42009,0.01896730624139309,0.9880979657173157
TEST_42010,0.01994316838681698,0.9970386028289795
TEST_42011,0.018835177645087242,0.9529684782028198
TEST_42012,0.006757386028766632,0.9983401298522949
TEST_42013,0.0015717691276222467,0.997374415397644
TEST_42014,0.011726124212145805,0.9974765181541443
TEST_42015,0.28902900218963623,0.8714908361434937
TEST_42016,0.006194014567881823,0.9967130422592163
TEST_42017,0.0019141718512400985,0.9987537860870361
TEST_42018,0.037184376269578934,0.497216135263443
TEST_42019,0.0014151394134387374,0.9955605268478394
TEST_42020,0.003508517984300852,0.9609317183494568
TEST_42021,0.03547845780849457,0.8821598291397095
TEST_42022,0.003083357820287347,0.9993183612823486
TEST_42023,0.12396623939275742,0.38275963068008423
TEST_42024,0.014657028019428253,0.9311066269874573
TEST_42025,0.008560135029256344,0.9974609613418579
TEST_42026,0.003338063135743141,0.9994454979896545
TEST_42027,0.0057379864156246185,0.86174476146698
TEST_42028,0.08462734520435333,0.9214375615119934
TEST_42029,0.12966972589492798,0.7226404547691345
TEST_42030,0.006606899667531252,0.9966195821762085
TEST_42031,0.045956674963235855,0.8007754683494568
TEST_42032,0.0421028807759285,0.2956056296825409
TEST_42033,8.598129352321848e-05,0.9999380111694336
TEST_42034,1.0,2.2497570473234418e-10
TEST_42035,0.006193303968757391,0.9985491633415222
TEST_42036,0.002705910010263324,0.9999140501022339
TEST_42037,8.268428791780025e-05,0.9990518689155579
TEST_42038,0.06397182494401932,0.7768557667732239
TEST_42039,0.04428888112306595,0.9980672001838684
TEST_42040,0.04740853235125542,0.9621045589447021
TEST_42041,0.014333977364003658,0.9908738136291504
TEST_42042,0.0010534679749980569,0.9989792108535767
TEST_42043,0.032613836228847504,0.9783437848091125
TEST_42044,0.9561792016029358,0.11049874871969223
TEST_42045,0.08263639360666275,0.3267998993396759
TEST_42046,0.29123571515083313,0.4028506278991699
TEST_42047,0.9596894383430481,0.04299643635749817
TEST_42048,0.03979715332388878,0.8875409960746765
TEST_42049,0.07942444086074829,0.9956979751586914
TEST_42050,0.0001358321896987036,0.9999998807907104
TEST_42051,0.02382175251841545,0.7377146482467651
TEST_42052,0.054120246320962906,0.976290225982666
TEST_42053,0.033822305500507355,0.9875685572624207
TEST_42054,0.2677423655986786,0.9688034057617188
TEST_42055,0.07546666264533997,0.9739325642585754
TEST_42056,0.005641771946102381,0.9954953193664551
TEST_42057,0.00574458995833993,0.9576082229614258
TEST_42058,0.007461971137672663,0.8854202628135681
TEST_42059,0.022320248186588287,0.9326162338256836
TEST_42060,0.015466254204511642,0.999542236328125
TEST_42061,0.1565346121788025,0.8888627886772156
TEST_42062,0.410124272108078,0.7226704955101013
TEST_42063,0.12452935427427292,0.9848094582557678
TEST_42064,0.003803709987550974,0.9992311000823975
TEST_42065,0.027772104367613792,0.9784446358680725
TEST_42066,0.00032676925184205174,0.996990442276001
TEST_42067,0.009797286242246628,0.9778441190719604
TEST_42068,0.011373674497008324,0.9797437191009521
TEST_42069,0.0015104982303455472,0.9951580166816711
TEST_42070,0.019635455682873726,0.946459174156189
TEST_42071,0.021960504353046417,0.9060936570167542
TEST_42072,0.03713980317115784,0.9920793175697327
TEST_42073,0.298677533864975,0.36299657821655273
TEST_42074,0.23139795660972595,0.9538979530334473
TEST_42075,0.04689513519406319,0.9852041006088257
TEST_42076,0.004731453489512205,0.9298444986343384
TEST_42077,0.6550490856170654,0.7437536120414734
TEST_42078,0.0034619111102074385,0.9992374181747437
TEST_42079,0.033399298787117004,0.9377593398094177
TEST_42080,0.5389381647109985,0.442566454410553
TEST_42081,0.0008593536331318319,0.9998856782913208
TEST_42082,0.1553945541381836,0.8466081023216248
TEST_42083,0.1591954231262207,0.962379515171051
TEST_42084,0.0013339841971173882,0.9763137698173523
TEST_42085,0.0048816311173141,0.9963791966438293
TEST_42086,0.2743050456047058,0.9380907416343689
TEST_42087,0.9789170026779175,0.9727181792259216
TEST_42088,0.019830528646707535,0.9950076341629028
TEST_42089,0.0015951251843944192,0.9977198243141174
TEST_42090,0.11821984499692917,0.9902477860450745
TEST_42091,0.0019344949396327138,0.978200376033783
TEST_42092,0.024270331487059593,0.9953763484954834
TEST_42093,0.05479728803038597,0.9827737808227539
TEST_42094,0.008248992264270782,0.9901348948478699
TEST_42095,0.022845149040222168,0.978459358215332
TEST_42096,0.03470354154706001,0.9898027777671814
TEST_42097,0.010477902367711067,0.983331024646759
TEST_42098,0.03457044064998627,0.9874247908592224
TEST_42099,0.016400085762143135,0.9991335272789001
TEST_42100,0.019513066858053207,0.9761971831321716
TEST_42101,0.275424599647522,0.8434560298919678
TEST_42102,0.002605227753520012,0.9793375730514526
TEST_42103,0.0026958875823765993,0.9999692440032959
TEST_42104,0.05404986813664436,0.5805808901786804
TEST_42105,0.8928200602531433,0.8442638516426086
TEST_42106,0.01777626760303974,0.994773805141449
TEST_42107,0.03665798902511597,0.9869019985198975
TEST_42108,0.00048188649816438556,0.9999431371688843
TEST_42109,0.021666239947080612,0.9913445711135864
TEST_42110,0.2401648908853531,0.9973452687263489
TEST_42111,0.8403722047805786,0.8820019960403442
TEST_42112,0.0018528028158470988,0.9892626404762268
TEST_42113,0.007773972116410732,0.9961051940917969
TEST_42114,0.9965943694114685,0.8381661176681519
TEST_42115,0.002033787779510021,0.9804367423057556
TEST_42116,0.03079858422279358,0.9236405491828918
TEST_42117,0.010818841867148876,0.9984806180000305
TEST_42118,0.00480974605306983,0.9252812266349792
TEST_42119,9.718747605802491e-05,0.9998513460159302
TEST_42120,0.1887301802635193,0.9946374297142029
TEST_42121,0.37116533517837524,0.9868664741516113
TEST_42122,0.24707496166229248,0.6959139108657837
TEST_42123,0.015637431293725967,0.9999662637710571
TEST_42124,0.028173085302114487,0.9509103894233704
TEST_42125,0.0022466517984867096,0.9989562034606934
TEST_42126,0.011774362996220589,0.967605471611023
TEST_42127,0.07876048982143402,0.9263639450073242
TEST_42128,0.015520446002483368,0.9793195128440857
TEST_42129,0.11560352891683578,0.6053548455238342
TEST_42130,1.6277350368909538e-05,0.9998257756233215
TEST_42131,0.9947698712348938,0.0016373260878026485
TEST_42132,0.002720017684623599,0.9992291927337646
TEST_42133,0.00734075577929616,0.9137153029441833
TEST_42134,0.04706256091594696,0.9226290583610535
TEST_42135,0.02934202551841736,0.994009256362915
TEST_42136,0.001943256356753409,0.9996504783630371
TEST_42137,0.00023446642444469035,0.9959828853607178
TEST_42138,0.0001980853994609788,0.9985944628715515
TEST_42139,0.08801106363534927,0.9815406799316406
TEST_42140,0.012630466371774673,0.9880437254905701
TEST_42141,0.2597333490848541,0.33827728033065796
TEST_42142,0.0015364768914878368,0.999966025352478
TEST_42143,0.026746109127998352,0.9870420694351196
TEST_42144,0.00979029480367899,0.9985992312431335
TEST_42145,0.0025082796346396208,0.9907922744750977
TEST_42146,0.0013385096099227667,0.9896343946456909
TEST_42147,0.011411559768021107,0.9467713236808777
TEST_42148,0.0020400399807840586,0.9847570657730103
TEST_42149,0.020248908549547195,0.9768580198287964
TEST_42150,0.02212471142411232,0.984907865524292
TEST_42151,0.05995601415634155,0.9953151941299438
TEST_42152,0.019282158464193344,0.9978971481323242
TEST_42153,0.3128356635570526,0.9648197293281555
TEST_42154,0.0354912094771862,0.9582215547561646
TEST_42155,0.014762829057872295,0.9178134202957153
TEST_42156,0.03831721469759941,0.9912829399108887
TEST_42157,0.048717182129621506,0.7405962944030762
TEST_42158,0.9327402710914612,0.9561773538589478
TEST_42159,0.5300942063331604,0.776121973991394
TEST_42160,0.005535361357033253,0.9698702692985535
TEST_42161,0.002383844694122672,0.9926785230636597
TEST_42162,0.0019439952448010445,0.9896429777145386
TEST_42163,0.05480264872312546,0.978643000125885
TEST_42164,0.0802239403128624,0.9513067603111267
TEST_42165,0.9943554401397705,0.8970678448677063
TEST_42166,0.023185839876532555,0.9331432580947876
TEST_42167,0.021867984905838966,0.9941080808639526
TEST_42168,0.05135386437177658,0.9824849963188171
TEST_42169,0.06927996128797531,0.9566486477851868
TEST_42170,0.9996510744094849,0.0026157209649682045
TEST_42171,0.004344922490417957,0.9802928566932678
TEST_42172,0.007447410840541124,0.9533588290214539
TEST_42173,0.02695344388484955,0.9827015995979309
TEST_42174,0.004891643300652504,0.988513171672821
TEST_42175,0.01874900981783867,0.9924641847610474
TEST_42176,0.03636251017451286,0.9998793601989746
TEST_42177,0.022926609963178635,0.9835879802703857
TEST_42178,0.027306165546178818,0.36878931522369385
TEST_42179,3.8814269487374986e-07,0.9999905824661255
TEST_42180,0.02404141053557396,0.9958167672157288
TEST_42181,0.3531152606010437,0.8829672336578369
TEST_42182,0.008851930499076843,0.9921696782112122
TEST_42183,0.009250638075172901,0.9527750611305237
TEST_42184,0.9998987913131714,0.06831855326890945
TEST_42185,0.018205853179097176,0.8024416565895081
TEST_42186,0.3606378436088562,0.014211250469088554
TEST_42187,0.9384468793869019,0.880139172077179
TEST_42188,0.010186702013015747,0.9990091323852539
TEST_42189,0.004045888315886259,0.9928845167160034
TEST_42190,0.004848863929510117,0.9741302728652954
TEST_42191,0.004172522574663162,0.996791660785675
TEST_42192,0.011443388648331165,0.5037340521812439
TEST_42193,0.0207741167396307,0.9653350114822388
TEST_42194,0.2967463731765747,0.8277724385261536
TEST_42195,0.010108874179422855,0.9987311959266663
TEST_42196,0.04330722615122795,0.9989470839500427
TEST_42197,0.043043479323387146,0.9880117177963257
TEST_42198,0.02993740327656269,0.9453177452087402
TEST_42199,0.021676192060112953,0.9988629817962646
TEST_42200,0.0006059276056475937,0.9980918765068054
TEST_42201,0.0020002610981464386,0.9787847399711609
TEST_42202,0.011473316699266434,0.9906948804855347
TEST_42203,0.0012374233920127153,0.9974823594093323
TEST_42204,0.007210306823253632,0.9953001737594604
TEST_42205,0.0027545623015612364,0.9804216027259827
TEST_42206,0.07596515119075775,0.7437047958374023
TEST_42207,0.08089956641197205,0.9516712427139282
TEST_42208,0.06114565208554268,0.9459277987480164
TEST_42209,0.011464947834610939,0.9880736470222473
TEST_42210,0.5410335063934326,0.9769401550292969
TEST_42211,0.0674910768866539,0.5763162970542908
TEST_42212,0.0037799107376486063,0.9972227811813354
TEST_42213,0.03936593607068062,0.9632339477539062
TEST_42214,0.006924842018634081,0.9757914543151855
TEST_42215,0.0012266588164493442,0.9997417330741882
TEST_42216,0.027451032772660255,0.9264504909515381
TEST_42217,0.8853771090507507,0.9403784275054932
TEST_42218,0.00034727956517599523,0.9993265867233276
TEST_42219,0.9726448059082031,0.20127393305301666
TEST_42220,0.9334057569503784,0.9714515209197998
TEST_42221,0.09939929842948914,0.9164493083953857
TEST_42222,0.09227585047483444,0.7055723667144775
TEST_42223,0.001703157788142562,0.99993896484375
TEST_42224,0.0015529216034337878,0.9912636280059814
TEST_42225,0.004618796519935131,0.9715549945831299
TEST_42226,0.005119914188981056,0.9995341300964355
TEST_42227,0.034781306982040405,0.9945803284645081
TEST_42228,0.004005664028227329,0.9890081882476807
TEST_42229,0.005845461506396532,0.9576830267906189
TEST_42230,0.0038161901757121086,0.9747274518013
TEST_42231,0.9991564750671387,0.01014783140271902
TEST_42232,0.011480863206088543,0.9893564581871033
TEST_42233,0.0008354997844435275,0.9955898523330688
TEST_42234,0.0027186479419469833,0.8635208010673523
TEST_42235,0.05479243025183678,0.8572448492050171
TEST_42236,0.03323523327708244,0.9844390749931335
TEST_42237,0.01138858962804079,0.9954856038093567
TEST_42238,0.011265553534030914,0.9986151456832886
TEST_42239,0.39264094829559326,0.735821008682251
TEST_42240,0.7994971871376038,0.8926250338554382
TEST_42241,0.03936948999762535,0.9489871263504028
TEST_42242,0.003985187504440546,0.9934822916984558
TEST_42243,0.006313626188784838,0.9851823449134827
TEST_42244,0.006230683531612158,0.9958475232124329
TEST_42245,0.0032646257895976305,0.9676341414451599
TEST_42246,0.005523470230400562,0.9974703788757324
TEST_42247,0.0029536515939980745,0.9418457746505737
TEST_42248,0.9997671246528625,0.00653920928016305
TEST_42249,0.042700208723545074,0.8958783745765686
TEST_42250,0.0010823342017829418,0.9890626072883606
TEST_42251,0.07058555632829666,0.9914674758911133
TEST_42252,0.010997947305440903,0.9505392909049988
TEST_42253,0.014359494671225548,0.8296013474464417
TEST_42254,0.06405234336853027,0.930837094783783
TEST_42255,0.9827836751937866,0.1911039501428604
TEST_42256,0.0009873934322968125,0.9991008043289185
TEST_42257,0.010167108848690987,0.9657347798347473
TEST_42258,0.010400552302598953,0.9934520721435547
TEST_42259,0.0227840393781662,0.9973015189170837
TEST_42260,0.005354509688913822,0.8984203338623047
TEST_42261,0.07356511056423187,0.9694254398345947
TEST_42262,0.7018425464630127,0.9498986601829529
TEST_42263,0.005602903664112091,0.9471745491027832
TEST_42264,0.006437751930207014,0.9939306974411011
TEST_42265,0.06789004057645798,0.9665407538414001
TEST_42266,0.0031656750943511724,0.9992020726203918
TEST_42267,0.9276823997497559,0.8370674848556519
TEST_42268,0.0067830500192940235,0.995978832244873
TEST_42269,0.28472238779067993,0.887469470500946
TEST_42270,0.035846155136823654,0.970711350440979
TEST_42271,0.005406979005783796,0.9924454092979431
TEST_42272,0.9986862540245056,0.002816270338371396
TEST_42273,0.19047492742538452,0.9757861495018005
TEST_42274,0.005578763782978058,0.9991810917854309
TEST_42275,0.00037531761336140335,0.9994075298309326
TEST_42276,0.017265409231185913,0.9594429135322571
TEST_42277,0.015081287361681461,0.9995704293251038
TEST_42278,0.006885528098791838,0.9767186641693115
TEST_42279,0.17170490324497223,0.9902808666229248
TEST_42280,0.0116436667740345,0.9857368469238281
TEST_42281,0.13019420206546783,0.9237522482872009
TEST_42282,0.015601052902638912,0.9823562502861023
TEST_42283,0.973407506942749,0.11206807941198349
TEST_42284,0.015618241392076015,0.9595667123794556
TEST_42285,0.004878210369497538,0.935625433921814
TEST_42286,0.0002144497266272083,0.9998975992202759
TEST_42287,0.006333470344543457,0.8748100996017456
TEST_42288,0.0004881378554273397,0.9999198913574219
TEST_42289,0.04174306243658066,0.931506872177124
TEST_42290,0.03910781070590019,0.9894815683364868
TEST_42291,0.03046349063515663,0.9918971657752991
TEST_42292,0.00337627693079412,0.9899997115135193
TEST_42293,0.0004016552120447159,0.9987726807594299
TEST_42294,0.0005891049513593316,0.9932990074157715
TEST_42295,0.4944961965084076,0.5305709838867188
TEST_42296,0.0006529715028591454,0.9994223117828369
TEST_42297,0.0236648116260767,0.5898619890213013
TEST_42298,0.03719617426395416,0.9976351261138916
TEST_42299,0.3103715479373932,0.9932767152786255
TEST_42300,0.0012984909117221832,0.9973394274711609
TEST_42301,0.009345950558781624,0.9970434308052063
TEST_42302,0.9964070916175842,0.9706296920776367
TEST_42303,0.01079810131341219,0.9919252991676331
TEST_42304,0.03664100170135498,0.9283015131950378
TEST_42305,0.037616658955812454,0.8520890474319458
TEST_42306,0.11421912163496017,0.6724346280097961
TEST_42307,0.021458031609654427,0.9494726657867432
TEST_42308,0.0006508373189717531,0.9825572371482849
TEST_42309,0.0036896630190312862,0.9982909560203552
TEST_42310,0.011381721124053001,0.9913693070411682
TEST_42311,0.7412152290344238,0.9672085046768188
TEST_42312,0.0036811120808124542,0.9990443587303162
TEST_42313,0.006404440384358168,0.9972500205039978
TEST_42314,0.17039437592029572,0.9455887675285339
TEST_42315,0.028356032446026802,0.8227226138114929
TEST_42316,0.0029587591998279095,0.8923646807670593
TEST_42317,0.7753573060035706,0.6882429718971252
TEST_42318,0.03412453457713127,0.908109188079834
TEST_42319,0.002122132806107402,0.9990001320838928
TEST_42320,0.9996494054794312,0.3955119848251343
TEST_42321,0.9988603591918945,0.11597905308008194
TEST_42322,0.1310502141714096,0.9124249815940857
TEST_42323,0.8052390813827515,0.9435193538665771
TEST_42324,0.02243643067777157,0.9884054660797119
TEST_42325,0.7155756950378418,0.022641878575086594
TEST_42326,0.019971245899796486,0.9797716736793518
TEST_42327,0.8726509809494019,0.9854845404624939
TEST_42328,0.04345356673002243,0.9955599308013916
TEST_42329,0.07753235101699829,0.7980655431747437
TEST_42330,0.00805698987096548,0.9554768204689026
TEST_42331,0.03177773579955101,0.9231991171836853
TEST_42332,0.14603066444396973,0.6675112843513489
TEST_42333,0.15301594138145447,0.22489230334758759
TEST_42334,0.2649379074573517,0.9368118643760681
TEST_42335,0.014995874837040901,0.9955124258995056
TEST_42336,0.5941587090492249,0.7203287482261658
TEST_42337,0.06165514141321182,0.9650049805641174
TEST_42338,0.2459719032049179,0.7840184569358826
TEST_42339,0.013460819609463215,0.9963280558586121
TEST_42340,0.002027132548391819,0.9982452392578125
TEST_42341,0.004349898546934128,0.995213508605957
TEST_42342,0.0009295727359130979,0.9968253374099731
TEST_42343,3.265163741161814e-06,0.9999934434890747
TEST_42344,0.0016007226658985019,0.999112069606781
TEST_42345,0.0020303260535001755,0.9968580007553101
TEST_42346,0.01824881322681904,0.9996768236160278
TEST_42347,0.03647463023662567,0.93086177110672
TEST_42348,0.09064175933599472,0.8584275245666504
TEST_42349,0.003126816125586629,0.9997413754463196
TEST_42350,0.056660354137420654,0.9256985187530518
TEST_42351,0.037444669753313065,0.6683784127235413
TEST_42352,0.038523584604263306,0.9530070424079895
TEST_42353,0.07688885182142258,0.8919609189033508
TEST_42354,0.0086972676217556,0.9995170831680298
TEST_42355,0.025730837136507034,0.6353287696838379
TEST_42356,0.14465156197547913,0.8391669392585754
TEST_42357,0.028796972706913948,0.988704264163971
TEST_42358,0.003737685037776828,0.9769576787948608
TEST_42359,0.05872337147593498,0.963620662689209
TEST_42360,0.0006558832246810198,0.9997379183769226
TEST_42361,0.9794526100158691,0.852759599685669
TEST_42362,0.11031685024499893,0.9974983334541321
TEST_42363,0.03305667266249657,0.9983256459236145
TEST_42364,0.007840747013688087,0.9988559484481812
TEST_42365,0.12007873505353928,0.9979984164237976
TEST_42366,0.002979852259159088,0.9997103810310364
TEST_42367,0.17719204723834991,0.8064148426055908
TEST_42368,0.44081106781959534,0.15184961259365082
TEST_42369,0.23033416271209717,0.1947363317012787
TEST_42370,0.0023372287396341562,0.9949244260787964
TEST_42371,0.959828794002533,0.2395114004611969
TEST_42372,0.19881218671798706,0.9877612590789795
TEST_42373,0.1243046373128891,0.8101749420166016
TEST_42374,0.9578355550765991,0.05825481936335564
TEST_42375,0.005633814260363579,0.9866309762001038
TEST_42376,0.22992496192455292,0.9937357902526855
TEST_42377,0.0019482438219711185,0.9814136028289795
TEST_42378,0.020368538796901703,0.996978759765625
TEST_42379,0.07800419628620148,0.9739709496498108
TEST_42380,0.008888204582035542,0.9929057359695435
TEST_42381,0.0015458969864994287,0.9999595880508423
TEST_42382,0.0016115008620545268,0.9247949719429016
TEST_42383,0.9999877214431763,0.00018080761947203428
TEST_42384,0.006021067500114441,0.9942734837532043
TEST_42385,0.19666801393032074,0.9211554527282715
TEST_42386,0.22072277963161469,0.5592103004455566
TEST_42387,0.29928314685821533,0.23687013983726501
TEST_42388,0.0994369238615036,0.7811018824577332
TEST_42389,0.0268669743090868,0.9943256974220276
TEST_42390,0.010922647081315517,0.9910120964050293
TEST_42391,0.029485998675227165,0.9919043183326721
TEST_42392,0.0002945049782283604,0.9827783703804016
TEST_42393,0.04724029079079628,0.8809464573860168
TEST_42394,0.08156196027994156,0.9202182292938232
TEST_42395,0.9175881147384644,0.021129896864295006
TEST_42396,0.02330738678574562,0.959160566329956
TEST_42397,0.007901507429778576,0.9963682889938354
TEST_42398,0.0007712325896136463,0.9954749941825867
TEST_42399,0.002330161165446043,0.9786049127578735
TEST_42400,0.5559946894645691,0.7457259893417358
TEST_42401,0.37955257296562195,0.9249197840690613
TEST_42402,0.9997835755348206,0.07957427203655243
TEST_42403,0.024858413264155388,0.9957785606384277
TEST_42404,0.21349883079528809,0.6470710039138794
TEST_42405,0.0006682624225504696,0.9984993934631348
TEST_42406,0.002448001876473427,0.9926026463508606
TEST_42407,0.004311749245971441,0.9241772294044495
TEST_42408,0.0010524261742830276,0.9987813830375671
TEST_42409,0.6006547212600708,0.9776051640510559
TEST_42410,0.9999994039535522,8.462563982902793e-08
TEST_42411,0.04816601052880287,0.830790638923645
TEST_42412,0.09004390984773636,0.9005557298660278
TEST_42413,0.14842480421066284,0.987070620059967
TEST_42414,0.09465436637401581,0.5639997124671936
TEST_42415,0.01236926019191742,0.960999071598053
TEST_42416,0.008303326554596424,0.9301942586898804
TEST_42417,0.012243523262441158,0.991543173789978
TEST_42418,0.006335336249321699,0.9923644065856934
TEST_42419,0.00041395568405278027,0.9997538924217224
TEST_42420,0.02280041016638279,0.9824092388153076
TEST_42421,0.0011054129572585225,0.9972459077835083
TEST_42422,0.0024778281804174185,0.997019350528717
TEST_42423,0.0005348765989765525,0.9987585544586182
TEST_42424,0.009313065558671951,0.9408345818519592
TEST_42425,0.07524064183235168,0.9109667539596558
TEST_42426,0.10115828365087509,0.9406452178955078
TEST_42427,0.0011225823545828462,0.9984471201896667
TEST_42428,0.007867306470870972,0.9985553622245789
TEST_42429,0.03170052915811539,0.9701158404350281
TEST_42430,0.004463665187358856,0.9984555244445801
TEST_42431,0.0077986940741539,0.9934388995170593
TEST_42432,0.028152426704764366,0.9918540716171265
TEST_42433,0.009697283618152142,0.9855979084968567
TEST_42434,0.002912754425778985,0.9994300007820129
TEST_42435,0.00811046827584505,0.9898337125778198
TEST_42436,0.8333268165588379,0.28357961773872375
TEST_42437,0.20403170585632324,0.9954304695129395
TEST_42438,0.009625262580811977,0.9830705523490906
TEST_42439,0.023157240822911263,0.9991751313209534
TEST_42440,0.00642726244404912,0.9550556540489197
TEST_42441,0.0433523990213871,0.9961217045783997
TEST_42442,0.072303906083107,0.9993396401405334
TEST_42443,0.0034006661735475063,0.9906754493713379
TEST_42444,0.0328194722533226,0.9074556231498718
TEST_42445,0.047387585043907166,0.8991847634315491
TEST_42446,0.1121215745806694,0.9808886647224426
TEST_42447,0.02050248719751835,0.8543198108673096
TEST_42448,0.011929867789149284,0.9681317806243896
TEST_42449,0.0010450751287862659,0.9831041097640991
TEST_42450,0.9970245957374573,0.21565870940685272
TEST_42451,0.4748651683330536,0.4111354947090149
TEST_42452,0.015247662551701069,0.976387619972229
TEST_42453,0.005923929624259472,0.9968085885047913
TEST_42454,0.697217583656311,0.8892241716384888
TEST_42455,0.02287067286670208,0.9991771578788757
TEST_42456,0.0018320968374609947,0.9927230477333069
TEST_42457,0.016436848789453506,0.8733890056610107
TEST_42458,0.16232874989509583,0.9896793365478516
TEST_42459,0.027752012014389038,0.9440447688102722
TEST_42460,0.0012170190457254648,0.9974657297134399
TEST_42461,0.029615996405482292,0.9842838048934937
TEST_42462,0.1190858855843544,0.8139666318893433
TEST_42463,0.0895652025938034,0.9301896095275879
TEST_42464,0.03707466647028923,0.8715314865112305
TEST_42465,0.0384172648191452,0.895839512348175
TEST_42466,0.016889676451683044,0.9984431862831116
TEST_42467,0.048126012086868286,0.9736261367797852
TEST_42468,0.013616140000522137,0.9837072491645813
TEST_42469,0.1607552021741867,0.9754320979118347
TEST_42470,0.19302800297737122,0.9678263664245605
TEST_42471,0.8580377697944641,0.07657057046890259
TEST_42472,0.9990988969802856,0.023361865431070328
TEST_42473,0.005008523352444172,0.9786224961280823
TEST_42474,0.004789347294718027,0.9868941307067871
TEST_42475,0.0036679264158010483,0.9687953591346741
TEST_42476,0.07095742970705032,0.8985971212387085
TEST_42477,0.001613585976883769,0.9881664514541626
TEST_42478,0.006929198745638132,0.9842048287391663
TEST_42479,0.0020120993722230196,0.9965201616287231
TEST_42480,0.009344503283500671,0.9998735189437866
TEST_42481,0.030755549669265747,0.9191537499427795
TEST_42482,0.033739056438207626,0.9941275119781494
TEST_42483,0.04520949721336365,0.9876573085784912
TEST_42484,0.03592338785529137,0.9028623700141907
TEST_42485,0.06782668828964233,0.9718512296676636
TEST_42486,0.5471192002296448,0.5149725675582886
TEST_42487,0.02990814484655857,0.9983301758766174
TEST_42488,0.0048302216455340385,0.9655044674873352
TEST_42489,0.00030193504062481225,0.9995998740196228
TEST_42490,0.009771022945642471,0.9748317003250122
TEST_42491,0.005069325678050518,0.9984253644943237
TEST_42492,0.005930270999670029,0.9915810227394104
TEST_42493,0.0027146690990775824,0.9990641474723816
TEST_42494,0.012990577146410942,0.9398112893104553
TEST_42495,0.15694579482078552,0.23330727219581604
TEST_42496,0.6247494220733643,0.6141375303268433
TEST_42497,0.36775970458984375,0.8302819132804871
TEST_42498,0.2382241189479828,0.970661461353302
TEST_42499,0.0015747793950140476,0.9984570741653442
TEST_42500,0.6749113202095032,0.1902182251214981
TEST_42501,0.007183972746133804,0.9994654059410095
TEST_42502,0.11886733770370483,0.8792519569396973
TEST_42503,0.012277460657060146,0.670988142490387
TEST_42504,0.05311483517289162,0.8937996029853821
TEST_42505,0.2770462930202484,0.7602443695068359
TEST_42506,0.024964148178696632,0.9669573307037354
TEST_42507,0.013835116289556026,0.997215747833252
TEST_42508,0.19696055352687836,0.9142711758613586
TEST_42509,0.13320252299308777,0.8161405324935913
TEST_42510,0.06901241838932037,0.9285128712654114
TEST_42511,0.0069833965972065926,0.9991015195846558
TEST_42512,0.004879338201135397,0.9919859170913696
TEST_42513,0.0017484272830188274,0.999134361743927
TEST_42514,0.0199771448969841,0.9680440425872803
TEST_42515,0.12282972782850266,0.9816944003105164
TEST_42516,0.07455472648143768,0.9575592875480652
TEST_42517,0.3206149637699127,0.9888417720794678
TEST_42518,0.008666218258440495,0.5404130220413208
TEST_42519,0.0059753293171525,0.9996178150177002
TEST_42520,0.045943014323711395,0.971992015838623
TEST_42521,0.00291144335642457,0.9601282477378845
TEST_42522,0.011415819637477398,0.9988968372344971
TEST_42523,0.041393306106328964,0.8851875066757202
TEST_42524,0.004902536049485207,0.9847977757453918
TEST_42525,0.0183201115578413,0.989433228969574
TEST_42526,0.0652598887681961,0.8605286478996277
TEST_42527,0.0545877106487751,0.9873773455619812
TEST_42528,0.8565914034843445,0.5286418199539185
TEST_42529,0.042176760733127594,0.9526469707489014
TEST_42530,0.0013920333003625274,0.9956951141357422
TEST_42531,0.002092586364597082,0.9393516778945923
TEST_42532,0.0011295477161183953,0.996901273727417
TEST_42533,0.056568440049886703,0.9766969680786133
TEST_42534,0.9777109026908875,0.9411952495574951
TEST_42535,3.8809081161161885e-05,0.9999963045120239
TEST_42536,0.0005589869688265026,0.9996744394302368
TEST_42537,0.6851768493652344,0.7484363913536072
TEST_42538,0.0010156371863558888,0.9984214305877686
TEST_42539,0.01012809295207262,0.9970682263374329
TEST_42540,0.11679548770189285,0.9907453060150146
TEST_42541,0.0019309011986479163,0.9960436820983887
TEST_42542,6.74783150316216e-05,0.9994458556175232
TEST_42543,0.03065994195640087,0.9762762784957886
TEST_42544,0.029652701690793037,0.9617031812667847
TEST_42545,0.009502910077571869,0.9784971475601196
TEST_42546,0.02584303356707096,0.9354152083396912
TEST_42547,0.046663422137498856,0.8573002219200134
TEST_42548,0.011426333338022232,0.9812310338020325
TEST_42549,0.017664069309830666,0.9964118599891663
TEST_42550,0.008968777023255825,0.9975097179412842
TEST_42551,0.03293753042817116,0.9706647396087646
TEST_42552,0.012805418111383915,0.9995360374450684
TEST_42553,0.0007315539405681193,0.9978705644607544
TEST_42554,0.03142980486154556,0.9945996999740601
TEST_42555,0.8667463064193726,0.6907635927200317
TEST_42556,0.0017313301796093583,0.9889569878578186
TEST_42557,0.009803432039916515,0.9860380291938782
TEST_42558,0.00016532582230865955,0.9953138828277588
TEST_42559,0.00814127642661333,0.989365816116333
TEST_42560,0.005266282241791487,0.9952014684677124
TEST_42561,0.1542178839445114,0.043882496654987335
TEST_42562,0.008847568184137344,0.987280547618866
TEST_42563,0.07846779376268387,0.9904575347900391
TEST_42564,0.027691997587680817,0.9005733132362366
TEST_42565,0.33892855048179626,0.9867889285087585
TEST_42566,0.010912786237895489,0.953460156917572
TEST_42567,0.0008440923411399126,0.9953328967094421
TEST_42568,0.015228492207825184,0.9044448137283325
TEST_42569,0.0010019910987466574,0.9983372688293457
TEST_42570,0.06139072775840759,0.9002434611320496
TEST_42571,0.07623238116502762,0.9890739321708679
TEST_42572,0.03058716654777527,0.9447792172431946
TEST_42573,0.0001218949691974558,0.9997268319129944
TEST_42574,0.0009103405755013227,0.9949670433998108
TEST_42575,0.022997649386525154,0.9559645652770996
TEST_42576,0.535682201385498,0.060074642300605774
TEST_42577,0.0006900503649376333,0.9991024732589722
TEST_42578,0.019074857234954834,0.9511760473251343
TEST_42579,0.005492831580340862,0.9834717512130737
TEST_42580,0.044728826731443405,0.9612951874732971
TEST_42581,0.020529121160507202,0.6392555832862854
TEST_42582,0.010251243598759174,0.9731278419494629
TEST_42583,0.017673496156930923,0.978066086769104
TEST_42584,0.002595273545011878,0.9874593019485474
TEST_42585,0.2530120611190796,0.6454757452011108
TEST_42586,0.03070210851728916,0.5193029642105103
TEST_42587,0.009704796597361565,0.993362307548523
TEST_42588,0.007570987101644278,0.9981943964958191
TEST_42589,0.05135781317949295,0.9678749442100525
TEST_42590,0.005951517261564732,0.934999406337738
TEST_42591,0.02430572547018528,0.9676652550697327
TEST_42592,0.0655965656042099,0.9552696943283081
TEST_42593,0.004160318989306688,0.9979649782180786
TEST_42594,0.001851581851951778,0.9975814819335938
TEST_42595,0.008190907537937164,0.9904961585998535
TEST_42596,0.004106341395527124,0.9819568395614624
TEST_42597,0.016847480088472366,0.978175699710846
TEST_42598,0.026624329388141632,0.9938445091247559
TEST_42599,0.00840456411242485,0.9936977028846741
TEST_42600,0.0006965213688090444,0.9999991655349731
TEST_42601,0.0008420166559517384,0.9987346529960632
TEST_42602,0.009404133073985577,0.9712772369384766
TEST_42603,0.0008459241944365203,0.9940462112426758
TEST_42604,0.03842732310295105,0.9994909763336182
TEST_42605,0.038229119032621384,0.9938241243362427
TEST_42606,0.001007630955427885,0.9920320510864258
TEST_42607,0.010421046987175941,0.9996832609176636
TEST_42608,0.12340212613344193,0.8742587566375732
TEST_42609,0.005804889835417271,0.9971832633018494
TEST_42610,0.008475936017930508,0.937456488609314
TEST_42611,0.007583008613437414,0.9591194987297058
TEST_42612,0.006507434882223606,0.9977402687072754
TEST_42613,0.039114441722631454,0.9707523584365845
TEST_42614,0.01567145064473152,0.9621837735176086
TEST_42615,0.01273748092353344,0.9910954236984253
TEST_42616,0.008898437954485416,0.9805290102958679
TEST_42617,0.0352550633251667,0.9978511333465576
TEST_42618,0.04430120438337326,0.9254058599472046
TEST_42619,0.0025421942118555307,0.9961662292480469
TEST_42620,0.9515681266784668,0.820343017578125
TEST_42621,0.9946553707122803,0.16471150517463684
TEST_42622,0.4839300513267517,0.8390401005744934
TEST_42623,0.013913691975176334,0.9986991882324219
TEST_42624,0.010948196053504944,0.946861743927002
TEST_42625,0.002117966767400503,0.9936564564704895
TEST_42626,0.16038987040519714,0.9669662117958069
TEST_42627,0.0023846160620450974,0.9977021813392639
TEST_42628,0.014385872520506382,0.9460595846176147
TEST_42629,0.03640616312623024,0.9935594797134399
TEST_42630,0.002337624551728368,0.9884507656097412
TEST_42631,4.294625614420511e-05,0.9998303651809692
TEST_42632,0.029097428545355797,0.8853722214698792
TEST_42633,0.0011120701674371958,0.9999467134475708
TEST_42634,0.0012299357913434505,0.9984567165374756
TEST_42635,0.021395567804574966,0.9789323210716248
TEST_42636,0.00918933842331171,0.9629687666893005
TEST_42637,0.01258153561502695,0.8818354606628418
TEST_42638,0.20839880406856537,0.9984138011932373
TEST_42639,0.02946477383375168,0.9873807430267334
TEST_42640,0.9999688863754272,0.0005196294514462352
TEST_42641,0.08026152849197388,0.9763937592506409
TEST_42642,0.00017123192083090544,0.9992896318435669
TEST_42643,0.006628237199038267,0.9986251592636108
TEST_42644,0.6075419187545776,0.9466018676757812
TEST_42645,0.003155318321660161,0.9994409680366516
TEST_42646,0.08848588913679123,0.8874652981758118
TEST_42647,0.11885346472263336,0.8710994720458984
TEST_42648,0.02894757129251957,0.9022197127342224
TEST_42649,0.47799909114837646,0.11344029754400253
TEST_42650,0.0510854609310627,0.988413393497467
TEST_42651,0.5210939049720764,0.6740800738334656
TEST_42652,0.010085739195346832,0.9978273510932922
TEST_42653,0.006056405603885651,0.8869712948799133
TEST_42654,0.05655907094478607,0.9918505549430847
TEST_42655,0.002986881649121642,0.9826054573059082
TEST_42656,0.030369507148861885,0.9176462292671204
TEST_42657,0.031551260501146317,0.38245490193367004
TEST_42658,0.9917327165603638,0.48779502511024475
TEST_42659,0.12051830440759659,0.3676857650279999
TEST_42660,0.07074099779129028,0.9491473436355591
TEST_42661,0.6268954873085022,0.8712453246116638
TEST_42662,0.009439914487302303,0.8201563358306885
TEST_42663,0.0045224688947200775,0.996406614780426
TEST_42664,0.01723768748342991,0.9921771883964539
TEST_42665,0.3461376130580902,0.8902978301048279
TEST_42666,0.0015173034043982625,0.9998528957366943
TEST_42667,0.002566760405898094,0.9894418716430664
TEST_42668,0.07425417751073837,0.9534812569618225
TEST_42669,0.028900722041726112,0.9997062087059021
TEST_42670,0.053216028958559036,0.9031842350959778
TEST_42671,0.005543554201722145,0.9730673432350159
TEST_42672,0.00335102085955441,0.9995158910751343
TEST_42673,0.0018274436006322503,0.9598454833030701
TEST_42674,0.13570718467235565,0.9210337996482849
TEST_42675,0.0004916171310469508,0.9925941824913025
TEST_42676,0.9557426571846008,0.18073256313800812
TEST_42677,0.00827085878700018,0.9711889028549194
TEST_42678,0.08184916526079178,0.9061937928199768
TEST_42679,0.019750777631998062,0.9492279887199402
TEST_42680,0.006373358890414238,0.975961446762085
TEST_42681,0.007932048290967941,0.945987343788147
TEST_42682,0.010110491886734962,0.997397780418396
TEST_42683,0.8761268854141235,0.14540334045886993
TEST_42684,0.009709823876619339,0.9992009997367859
TEST_42685,0.006731269881129265,0.9701377153396606
TEST_42686,0.0022880069445818663,0.9893236756324768
TEST_42687,0.0797034502029419,0.8518459796905518
TEST_42688,0.2873994708061218,0.8757525682449341
TEST_42689,0.00595580181106925,0.5902293920516968
TEST_42690,0.005910914856940508,0.946078896522522
TEST_42691,0.05155884101986885,0.9457072615623474
TEST_42692,0.2017277330160141,0.9065361618995667
TEST_42693,0.017902884632349014,0.9563329219818115
TEST_42694,0.03753272071480751,0.9956998825073242
TEST_42695,0.6470665335655212,0.891469419002533
TEST_42696,0.008905190974473953,0.9936649799346924
TEST_42697,0.0008052272023633122,0.9895226359367371
TEST_42698,0.0004362491599749774,0.9998979568481445
TEST_42699,0.1749136596918106,0.2809053957462311
TEST_42700,0.00924661848694086,0.9957820177078247
TEST_42701,0.0352897047996521,0.9866655468940735
TEST_42702,0.014819655567407608,0.8673020601272583
TEST_42703,0.00017736945301294327,0.9996744394302368
TEST_42704,0.0013016881421208382,0.9961250424385071
TEST_42705,0.028730999678373337,0.8962194919586182
TEST_42706,0.09549607336521149,0.638291597366333
TEST_42707,0.030790401622653008,0.9862812161445618
TEST_42708,0.022068416699767113,0.9739478826522827
TEST_42709,0.8283140659332275,0.9773784875869751
TEST_42710,0.0010827931109815836,0.9988252520561218
TEST_42711,0.08497635275125504,0.7888910174369812
TEST_42712,0.013874337077140808,0.9834697842597961
TEST_42713,0.0013400791212916374,0.9998713731765747
TEST_42714,0.0280156172811985,0.9504750967025757
TEST_42715,0.030625183135271072,0.9896429181098938
TEST_42716,0.7730033993721008,0.0035573451314121485
TEST_42717,0.0026555031072348356,0.9982168078422546
TEST_42718,0.0036871975753456354,0.9933778643608093
TEST_42719,0.0030687644612044096,0.9990814924240112
TEST_42720,0.0008868871373124421,0.9967595934867859
TEST_42721,0.9883163571357727,0.662921667098999
TEST_42722,0.002293748315423727,0.9972530007362366
TEST_42723,0.019821081310510635,0.9971297383308411
TEST_42724,0.8515299558639526,0.7101327776908875
TEST_42725,0.2224203646183014,0.2945500612258911
TEST_42726,0.0013240283587947488,0.994890570640564
TEST_42727,0.7951480150222778,0.9435756206512451
TEST_42728,0.29935207962989807,0.9546493887901306
TEST_42729,0.03412409499287605,0.9477139711380005
TEST_42730,0.0006862394511699677,0.9999133348464966
TEST_42731,0.021328728646039963,0.9971664547920227
TEST_42732,0.05842793360352516,0.8435910940170288
TEST_42733,0.2981497347354889,0.912348747253418
TEST_42734,0.2383899837732315,0.9745131134986877
TEST_42735,0.26862040162086487,0.37832555174827576
TEST_42736,0.00035961595131084323,0.9998562335968018
TEST_42737,0.005266841966658831,0.9528041481971741
TEST_42738,0.14615367352962494,0.8576724529266357
TEST_42739,0.04365607723593712,0.9503031373023987
TEST_42740,0.014219551347196102,0.9887052178382874
TEST_42741,0.00033989117946475744,0.9956197142601013
TEST_42742,0.007283141370862722,0.9883246421813965
TEST_42743,0.0053527397103607655,0.9983587861061096
TEST_42744,0.001248584478162229,0.9995477795600891
TEST_42745,0.014824766665697098,0.96440589427948
TEST_42746,0.003977807238698006,0.9256066083908081
TEST_42747,0.005426240619271994,0.9978984594345093
TEST_42748,0.0003201975196134299,0.9997218251228333
TEST_42749,0.0018549168016761541,0.9973059892654419
TEST_42750,0.16732393205165863,0.8697916269302368
TEST_42751,0.022845035418868065,0.912886381149292
TEST_42752,0.8586111664772034,0.7890743017196655
TEST_42753,0.000812986574601382,0.9959157109260559
TEST_42754,0.9231396913528442,0.6979892253875732
TEST_42755,0.04645182192325592,0.8755851984024048
TEST_42756,0.006643626373261213,0.9665263891220093
TEST_42757,0.0029873475432395935,0.9995716214179993
TEST_42758,0.007456736173480749,0.9944366216659546
TEST_42759,0.0019609222654253244,0.9868704676628113
TEST_42760,0.0005846137064509094,0.9974098801612854
TEST_42761,0.015768738463521004,0.9665452837944031
TEST_42762,0.035134442150592804,0.9304827451705933
TEST_42763,0.0012493744725361466,0.9966793060302734
TEST_42764,0.003411687444895506,0.994459867477417
TEST_42765,0.003248105524107814,0.9864768981933594
TEST_42766,0.07394588738679886,0.894059956073761
TEST_42767,0.019384201616048813,0.9403652548789978
TEST_42768,0.0837269201874733,0.912125825881958
TEST_42769,0.05147266015410423,0.9938289523124695
TEST_42770,0.0035023498348891735,0.9885697960853577
TEST_42771,0.00437116576358676,0.9930625557899475
TEST_42772,0.0901305302977562,0.981759786605835
TEST_42773,0.0009942036122083664,0.9864804148674011
TEST_42774,0.002474977634847164,0.9948705434799194
TEST_42775,0.008179627358913422,0.9975503087043762
TEST_42776,0.0031399030704051256,0.9985954165458679
TEST_42777,0.9935826659202576,0.2028142362833023
TEST_42778,0.011846386827528477,0.9850968718528748
TEST_42779,0.006054691504687071,0.9950163960456848
TEST_42780,0.024400655180215836,0.9924675822257996
TEST_42781,0.0056572952307760715,0.9915744662284851
TEST_42782,0.06367015093564987,0.9762198328971863
TEST_42783,0.008888636715710163,0.9278668165206909
TEST_42784,0.024542029947042465,0.9668720364570618
TEST_42785,0.2483944296836853,0.9782009124755859
TEST_42786,0.006531837861984968,0.9938353300094604
TEST_42787,0.015388972125947475,0.7347251772880554
TEST_42788,0.003518608631566167,0.9993442893028259
TEST_42789,0.04069117456674576,0.8738884329795837
TEST_42790,0.044668324291706085,0.818187415599823
TEST_42791,0.26238876581192017,0.9627551436424255
TEST_42792,0.016991179436445236,0.9912523627281189
TEST_42793,0.5245292782783508,0.13542518019676208
TEST_42794,0.0019167535938322544,0.9807737469673157
TEST_42795,0.008634691126644611,0.9999998807907104
TEST_42796,0.07876169681549072,0.8402675986289978
TEST_42797,0.10389485955238342,0.9307553172111511
TEST_42798,0.0271138958632946,0.3293965458869934
TEST_42799,0.0036894003860652447,0.9840840697288513
TEST_42800,0.0040781088173389435,0.9913396239280701
TEST_42801,0.01756155677139759,0.9868157505989075
TEST_42802,0.0009465308394283056,0.9948577880859375
TEST_42803,0.01060147862881422,0.9976890087127686
TEST_42804,6.525310163851827e-05,0.9999855756759644
TEST_42805,0.1284739077091217,0.9747265577316284
TEST_42806,0.00043942590127699077,0.9989442229270935
TEST_42807,0.0007638958632014692,0.998426079750061
TEST_42808,0.006530204322189093,0.9965588450431824
TEST_42809,0.0028068451210856438,0.9462727904319763
TEST_42810,0.05911721661686897,0.861171543598175
TEST_42811,0.010511038824915886,0.9950710535049438
TEST_42812,0.015434554778039455,0.9999197721481323
TEST_42813,0.00177279906347394,0.9999111890792847
TEST_42814,0.19317802786827087,0.9426074624061584
TEST_42815,0.0011314841685816646,0.9988916516304016
TEST_42816,0.04935917630791664,0.9981673955917358
TEST_42817,0.0008000878151506186,0.9997125267982483
TEST_42818,0.005501877516508102,0.9935778379440308
TEST_42819,0.021176736801862717,0.9836636781692505
TEST_42820,0.003427657065913081,0.9668163061141968
TEST_42821,0.00098469911608845,0.9973928928375244
TEST_42822,0.03698127344250679,0.9821443557739258
TEST_42823,0.0395328588783741,0.8754034638404846
TEST_42824,0.03946169093251228,0.9955155253410339
TEST_42825,0.01777247153222561,0.984850287437439
TEST_42826,0.059605661779642105,0.7158676385879517
TEST_42827,0.5875486135482788,0.9912042021751404
TEST_42828,0.01709984987974167,0.601642906665802
TEST_42829,0.0001621926494408399,0.9998363256454468
TEST_42830,0.002637092722579837,0.9975963234901428
TEST_42831,0.0013160118833184242,0.9995548129081726
TEST_42832,0.003113395068794489,0.9998669624328613
TEST_42833,0.004007591400295496,1.0
TEST_42834,0.008774272166192532,0.9950030446052551
TEST_42835,0.0008234727429226041,0.9983564019203186
TEST_42836,0.024716626852750778,0.9781670570373535
TEST_42837,0.001207149587571621,0.9997190833091736
TEST_42838,0.01547000091522932,0.9021835327148438
TEST_42839,0.010373715311288834,0.9494079351425171
TEST_42840,0.030741987749934196,0.8844664692878723
TEST_42841,0.04071425274014473,0.9372270107269287
TEST_42842,0.002172976965084672,0.9934782981872559
TEST_42843,0.0004016167367808521,0.9999172687530518
TEST_42844,0.08569563925266266,0.7321689128875732
TEST_42845,0.000985919963568449,0.9995218515396118
TEST_42846,0.8621354103088379,0.7987045049667358
TEST_42847,0.0502079501748085,0.8753615617752075
TEST_42848,0.027093464508652687,0.9924435019493103
TEST_42849,0.01486913114786148,0.9907166361808777
TEST_42850,0.001651938771829009,0.9981293082237244
TEST_42851,0.012404090724885464,0.871768057346344
TEST_42852,0.051232509315013885,0.6961783766746521
TEST_42853,0.012302280403673649,0.9732228517532349
TEST_42854,0.001299777184613049,0.9933165311813354
TEST_42855,0.7195309996604919,0.7709332704544067
TEST_42856,0.8248395323753357,0.918541431427002
TEST_42857,0.004022947978228331,0.9983686804771423
TEST_42858,0.013429953716695309,0.9570876359939575
TEST_42859,0.0011782762594521046,0.9994959831237793
TEST_42860,0.010988082736730576,0.9662521481513977
TEST_42861,0.049953196197748184,0.388001024723053
TEST_42862,0.9995716214179993,0.021835098043084145
TEST_42863,0.010760953649878502,0.9235617518424988
TEST_42864,0.07242228835821152,0.8853386044502258
TEST_42865,0.0012854371452704072,0.999382734298706
TEST_42866,0.005208488088101149,0.9985113739967346
TEST_42867,0.9994363188743591,0.34555643796920776
TEST_42868,0.0004076028417330235,0.9994956254959106
TEST_42869,0.023595305159687996,0.9564425945281982
TEST_42870,0.533057451248169,0.9798793792724609
TEST_42871,0.06214209273457527,0.9411680102348328
TEST_42872,0.9984014630317688,0.3251698911190033
TEST_42873,0.00537817133590579,0.9987289309501648
TEST_42874,0.7567586898803711,0.018309464678168297
TEST_42875,0.013835208490490913,0.998374342918396
TEST_42876,0.023340435698628426,0.981626033782959
TEST_42877,0.08739165216684341,0.9999971389770508
TEST_42878,0.08250854164361954,0.9783185720443726
TEST_42879,0.9786252379417419,0.5231736898422241
TEST_42880,0.015006662346422672,0.7547644972801208
TEST_42881,0.7539806962013245,0.3738043010234833
TEST_42882,0.012638437561690807,0.9810210466384888
TEST_42883,0.0673830434679985,0.9968348145484924
TEST_42884,0.5855575799942017,0.9715178608894348
TEST_42885,0.16907788813114166,0.8597451448440552
TEST_42886,0.040975991636514664,0.9970159530639648
TEST_42887,0.24014000594615936,0.8899464011192322
TEST_42888,0.0023004570975899696,0.9976673722267151
TEST_42889,0.006624571047723293,0.983707845211029
TEST_42890,0.003681664587929845,0.9949986934661865
TEST_42891,0.03283470869064331,0.9949988126754761
TEST_42892,0.09027809649705887,0.965904712677002
TEST_42893,0.03400374576449394,0.8755778074264526
TEST_42894,0.0008892221376299858,0.9990589022636414
TEST_42895,0.022303691133856773,0.9489426016807556
TEST_42896,0.08222950249910355,0.8406605124473572
TEST_42897,0.012386444956064224,0.9815163612365723
TEST_42898,0.04129158332943916,0.996903121471405
TEST_42899,0.007427398581057787,0.988917350769043
TEST_42900,0.006199211347848177,0.9584762454032898
TEST_42901,0.014079086482524872,0.9992144107818604
TEST_42902,0.013730737380683422,0.9995507597923279
TEST_42903,0.0032470482401549816,0.995371401309967
TEST_42904,0.6391568183898926,0.8298362493515015
TEST_42905,0.008136741816997528,0.9961118102073669
TEST_42906,0.20597434043884277,0.984331488609314
TEST_42907,0.014600246213376522,0.9331264495849609
TEST_42908,0.293612003326416,0.9371945261955261
TEST_42909,0.1989849954843521,0.9995255470275879
TEST_42910,0.10760948807001114,0.7939308881759644
TEST_42911,0.14878903329372406,0.49104753136634827
TEST_42912,0.991530179977417,0.8893302083015442
TEST_42913,0.020638972520828247,0.9998639822006226
TEST_42914,0.001086164265871048,0.9847479462623596
TEST_42915,0.010449223220348358,0.8540105223655701
TEST_42916,0.00712959561496973,0.9643524885177612
TEST_42917,0.0030904924497008324,0.9969896078109741
TEST_42918,0.12179671227931976,0.8685920238494873
TEST_42919,0.017172353342175484,0.9653691649436951
TEST_42920,0.5764650106430054,0.9580749273300171
TEST_42921,0.27388375997543335,0.8651649355888367
TEST_42922,0.007724419701844454,0.980127215385437
TEST_42923,0.0038623414002358913,0.9970318078994751
TEST_42924,0.1501457840204239,0.9410538673400879
TEST_42925,3.3201982319042145e-07,0.9999462366104126
TEST_42926,0.0023980296682566404,0.9968461394309998
TEST_42927,0.0006344682187773287,0.9990866184234619
TEST_42928,0.899271547794342,0.7917184233665466
TEST_42929,0.00840605515986681,0.9947401881217957
TEST_42930,0.07590363919734955,0.976173996925354
TEST_42931,0.006040758918970823,0.9818556904792786
TEST_42932,0.39787164330482483,0.7426888942718506
TEST_42933,0.07843296974897385,0.8939741253852844
TEST_42934,0.15595006942749023,0.6338865160942078
TEST_42935,0.005031358916312456,0.9751899242401123
TEST_42936,0.00047742543392814696,0.9566030502319336
TEST_42937,0.16811171174049377,0.8909875154495239
TEST_42938,0.03703715279698372,0.8850129842758179
TEST_42939,0.0057050553150475025,0.9986351132392883
TEST_42940,0.012340116314589977,0.8420984745025635
TEST_42941,0.009891954250633717,0.9674117565155029
TEST_42942,0.002360564423725009,0.9977068901062012
TEST_42943,0.018647264689207077,0.9904946088790894
TEST_42944,0.07418186962604523,0.9382137060165405
TEST_42945,0.0033203314524143934,0.9944100975990295
TEST_42946,0.04686762019991875,0.9571037888526917
TEST_42947,0.002493432257324457,0.9982158541679382
TEST_42948,0.027318432927131653,0.9976556301116943
TEST_42949,0.00010080807260237634,0.9999721050262451
TEST_42950,0.0030143933836370707,0.9985538125038147
TEST_42951,0.02891317568719387,0.9984110593795776
TEST_42952,0.03252432122826576,0.9696919322013855
TEST_42953,0.0008450737805105746,0.9992759823799133
TEST_42954,0.0018125828355550766,0.9940434098243713
TEST_42955,0.0017946783918887377,0.9990811347961426
TEST_42956,0.017505431547760963,0.8904736042022705
TEST_42957,0.010112491436302662,0.9986598491668701
TEST_42958,0.05199583247303963,0.9702757000923157
TEST_42959,0.05846649408340454,0.9905842542648315
TEST_42960,0.045577529817819595,0.982291579246521
TEST_42961,0.008146067149937153,0.9987277388572693
TEST_42962,0.03810090199112892,0.9775223731994629
TEST_42963,0.42433539032936096,0.987882137298584
TEST_42964,1.0,4.463129153009504e-05
TEST_42965,0.019632093608379364,0.8978710174560547
TEST_42966,0.0018111348617821932,0.9715299010276794
TEST_42967,0.010732666589319706,0.9718931317329407
TEST_42968,0.04877355694770813,0.7648144960403442
TEST_42969,0.06455352902412415,0.7267825603485107
TEST_42970,0.009579004719853401,0.9942662119865417
TEST_42971,0.0008347246912308037,0.9999983310699463
TEST_42972,0.022925039753317833,0.901539146900177
TEST_42973,0.001847420702688396,0.9980159997940063
TEST_42974,0.011993549764156342,0.9313944578170776
TEST_42975,0.005257137585431337,0.9885282516479492
TEST_42976,0.0462724007666111,0.9133079051971436
TEST_42977,0.013274573720991611,0.9934966564178467
TEST_42978,0.047459252178668976,0.980645477771759
TEST_42979,0.4342122972011566,0.47227558493614197
TEST_42980,0.6014706492424011,0.909287691116333
TEST_42981,0.011290145106613636,0.9991432428359985
TEST_42982,0.07300537079572678,0.8790737390518188
TEST_42983,0.006072564050555229,0.9994274377822876
TEST_42984,0.10034056752920151,0.9967458248138428
TEST_42985,0.0018986841896548867,0.9203512668609619
TEST_42986,0.9999842643737793,4.657604586100206e-05
TEST_42987,0.0011183683527633548,0.8936868906021118
TEST_42988,0.01477340143173933,0.9781489372253418
TEST_42989,0.04362568259239197,0.88112473487854
TEST_42990,0.011915802024304867,0.995627760887146
TEST_42991,0.3441091775894165,0.25741907954216003
TEST_42992,0.7597811222076416,0.7204563021659851
TEST_42993,0.2781425416469574,0.8819655179977417
TEST_42994,0.001215992379002273,0.9217584133148193
TEST_42995,0.03398313373327255,0.9591134786605835
TEST_42996,0.16727730631828308,0.6138867139816284
TEST_42997,0.012482985854148865,0.9771658182144165
TEST_42998,0.002884089481085539,0.997240424156189
TEST_42999,0.003251525340601802,0.9943779110908508
TEST_43000,0.0068780104629695415,0.9913047552108765
TEST_43001,0.001898681279271841,0.9969390630722046
TEST_43002,0.013513028621673584,0.9999655485153198
TEST_43003,0.0035593807697296143,0.9662550687789917
TEST_43004,0.3376285433769226,0.9535197615623474
TEST_43005,0.02011478692293167,0.9983186721801758
TEST_43006,0.0028137110639363527,0.996957540512085
TEST_43007,0.047959014773368835,0.9135950803756714
TEST_43008,0.0023976159282028675,0.9981289505958557
TEST_43009,0.008330817334353924,0.9935998916625977
TEST_43010,0.07182405143976212,0.9938641786575317
TEST_43011,0.10143905133008957,0.9516209363937378
TEST_43012,0.014940215274691582,0.9899778366088867
TEST_43013,0.983486533164978,0.13070131838321686
TEST_43014,0.043533679097890854,0.23444795608520508
TEST_43015,0.04044869542121887,0.9626094698905945
TEST_43016,0.17616061866283417,0.8658426403999329
TEST_43017,0.016943562775850296,0.9864873290061951
TEST_43018,0.12607763707637787,0.9804682731628418
TEST_43019,0.13258422911167145,0.8053802847862244
TEST_43020,0.012695418670773506,0.9311872720718384
TEST_43021,0.05962172523140907,0.9957311749458313
TEST_43022,0.0036307715345174074,0.9993669390678406
TEST_43023,0.021591639146208763,0.9171788692474365
TEST_43024,0.060622528195381165,0.9931672215461731
TEST_43025,0.0021963375620543957,0.9953248500823975
TEST_43026,0.99770587682724,0.017114875838160515
TEST_43027,0.09313429892063141,0.8311615586280823
TEST_43028,0.35046082735061646,0.6071900725364685
TEST_43029,0.060081832110881805,0.9898867011070251
TEST_43030,0.01769542321562767,0.9235977530479431
TEST_43031,0.3374079465866089,0.9797875881195068
TEST_43032,0.1637142449617386,0.9476978182792664
TEST_43033,0.007692748215049505,0.9975542426109314
TEST_43034,0.0009082980686798692,0.9994872808456421
TEST_43035,0.023492086678743362,0.9909297823905945
TEST_43036,0.27403679490089417,0.43741685152053833
TEST_43037,0.009187202900648117,0.9820974469184875
TEST_43038,0.006333112716674805,0.9929178357124329
TEST_43039,0.11192742735147476,0.9745182394981384
TEST_43040,0.02553979493677616,0.9952656030654907
TEST_43041,0.0008146321051754057,0.9900055527687073
TEST_43042,0.005626566242426634,0.9993915557861328
TEST_43043,0.9992436170578003,0.0006588870310224593
TEST_43044,0.008437719196081161,0.9990034699440002
TEST_43045,0.023573432117700577,0.9313990473747253
TEST_43046,0.03221200779080391,0.9983927607536316
TEST_43047,0.004943137522786856,0.9979442954063416
TEST_43048,0.02141067385673523,0.9207849502563477
TEST_43049,0.003758370876312256,0.9983459711074829
TEST_43050,0.022958537563681602,0.9247317910194397
TEST_43051,0.001495193224400282,0.9961373209953308
TEST_43052,0.007987892255187035,0.9988217949867249
TEST_43053,0.015595978125929832,0.9945766925811768
TEST_43054,0.0007292138179764152,0.9991986155509949
TEST_43055,0.0007133423932828009,0.9974550604820251
TEST_43056,0.04689805582165718,0.8658778071403503
TEST_43057,0.0015462774317711592,0.9981966614723206
TEST_43058,0.03865845501422882,0.9947881698608398
TEST_43059,0.0004580786044243723,0.9998390674591064
TEST_43060,0.023100268095731735,0.9220420122146606
TEST_43061,0.11968138068914413,0.6247512102127075
TEST_43062,0.03523297980427742,0.8050952553749084
TEST_43063,0.03966663405299187,0.8689553141593933
TEST_43064,0.5119927525520325,0.8806735277175903
TEST_43065,0.0019093552837148309,0.996300458908081
TEST_43066,0.04225565493106842,0.8861998319625854
TEST_43067,0.006707546766847372,0.9976246953010559
TEST_43068,0.0017198323039337993,0.9969871640205383
TEST_43069,0.016908103600144386,0.9685853719711304
TEST_43070,0.0012494362890720367,0.9688729047775269
TEST_43071,0.027110490947961807,0.10858291387557983
TEST_43072,0.41887393593788147,0.1518430858850479
TEST_43073,0.9472830295562744,0.009678819216787815
TEST_43074,0.0036343669053167105,0.9724903106689453
TEST_43075,0.04056853428483009,0.9837163686752319
TEST_43076,0.01381361111998558,0.9912091493606567
TEST_43077,0.014245488680899143,0.9976840019226074
TEST_43078,0.0037395143881440163,0.9996179342269897
TEST_43079,0.015172424726188183,0.999354898929596
TEST_43080,0.023110851645469666,0.9763802289962769
TEST_43081,0.03929261118173599,0.9953338503837585
TEST_43082,0.0009381946874782443,0.9957152009010315
TEST_43083,0.6378445029258728,0.9381636381149292
TEST_43084,0.00012552410771604627,0.9995158910751343
TEST_43085,0.27286913990974426,0.8683942556381226
TEST_43086,0.8277203440666199,0.016028042882680893
TEST_43087,0.00028613925678655505,0.9997397065162659
TEST_43088,0.03426877409219742,0.8642228245735168
TEST_43089,0.0147128039970994,0.9820765256881714
TEST_43090,0.9902892112731934,0.8950663805007935
TEST_43091,0.003281624289229512,0.9926500916481018
TEST_43092,0.010188322514295578,0.9991056323051453
TEST_43093,0.022774463519454002,0.5651630163192749
TEST_43094,0.25263622403144836,0.9883763194084167
TEST_43095,0.008962778374552727,0.9943840503692627
TEST_43096,0.03560331463813782,0.8821611404418945
TEST_43097,0.00932599138468504,0.9944607019424438
TEST_43098,0.019144320860505104,0.921661913394928
TEST_43099,0.5008983612060547,0.7664015293121338
TEST_43100,0.0005628839717246592,0.9950063228607178
TEST_43101,0.16098350286483765,0.9897257685661316
TEST_43102,0.04493502900004387,0.875190019607544
TEST_43103,0.944294810295105,0.021252915263175964
TEST_43104,0.050959520041942596,0.9665883183479309
TEST_43105,0.0020133100915700197,0.9983578324317932
TEST_43106,0.001252480549737811,0.9963678121566772
TEST_43107,0.01765391416847706,0.9489779472351074
TEST_43108,0.011694463901221752,0.8160701394081116
TEST_43109,0.013116746209561825,0.8496469259262085
TEST_43110,0.0031352767255157232,0.9998389482498169
TEST_43111,0.0008854272891767323,0.9999864101409912
TEST_43112,0.08366906642913818,0.8820133209228516
TEST_43113,0.03205281123518944,0.32557442784309387
TEST_43114,0.05629049241542816,0.9153292179107666
TEST_43115,0.015619605779647827,0.9973157048225403
TEST_43116,0.003018197836354375,0.9831987023353577
TEST_43117,0.28119176626205444,0.9667646288871765
TEST_43118,0.0036406919825822115,0.9940648674964905
TEST_43119,0.017862627282738686,0.9697892069816589
TEST_43120,0.014309026300907135,0.9980066418647766
TEST_43121,0.007558439392596483,0.9187508821487427
TEST_43122,0.18146558105945587,0.9763246774673462
TEST_43123,0.06061659753322601,0.8269051313400269
TEST_43124,0.003680080408230424,0.9945054650306702
TEST_43125,0.9820246696472168,0.2474716603755951
TEST_43126,0.009417084977030754,0.9931541681289673
TEST_43127,0.0988965630531311,0.9273456931114197
TEST_43128,0.0014896854991093278,0.9994508624076843
TEST_43129,0.008847731165587902,0.992395281791687
TEST_43130,0.0025905075017362833,0.8585173487663269
TEST_43131,0.016632307320833206,0.9876751899719238
TEST_43132,0.028342269361019135,0.9973955154418945
TEST_43133,0.016381574794650078,0.9802448749542236
TEST_43134,0.006974929478019476,0.9923796653747559
TEST_43135,0.004560512490570545,0.9997811913490295
TEST_43136,0.023858092725276947,0.9924977421760559
TEST_43137,0.04485367238521576,0.9694355130195618
TEST_43138,0.4604456126689911,0.9877601265907288
TEST_43139,0.0054445890709757805,0.9216336607933044
TEST_43140,0.10218314081430435,0.9819789528846741
TEST_43141,0.13003386557102203,0.9944332242012024
TEST_43142,0.00530090881511569,0.997079610824585
TEST_43143,0.040972113609313965,0.45389407873153687
TEST_43144,0.12614977359771729,0.9419032335281372
TEST_43145,0.11522866040468216,0.8310256600379944
TEST_43146,0.03279288113117218,0.9947064518928528
TEST_43147,0.013589441776275635,0.999671220779419
TEST_43148,0.028433121740818024,0.8687766790390015
TEST_43149,0.2574433386325836,0.9990328550338745
TEST_43150,0.003605540143325925,0.9107630848884583
TEST_43151,0.005258108023554087,0.9907224178314209
TEST_43152,0.9092757701873779,0.45306143164634705
TEST_43153,0.1378670185804367,0.8721531629562378
TEST_43154,0.3131769597530365,0.7941168546676636
TEST_43155,0.004738295916467905,0.9947625994682312
TEST_43156,0.9860434532165527,0.9259459972381592
TEST_43157,0.07239798456430435,0.46607449650764465
TEST_43158,0.002699491335079074,0.993187427520752
TEST_43159,0.0040978929027915,0.9980615973472595
TEST_43160,0.03359242156147957,0.9647144675254822
TEST_43161,0.0006108507513999939,0.9989030361175537
TEST_43162,0.007281983271241188,0.993055522441864
TEST_43163,0.06874589622020721,0.9772455096244812
TEST_43164,0.007567733991891146,0.7875964045524597
TEST_43165,0.37058448791503906,0.7285189032554626
TEST_43166,0.000229520708671771,0.9999263286590576
TEST_43167,0.004251432605087757,0.9647443890571594
TEST_43168,0.07985997200012207,0.8624953031539917
TEST_43169,0.011284264735877514,0.9965224266052246
TEST_43170,0.025456098839640617,0.9450440406799316
TEST_43171,0.36435285210609436,0.8336992263793945
TEST_43172,0.02017807774245739,0.9530505537986755
TEST_43173,0.0033281375654041767,0.9871893525123596
TEST_43174,0.0029908916912972927,0.9995716214179993
TEST_43175,0.6805821061134338,0.749980628490448
TEST_43176,0.1296023726463318,0.9955026507377625
TEST_43177,0.0037174834869802,0.9989136457443237
TEST_43178,0.9999090433120728,5.6439665058860555e-05
TEST_43179,0.012006077915430069,0.9826517105102539
TEST_43180,0.03508966788649559,0.15885308384895325
TEST_43181,0.014832193031907082,0.7315384149551392
TEST_43182,0.4083024561405182,0.28702908754348755
TEST_43183,0.00032565402216278017,0.9949421286582947
TEST_43184,0.02483023889362812,0.9958422780036926
TEST_43185,0.018473351374268532,0.9571874737739563
TEST_43186,0.03233197703957558,0.9975783228874207
TEST_43187,0.0034984047524631023,0.9804812073707581
TEST_43188,0.07406749576330185,0.9160287976264954
TEST_43189,0.04307074844837189,0.8098077178001404
TEST_43190,0.001571907545439899,0.9866787791252136
TEST_43191,0.8810030817985535,0.540226936340332
TEST_43192,0.0009348667808808386,0.9990422129631042
TEST_43193,0.0027745862025767565,0.9819274544715881
TEST_43194,0.004209606908261776,0.9826468825340271
TEST_43195,0.010325954295694828,0.9878842234611511
TEST_43196,0.0035105575807392597,0.9995452761650085
TEST_43197,0.05480459704995155,0.7315714359283447
TEST_43198,0.0016968917334452271,0.9516950845718384
TEST_43199,0.0035405061207711697,0.9942387342453003
TEST_43200,0.0030060389544814825,0.9636653661727905
TEST_43201,0.0098316241055727,0.999303936958313
TEST_43202,0.0018193402793258429,0.9882696866989136
TEST_43203,0.022158827632665634,0.9326180219650269
TEST_43204,0.002604403765872121,0.9899181723594666
TEST_43205,0.000867359631229192,0.9930441975593567
TEST_43206,0.015077152289450169,0.9698840975761414
TEST_43207,0.0006738982629030943,0.9936435222625732
TEST_43208,0.006433830596506596,0.9998107552528381
TEST_43209,0.02234872616827488,0.9790696501731873
TEST_43210,0.0039166295900940895,0.9913860559463501
TEST_43211,0.11518093198537827,0.8854350447654724
TEST_43212,0.09837143123149872,0.02219468727707863
TEST_43213,0.00455175805836916,0.9443260431289673
TEST_43214,0.12039323896169662,0.8485134840011597
TEST_43215,0.031240666285157204,0.8995174169540405
TEST_43216,0.0010108978021889925,0.9933567643165588
TEST_43217,0.04666462913155556,0.984874427318573
TEST_43218,0.006629811134189367,0.9629755616188049
TEST_43219,0.6514440178871155,0.8939258456230164
TEST_43220,0.04194314777851105,0.9669604301452637
TEST_43221,0.013182739727199078,0.9606828689575195
TEST_43222,0.00884928647428751,0.9894746541976929
TEST_43223,0.0010893812868744135,0.9935843348503113
TEST_43224,0.004697185941040516,0.9971283078193665
TEST_43225,0.010057139210402966,0.982602596282959
TEST_43226,0.9971221089363098,0.0024905886966735125
TEST_43227,0.045667003840208054,0.8939982056617737
TEST_43228,0.01261623203754425,0.9536129832267761
TEST_43229,0.0006303419941104949,0.9999760389328003
TEST_43230,0.00015642128710169345,0.999484658241272
TEST_43231,0.0011184083996340632,0.9810964465141296
TEST_43232,0.007076468784362078,0.9958575367927551
TEST_43233,0.8817153573036194,0.7438381910324097
TEST_43234,0.054532092064619064,0.8991996049880981
TEST_43235,0.001063586794771254,0.9993324875831604
TEST_43236,0.0010007575619965792,0.999510645866394
TEST_43237,0.5843018889427185,0.009490418247878551
TEST_43238,0.20554667711257935,0.9057026505470276
TEST_43239,0.005009430926293135,0.9835118651390076
TEST_43240,0.0010032572317868471,0.9988464117050171
TEST_43241,0.008961872197687626,0.9969493746757507
TEST_43242,0.0032124293502420187,0.9686138033866882
TEST_43243,0.0007161132525652647,0.9985235333442688
TEST_43244,5.462588433147175e-06,0.993245542049408
TEST_43245,0.9997707009315491,0.003552473848685622
TEST_43246,0.0017938850214704871,0.9970614314079285
TEST_43247,0.016090746968984604,0.9945324659347534
TEST_43248,0.006812908221036196,0.9993458390235901
TEST_43249,0.01799672469496727,0.9992648959159851
TEST_43250,0.046617358922958374,0.9448473453521729
TEST_43251,0.0647711530327797,0.9605907201766968
TEST_43252,0.049971867352724075,0.9109586477279663
TEST_43253,0.0018427663017064333,0.9995369911193848
TEST_43254,0.03518904745578766,0.9056816101074219
TEST_43255,0.0014251596294343472,0.998297393321991
TEST_43256,0.007930862717330456,0.996885359287262
TEST_43257,0.0002109862252837047,0.9997279047966003
TEST_43258,0.001904526143334806,0.9962069988250732
TEST_43259,0.02103012427687645,0.9896061420440674
TEST_43260,0.005782987456768751,0.9807975888252258
TEST_43261,0.9894077181816101,0.006155319511890411
TEST_43262,0.02960648573935032,0.9911585450172424
TEST_43263,0.02362934686243534,0.794069230556488
TEST_43264,0.8599129915237427,0.5135170817375183
TEST_43265,0.05079745873808861,0.8919856548309326
TEST_43266,0.046057213097810745,0.8835247159004211
TEST_43267,0.005153578240424395,0.7102648615837097
TEST_43268,0.00011680490570142865,0.9996250867843628
TEST_43269,0.15491309762001038,0.8325822353363037
TEST_43270,0.00667561823502183,0.9867783784866333
TEST_43271,0.007690655533224344,0.9919472336769104
TEST_43272,0.015334847383201122,0.9953482747077942
TEST_43273,0.011932667344808578,0.771720826625824
TEST_43274,0.0029150971677154303,0.9933057427406311
TEST_43275,0.023842912167310715,0.9888101816177368
TEST_43276,0.04565687105059624,0.8413195013999939
TEST_43277,0.00026418041670694947,0.9994907379150391
TEST_43278,0.9779863953590393,0.000977777410298586
TEST_43279,0.001998600782826543,0.8113276362419128
TEST_43280,0.997076153755188,0.00040517712477594614
TEST_43281,0.22697855532169342,0.698917031288147
TEST_43282,0.0027564254123717546,0.9917559623718262
TEST_43283,0.0024118367582559586,0.9997268319129944
TEST_43284,0.0012664347887039185,0.9996026158332825
TEST_43285,0.000397245108615607,0.9988025426864624
TEST_43286,0.4533501863479614,0.9735884070396423
TEST_43287,0.00011021235695807263,0.9999752044677734
TEST_43288,0.1947329193353653,0.9745168685913086
TEST_43289,0.08887889236211777,0.13653233647346497
TEST_43290,0.8953760266304016,0.8531972169876099
TEST_43291,0.006302578374743462,0.9774979948997498
TEST_43292,0.07952985167503357,0.5329858064651489
TEST_43293,0.016533751040697098,0.9780177474021912
TEST_43294,0.004197274334728718,0.9993569254875183
TEST_43295,0.018733715638518333,0.9760515689849854
TEST_43296,0.9976119995117188,0.09847009927034378
TEST_43297,0.22202233970165253,0.4128338098526001
TEST_43298,0.008873699232935905,0.9926232099533081
TEST_43299,0.000490238075144589,0.9997290968894958
TEST_43300,0.032647766172885895,0.9252685904502869
TEST_43301,0.0861811414361,0.479396253824234
TEST_43302,0.05592937022447586,0.9769935011863708
TEST_43303,0.07110582292079926,0.9675155878067017
TEST_43304,0.007390008773654699,0.9988973140716553
TEST_43305,0.0017167283222079277,0.9973190426826477
TEST_43306,0.0034959253389388323,0.999693751335144
TEST_43307,0.0019168758299201727,0.999943733215332
TEST_43308,0.02110297791659832,0.9807143807411194
TEST_43309,0.7015625238418579,0.8731618523597717
TEST_43310,0.01950632594525814,0.9947407841682434
TEST_43311,0.056208766996860504,0.9067262411117554
TEST_43312,0.05551595985889435,0.9161977171897888
TEST_43313,0.0422656312584877,0.84391188621521
TEST_43314,0.009433183819055557,0.988387405872345
TEST_43315,0.00809682346880436,0.8907570242881775
TEST_43316,0.7942408323287964,0.8257742524147034
TEST_43317,0.011472856625914574,0.9849194288253784
TEST_43318,0.00017428489809390157,0.9994522929191589
TEST_43319,0.054162874817848206,0.9173897504806519
TEST_43320,0.09093571454286575,0.9215648770332336
TEST_43321,0.0018610255792737007,0.9767407178878784
TEST_43322,0.01312424149364233,0.9998791217803955
TEST_43323,0.0011187407653778791,0.9475116729736328
TEST_43324,0.015105516649782658,0.9843711256980896
TEST_43325,6.213534652488306e-05,0.9998254179954529
TEST_43326,0.011361414566636086,0.9483640193939209
TEST_43327,0.009773335419595242,0.994768500328064
TEST_43328,0.0006159897893667221,0.9997381567955017
TEST_43329,0.6302667856216431,0.901603102684021
TEST_43330,0.0037597529590129852,0.944859504699707
TEST_43331,0.2089814692735672,0.7639685869216919
TEST_43332,1.570836866449099e-05,0.9999995231628418
TEST_43333,0.33256980776786804,0.9922926425933838
TEST_43334,0.07400189340114594,0.93687903881073
TEST_43335,0.9951022863388062,0.43653956055641174
TEST_43336,0.0007467360119335353,0.9849733114242554
TEST_43337,0.3034190833568573,0.8620340824127197
TEST_43338,0.0031940541230142117,0.9992096424102783
TEST_43339,0.003178042359650135,0.9899660348892212
TEST_43340,0.019561348482966423,0.9840832352638245
TEST_43341,0.9914935827255249,0.9975219368934631
TEST_43342,0.011095983907580376,0.9850091934204102
TEST_43343,0.004553642589598894,0.9983721375465393
TEST_43344,0.01601499877870083,0.08633758127689362
TEST_43345,0.30365225672721863,0.8907062411308289
TEST_43346,0.0055747260339558125,0.9452086091041565
TEST_43347,0.9859419465065002,0.006568663287907839
TEST_43348,0.023460647091269493,0.9594619274139404
TEST_43349,0.0403001494705677,0.972793459892273
TEST_43350,0.025793088600039482,0.9998723268508911
TEST_43351,0.0007452039862982929,0.9999579191207886
TEST_43352,0.03124961256980896,0.9258714914321899
TEST_43353,0.010635031387209892,0.9984748959541321
TEST_43354,0.0005607866332866251,0.9914228320121765
TEST_43355,0.019962497055530548,0.9349063634872437
TEST_43356,0.036158449947834015,0.8868550062179565
TEST_43357,0.011956647038459778,0.9913837909698486
TEST_43358,0.014722013846039772,0.9984114170074463
TEST_43359,0.04086460545659065,0.9736019372940063
TEST_43360,0.03437259793281555,0.9788852334022522
TEST_43361,0.0042346166446805,0.32882535457611084
TEST_43362,0.041869763284921646,0.9848308563232422
TEST_43363,0.9688735604286194,0.9828133583068848
TEST_43364,0.013709843158721924,0.9664150476455688
TEST_43365,0.0007209160248748958,0.9999047517776489
TEST_43366,0.015468228608369827,0.9720732569694519
TEST_43367,0.09401588886976242,0.4854067265987396
TEST_43368,0.022998595610260963,0.8532315492630005
TEST_43369,0.0007700836285948753,0.9990801811218262
TEST_43370,0.009955364279448986,0.9739113450050354
TEST_43371,0.23174245655536652,0.9457027912139893
TEST_43372,0.22382590174674988,0.923213541507721
TEST_43373,0.2858750820159912,0.9730671048164368
TEST_43374,0.04171115532517433,0.9977179765701294
TEST_43375,0.01891431026160717,0.9937132000923157
TEST_43376,0.026407411321997643,0.9601119756698608
TEST_43377,0.16976016759872437,0.9355123043060303
TEST_43378,0.04360365867614746,0.8062894344329834
TEST_43379,0.6635679602622986,0.8650396466255188
TEST_43380,0.35002148151397705,0.9305812120437622
TEST_43381,0.09047719836235046,0.9905816316604614
TEST_43382,0.03960561379790306,0.9937136769294739
TEST_43383,0.0076753366738557816,0.9725404977798462
TEST_43384,0.12938493490219116,0.9987217783927917
TEST_43385,0.3890096843242645,0.8521018028259277
TEST_43386,0.03187398239970207,0.9160318374633789
TEST_43387,0.02206188067793846,0.9389641284942627
TEST_43388,0.0015601456398144364,0.9541633129119873
TEST_43389,0.003216145094484091,0.9969670176506042
TEST_43390,0.3564269542694092,0.9809609651565552
TEST_43391,0.22543545067310333,0.9625582098960876
TEST_43392,0.0067699626088142395,0.8680194616317749
TEST_43393,0.0008245170465670526,0.9988118410110474
TEST_43394,0.026337848976254463,0.9864264726638794
TEST_43395,0.0218155886977911,0.7804926037788391
TEST_43396,0.0038671584334224463,0.9998346567153931
TEST_43397,0.3508206307888031,0.9848494529724121
TEST_43398,0.009878316894173622,0.9988062381744385
TEST_43399,0.025753702968358994,0.9868319034576416
TEST_43400,0.006015653256326914,0.9969556331634521
TEST_43401,0.001723269117064774,0.9722152948379517
TEST_43402,0.9474642872810364,0.7664299607276917
TEST_43403,0.02161121368408203,0.9995456337928772
TEST_43404,0.03207006677985191,0.9055961966514587
TEST_43405,0.023093780502676964,0.9953444600105286
TEST_43406,0.12010285258293152,0.8749476671218872
TEST_43407,0.7693459391593933,0.8314999341964722
TEST_43408,0.9999839067459106,0.00012838272959925234
TEST_43409,0.002620074898004532,0.9847974181175232
TEST_43410,0.00948556512594223,0.9187465310096741
TEST_43411,0.14477130770683289,0.9889266490936279
TEST_43412,0.029404286295175552,0.9632737636566162
TEST_43413,0.0065161376260221004,0.991561233997345
TEST_43414,0.052554093301296234,0.8805915117263794
TEST_43415,0.268805593252182,0.19585877656936646
TEST_43416,0.04809294268488884,0.9294101595878601
TEST_43417,0.044651590287685394,0.9810661673545837
TEST_43418,0.002097169868648052,0.9939530491828918
TEST_43419,0.05769911780953407,0.8543975949287415
TEST_43420,0.009436819702386856,0.9987608194351196
TEST_43421,0.0450717955827713,0.9947250485420227
TEST_43422,0.0631907656788826,0.8687265515327454
TEST_43423,0.0041057271882891655,0.9985013008117676
TEST_43424,0.0022244672290980816,0.9999977350234985
TEST_43425,0.13686372339725494,0.762605607509613
TEST_43426,0.003747438546270132,0.9994364380836487
TEST_43427,0.07199639081954956,0.9907984733581543
TEST_43428,0.0021904953755438328,0.9996969699859619
TEST_43429,0.002763850148767233,0.9834701418876648
TEST_43430,0.1235140785574913,0.9248671531677246
TEST_43431,0.0016007197555154562,0.9115657210350037
TEST_43432,0.010679607279598713,0.9899343848228455
TEST_43433,0.012769012711942196,0.9672563672065735
TEST_43434,0.034543268382549286,0.903253972530365
TEST_43435,0.0013103935634717345,0.9981927275657654
TEST_43436,0.999895453453064,0.0008671629475429654
TEST_43437,0.010579658672213554,0.9885453581809998
TEST_43438,0.0021666185930371284,0.9926086068153381
TEST_43439,0.03185116499662399,0.9039249420166016
TEST_43440,7.377284418907948e-06,0.9999808073043823
TEST_43441,0.008735704235732555,0.9371060729026794
TEST_43442,0.9986396431922913,0.003990157041698694
TEST_43443,0.0022786050103604794,0.9781873226165771
TEST_43444,0.9854414463043213,0.356920063495636
TEST_43445,0.025503316894173622,0.9885791540145874
TEST_43446,0.0826866403222084,0.4538630247116089
TEST_43447,0.9878144264221191,0.039868928492069244
TEST_43448,0.554719865322113,0.8848861455917358
TEST_43449,0.0412028469145298,0.96230149269104
TEST_43450,0.06372005492448807,0.8643990159034729
TEST_43451,0.01089882105588913,0.995858371257782
TEST_43452,0.019727470353245735,0.9806138277053833
TEST_43453,0.05610016733407974,0.9903497695922852
TEST_43454,0.997319757938385,0.0002459088573232293
TEST_43455,0.005672101862728596,0.9959765076637268
TEST_43456,0.0003336946538183838,0.9849855899810791
TEST_43457,0.00045575143303722143,0.9961534142494202
TEST_43458,0.0010462532518431544,0.9984208345413208
TEST_43459,0.9989456534385681,0.0013458417961373925
TEST_43460,0.010931004770100117,0.9994794726371765
TEST_43461,0.000554845726583153,0.9405572414398193
TEST_43462,0.04677075147628784,0.9173752069473267
TEST_43463,0.009432853199541569,0.99710613489151
TEST_43464,0.004271690733730793,0.8471442461013794
TEST_43465,0.9702135324478149,0.9608970284461975
TEST_43466,0.00830102153122425,0.9951411485671997
TEST_43467,0.001228198641911149,0.9982984662055969
TEST_43468,0.05687538534402847,0.9180359840393066
TEST_43469,0.041968006640672684,0.8602789044380188
TEST_43470,0.7559574842453003,0.9858457446098328
TEST_43471,0.001087392563931644,0.9996953010559082
TEST_43472,0.4387056827545166,0.0789216160774231
TEST_43473,0.13098418712615967,0.9873560070991516
TEST_43474,0.013883238658308983,0.9943723678588867
TEST_43475,0.025480933487415314,0.9868784546852112
TEST_43476,0.015161270275712013,0.9983726143836975
TEST_43477,0.055910009890794754,0.877457320690155
TEST_43478,0.0030234865844249725,0.9963220357894897
TEST_43479,0.037211861461400986,0.9949352145195007
TEST_43480,0.0073425620794296265,0.9231352210044861
TEST_43481,0.03991919755935669,0.9838203191757202
TEST_43482,0.005702988710254431,0.9877015948295593
TEST_43483,0.03230304643511772,0.9635577201843262
TEST_43484,0.12684299051761627,0.879231870174408
TEST_43485,0.07638128846883774,0.9195931553840637
TEST_43486,0.002444138750433922,0.9995290040969849
TEST_43487,0.06902902573347092,0.8661366701126099
TEST_43488,0.007375381421297789,0.9750828146934509
TEST_43489,0.0008855841588228941,0.9992105960845947
TEST_43490,0.03215697780251503,0.921560525894165
TEST_43491,0.007285159081220627,0.9996336698532104
TEST_43492,0.0019495533779263496,0.9838448166847229
TEST_43493,0.3505692481994629,0.8207437992095947
TEST_43494,0.04519638791680336,0.9435545206069946
TEST_43495,0.04869053140282631,0.7869046330451965
TEST_43496,0.0018785193096846342,0.9972823858261108
TEST_43497,0.012987812981009483,0.8471199870109558
TEST_43498,0.03488851338624954,0.9613903760910034
TEST_43499,0.1033029854297638,0.9582279324531555
TEST_43500,0.0031339821871370077,0.9994387030601501
TEST_43501,0.0036803565453737974,0.9782982468605042
TEST_43502,0.9998492002487183,6.677645160380052e-06
TEST_43503,0.029693029820919037,0.9357056021690369
TEST_43504,0.027510058134794235,0.9997408986091614
TEST_43505,0.02265639789402485,0.9777532815933228
TEST_43506,0.002546082017943263,0.9981344938278198
TEST_43507,0.002296911785379052,0.9984982013702393
TEST_43508,0.0011313612340018153,0.9938617944717407
TEST_43509,0.04015451297163963,0.9603481292724609
TEST_43510,0.0013570005539804697,0.992625892162323
TEST_43511,0.053529199212789536,0.8075194954872131
TEST_43512,0.9998937845230103,0.0038813170976936817
TEST_43513,0.2249111384153366,0.8804442882537842
TEST_43514,0.1218651756644249,0.9957370758056641
TEST_43515,0.015279785729944706,0.8781449794769287
TEST_43516,0.002246179385110736,0.9999133348464966
TEST_43517,0.018136058002710342,0.9677234292030334
TEST_43518,0.00022800720762461424,0.9995904564857483
TEST_43519,0.2947244644165039,0.9692005515098572
TEST_43520,0.040925707668066025,0.9218131303787231
TEST_43521,0.998377799987793,0.00835794024169445
TEST_43522,0.005008385516703129,0.9979735016822815
TEST_43523,0.0043529667891561985,0.9987097978591919
TEST_43524,0.3215990364551544,0.9829086065292358
TEST_43525,0.0010844158241525292,0.9863053560256958
TEST_43526,0.0022527785040438175,0.9303938746452332
TEST_43527,0.037730101495981216,0.9768938422203064
TEST_43528,0.002988816238939762,0.981461226940155
TEST_43529,0.012003635056316853,0.9638919234275818
TEST_43530,0.03536057472229004,0.9946501851081848
TEST_43531,0.03182249516248703,0.9768813252449036
TEST_43532,0.003168663242831826,0.9923997521400452
TEST_43533,0.020164642482995987,0.965954065322876
TEST_43534,0.12762919068336487,0.9440324306488037
TEST_43535,0.09948960691690445,0.9261491298675537
TEST_43536,0.02001466043293476,0.9932865500450134
TEST_43537,0.34460607171058655,0.8807259202003479
TEST_43538,0.0007583205006085336,0.9996873140335083
TEST_43539,0.0020293002016842365,0.9992270469665527
TEST_43540,0.021824520081281662,0.9511603116989136
TEST_43541,0.10725805908441544,0.22185759246349335
TEST_43542,0.0021578550804406404,0.9983205199241638
TEST_43543,0.004588199779391289,0.9916396737098694
TEST_43544,0.004857753869146109,0.9987911581993103
TEST_43545,0.36542731523513794,0.9543609023094177
TEST_43546,0.0016084173694252968,0.999189555644989
TEST_43547,0.025505023077130318,0.9163594245910645
TEST_43548,0.014266951940953732,0.9678459167480469
TEST_43549,0.005706646014004946,0.9924127459526062
TEST_43550,0.0002602539025247097,0.9974192380905151
TEST_43551,0.006324689369648695,0.9974028468132019
TEST_43552,0.006577758584171534,0.9869343042373657
TEST_43553,0.11882840096950531,0.8485802412033081
TEST_43554,0.041598446667194366,0.9850601553916931
TEST_43555,0.006282343063503504,0.9958156943321228
TEST_43556,0.7455046772956848,0.9399576783180237
TEST_43557,0.010333271697163582,0.9986955523490906
TEST_43558,0.03566162288188934,0.9965544939041138
TEST_43559,0.013872523792088032,0.980315625667572
TEST_43560,0.14251862466335297,0.7532332539558411
TEST_43561,0.0018417438259348273,0.9891685247421265
TEST_43562,0.03165215998888016,0.9927131533622742
TEST_43563,0.020133001729846,0.9093548059463501
TEST_43564,0.044204410165548325,0.9583926796913147
TEST_43565,0.02813633158802986,0.9424982070922852
TEST_43566,0.01604355499148369,0.9498616456985474
TEST_43567,1.368604557683284e-06,0.999895453453064
TEST_43568,1.169890401797602e-05,0.9998409748077393
TEST_43569,0.589667558670044,0.9219592809677124
TEST_43570,0.06286927312612534,0.9384803175926208
TEST_43571,0.0019069649279117584,0.9971250891685486
TEST_43572,0.022933928295969963,0.8710153102874756
TEST_43573,0.005825328174978495,0.9789103865623474
TEST_43574,0.0005659587332047522,0.999953031539917
TEST_43575,0.08350928872823715,0.8737335801124573
TEST_43576,0.0114135118201375,0.9902507066726685
TEST_43577,0.033225201070308685,0.9963985681533813
TEST_43578,0.00715106213465333,0.9856376051902771
TEST_43579,0.14612074196338654,0.9935505390167236
TEST_43580,0.9978213310241699,0.001228273380547762
TEST_43581,0.00822349451482296,0.9531832933425903
TEST_43582,0.02047037146985531,0.9915211200714111
TEST_43583,0.0015063401078805327,0.9999996423721313
TEST_43584,0.03604636341333389,0.9553075432777405
TEST_43585,0.020494695752859116,0.9508427977561951
TEST_43586,0.012003499083220959,0.9787828922271729
TEST_43587,0.017978228628635406,0.9623705744743347
TEST_43588,0.027574867010116577,0.9815136790275574
TEST_43589,0.07900384813547134,0.9205465912818909
TEST_43590,0.06913193315267563,0.9212775826454163
TEST_43591,0.03134766221046448,0.9179783463478088
TEST_43592,0.999258816242218,0.010704039596021175
TEST_43593,0.06624405086040497,0.9539164900779724
TEST_43594,0.34610632061958313,0.6496710181236267
TEST_43595,0.02764706499874592,0.9979127049446106
TEST_43596,0.008707962930202484,0.97432941198349
TEST_43597,0.015439687296748161,0.9920063614845276
TEST_43598,0.0008105900487862527,0.9995569586753845
TEST_43599,0.01879853382706642,0.9849355220794678
TEST_43600,0.015248878858983517,0.9921781420707703
TEST_43601,0.9999771118164062,0.0011974712833762169
TEST_43602,0.014784094877541065,0.9662699699401855
TEST_43603,2.507934368622955e-05,0.9999896287918091
TEST_43604,0.0010248804464936256,0.9987232089042664
TEST_43605,0.17157970368862152,0.9776517748832703
TEST_43606,0.0067346468567848206,0.9634337425231934
TEST_43607,0.01961975358426571,0.976330041885376
TEST_43608,0.0874951109290123,0.880946159362793
TEST_43609,0.0019762744195759296,0.9975641965866089
TEST_43610,0.0018969995435327291,0.9988149404525757
TEST_43611,0.08386442065238953,0.9988319277763367
TEST_43612,0.06284476071596146,0.8712300658226013
TEST_43613,0.6743528246879578,0.0974835529923439
TEST_43614,0.026051925495266914,0.9359413385391235
TEST_43615,0.007362590171396732,0.9872698783874512
TEST_43616,0.006920413579791784,0.9860374331474304
TEST_43617,0.1381395161151886,0.7761967182159424
TEST_43618,0.008073152974247932,0.9862624406814575
TEST_43619,0.008741444908082485,0.9992833733558655
TEST_43620,0.00243382528424263,0.9991891980171204
TEST_43621,0.03103274665772915,0.9309502840042114
TEST_43622,0.01049463078379631,0.910722553730011
TEST_43623,0.0012772749178111553,0.999373733997345
TEST_43624,0.00638639647513628,0.9470077753067017
TEST_43625,0.026765141636133194,0.9762342572212219
TEST_43626,0.1091393306851387,0.9803597331047058
TEST_43627,0.057417672127485275,0.8825525045394897
TEST_43628,0.02285691909492016,0.9959820508956909
TEST_43629,0.0029689413495361805,0.9987296462059021
TEST_43630,0.03050290048122406,0.9907577037811279
TEST_43631,0.14152836799621582,0.857944667339325
TEST_43632,0.034577712416648865,0.9942527413368225
TEST_43633,0.005948567762970924,0.8911805152893066
TEST_43634,0.006842280738055706,0.9972434043884277
TEST_43635,0.041352421045303345,0.9234899878501892
TEST_43636,0.004040801431983709,0.05001475661993027
TEST_43637,0.0022359457798302174,0.9890395402908325
TEST_43638,0.23719274997711182,0.7797114849090576
TEST_43639,0.012590116821229458,0.9743478894233704
TEST_43640,0.0016490293201059103,0.9998760223388672
TEST_43641,0.0024907237384468317,0.9918145537376404
TEST_43642,0.30300724506378174,0.9949591159820557
TEST_43643,0.026707235723733902,0.9381645917892456
TEST_43644,0.062215954065322876,0.9793092012405396
TEST_43645,0.00010779743024613708,0.9998346567153931
TEST_43646,0.007640217896550894,0.987065315246582
TEST_43647,0.07603797316551208,0.97462397813797
TEST_43648,0.1524142026901245,0.9375824332237244
TEST_43649,0.026612604036927223,0.9947367310523987
TEST_43650,0.09778432548046112,0.9801787734031677
TEST_43651,0.004022869747132063,0.9815502166748047
TEST_43652,0.9997615218162537,0.5748865604400635
TEST_43653,0.0022302926518023014,0.99396812915802
TEST_43654,0.014386506751179695,0.9977173805236816
TEST_43655,0.3191569745540619,0.8836967349052429
TEST_43656,0.47409963607788086,0.8539796471595764
TEST_43657,0.019423602148890495,0.9980555772781372
TEST_43658,0.0029116536024957895,0.9650382995605469
TEST_43659,0.09728043526411057,0.9955326318740845
TEST_43660,0.8559085130691528,0.16695202887058258
TEST_43661,0.0014821436489000916,0.9887933135032654
TEST_43662,0.03584309667348862,0.9921827912330627
TEST_43663,0.00959536712616682,0.9577227234840393
TEST_43664,0.02403067983686924,0.9995146989822388
TEST_43665,0.003962025512009859,0.9997804760932922
TEST_43666,0.06829056888818741,0.9594166874885559
TEST_43667,0.00042535975808277726,0.9999696016311646
TEST_43668,0.014091681689023972,0.992462158203125
TEST_43669,0.9908096790313721,0.0898309275507927
TEST_43670,0.01339383888989687,0.995973527431488
TEST_43671,0.011891948990523815,0.9000149369239807
TEST_43672,0.9999973773956299,5.756664904765785e-07
TEST_43673,0.029591379687190056,0.9933214783668518
TEST_43674,0.0013772189849987626,0.9995087385177612
TEST_43675,0.03472331538796425,0.9795334339141846
TEST_43676,0.9765133261680603,0.9519231915473938
TEST_43677,0.016504498198628426,0.9977926015853882
TEST_43678,0.0024952448438853025,0.9997327923774719
TEST_43679,0.0197213776409626,0.9879976511001587
TEST_43680,0.6737987995147705,0.2894600033760071
TEST_43681,0.05972212553024292,0.9513956904411316
TEST_43682,0.13063324987888336,0.9985637068748474
TEST_43683,0.10524483770132065,0.950149416923523
TEST_43684,0.002329952782019973,0.9981034994125366
TEST_43685,0.0010995828779414296,0.9986845850944519
TEST_43686,0.02159780263900757,0.9961267113685608
TEST_43687,0.013124797493219376,0.9999735355377197
TEST_43688,0.01274715643376112,0.9816732406616211
TEST_43689,0.007738840766251087,0.9965097308158875
TEST_43690,0.00947475153952837,0.9975960850715637
TEST_43691,0.013714616186916828,0.9988183379173279
TEST_43692,0.010522877797484398,0.9551082849502563
TEST_43693,0.07031968235969543,0.9708666205406189
TEST_43694,0.04262004792690277,0.934410035610199
TEST_43695,0.0010243834694847465,0.9990610480308533
TEST_43696,0.9997949004173279,0.0011069598840549588
TEST_43697,0.0539124496281147,0.9152175784111023
TEST_43698,0.016644509509205818,0.9946585297584534
TEST_43699,0.000501349160913378,0.9986684322357178
TEST_43700,0.9405727386474609,0.8619890809059143
TEST_43701,0.002118957694619894,0.9939544796943665
TEST_43702,0.10090788453817368,0.9097004532814026
TEST_43703,0.013730626553297043,0.9944986701011658
TEST_43704,0.014706818386912346,0.9805654287338257
TEST_43705,2.162359123758506e-05,0.9999040365219116
TEST_43706,0.001223351457156241,0.9995920062065125
TEST_43707,0.12786269187927246,0.971255362033844
TEST_43708,0.030688267201185226,0.9581155180931091
TEST_43709,0.006453766021877527,0.9997667670249939
TEST_43710,0.002538718981668353,0.9932055473327637
TEST_43711,0.0008061869302764535,0.9976171851158142
TEST_43712,0.009530588053166866,0.9792346954345703
TEST_43713,0.0023524046409875154,0.9983147382736206
TEST_43714,0.006381846498697996,0.9856469035148621
TEST_43715,0.03991666063666344,0.5422210693359375
TEST_43716,0.09519825130701065,0.9651389122009277
TEST_43717,0.0076324124820530415,0.9124614000320435
TEST_43718,0.0010017533786594868,0.9862236380577087
TEST_43719,0.6128281950950623,0.06228300556540489
TEST_43720,0.04060468450188637,0.9999995231628418
TEST_43721,0.005423331167548895,0.998604953289032
TEST_43722,0.9906174540519714,0.3090406358242035
TEST_43723,0.0020455224439501762,0.9983773231506348
TEST_43724,0.0020215127151459455,0.993099570274353
TEST_43725,0.010994996875524521,0.9998125433921814
TEST_43726,0.005789192393422127,0.719971776008606
TEST_43727,0.14714476466178894,0.8557091951370239
TEST_43728,0.0005323690711520612,0.9995254278182983
TEST_43729,0.860562264919281,0.9099327325820923
TEST_43730,0.014463810250163078,0.9854865074157715
TEST_43731,0.006096727214753628,0.9713241457939148
TEST_43732,0.003143157111480832,0.9991236329078674
TEST_43733,0.05318218842148781,0.804332435131073
TEST_43734,0.03357340395450592,0.9054257869720459
TEST_43735,0.050855107605457306,0.889755368232727
TEST_43736,0.01142928097397089,0.9889060258865356
TEST_43737,0.001267746090888977,0.9981690645217896
TEST_43738,0.03694270923733711,0.8747313618659973
TEST_43739,0.1886129081249237,0.8615583777427673
TEST_43740,0.1485327035188675,0.9300689697265625
TEST_43741,0.18836025893688202,0.9672492146492004
TEST_43742,0.01782630942761898,0.8997222185134888
TEST_43743,0.059103745967149734,0.999683141708374
TEST_43744,0.28428980708122253,0.26228663325309753
TEST_43745,0.0007118280627764761,0.9995799660682678
TEST_43746,0.002834141021594405,0.993532657623291
TEST_43747,0.924675703048706,0.9082261919975281
TEST_43748,0.18055680394172668,0.9467074275016785
TEST_43749,0.686213493347168,0.8816289901733398
TEST_43750,0.02279214933514595,0.9697486758232117
TEST_43751,0.05007712170481682,0.9890224933624268
TEST_43752,0.0007733827224001288,0.9853135943412781
TEST_43753,0.02588716335594654,0.9956296682357788
TEST_43754,0.009068542160093784,0.9998342990875244
TEST_43755,0.013166379183530807,0.9985253214836121
TEST_43756,0.01490959245711565,0.9505615830421448
TEST_43757,0.005357428453862667,0.9927738904953003
TEST_43758,0.2815772593021393,0.9730440378189087
TEST_43759,0.01545490138232708,0.993921160697937
TEST_43760,0.03199524059891701,0.951410710811615
TEST_43761,0.02463780902326107,0.9956140518188477
TEST_43762,0.9224720001220703,0.9089962244033813
TEST_43763,0.9999299049377441,0.0011939957039430737
TEST_43764,0.9998984336853027,0.00015933932445477694
TEST_43765,0.3993167281150818,0.9169839024543762
TEST_43766,0.0023399933706969023,0.9965008497238159
TEST_43767,0.007594486698508263,0.9889152646064758
TEST_43768,0.0006461001466959715,0.9980102181434631
TEST_43769,0.6883386373519897,0.5149214863777161
TEST_43770,0.3252451717853546,0.5732866525650024
TEST_43771,0.0007162910187616944,0.9999889135360718
TEST_43772,0.0010432100389152765,0.9986175298690796
TEST_43773,0.058806050568819046,0.9663109183311462
TEST_43774,0.006829939316958189,0.9829757809638977
TEST_43775,0.012344748713076115,0.9820367693901062
TEST_43776,7.456597086274996e-05,0.998554527759552
TEST_43777,0.007199323736131191,0.9981244206428528
TEST_43778,0.03598408401012421,0.8966612219810486
TEST_43779,0.007722979411482811,0.9970247149467468
TEST_43780,1.3334666618902702e-05,0.9998360872268677
TEST_43781,0.037515874952077866,0.9865598678588867
TEST_43782,0.0018116557039320469,0.995222270488739
TEST_43783,0.4987023174762726,0.9334533214569092
TEST_43784,0.008717411197721958,0.9857962727546692
TEST_43785,0.05774928256869316,0.8959152102470398
TEST_43786,0.35903048515319824,0.9226186871528625
TEST_43787,0.0199587345123291,0.020455051213502884
TEST_43788,0.9553974270820618,0.7382836937904358
TEST_43789,0.9997544884681702,0.01328506413847208
TEST_43790,0.0007347146747633815,0.9998881816864014
TEST_43791,0.0047400230541825294,0.9999963045120239
TEST_43792,0.027177350595593452,0.9907263517379761
TEST_43793,0.0004997040960006416,0.999750554561615
TEST_43794,0.13518254458904266,0.9797018766403198
TEST_43795,0.4716760814189911,0.4139995276927948
TEST_43796,0.013593110255897045,0.9329634308815002
TEST_43797,0.3293929994106293,0.8802882432937622
TEST_43798,0.03838677704334259,0.734005331993103
TEST_43799,0.9211762547492981,0.28926512598991394
TEST_43800,0.00037151025026105344,0.9999940395355225
TEST_43801,0.1539372205734253,0.7825820446014404
TEST_43802,0.01146436482667923,0.9452562928199768
TEST_43803,0.028695140033960342,0.9662110805511475
TEST_43804,0.014049796387553215,0.9897022247314453
TEST_43805,0.7774656414985657,0.377123087644577
TEST_43806,0.0054858652874827385,0.9978654980659485
TEST_43807,0.0029349394608289003,0.9930376410484314
TEST_43808,0.6798565983772278,0.5285117626190186
TEST_43809,0.02437770366668701,0.993535041809082
TEST_43810,0.0022054393775761127,0.9970695972442627
TEST_43811,0.0032689108047634363,0.9938679337501526
TEST_43812,0.029234271496534348,0.8881723284721375
TEST_43813,0.16154037415981293,0.9434271454811096
TEST_43814,0.6594215631484985,0.7396094799041748
TEST_43815,0.11978902667760849,0.7776260375976562
TEST_43816,0.0013283506268635392,0.9940822720527649
TEST_43817,0.07919970154762268,0.7443965077400208
TEST_43818,0.5794511437416077,0.902498185634613
TEST_43819,0.009139600209891796,0.9967231154441833
TEST_43820,0.9718532562255859,0.03451519459486008
TEST_43821,0.061226438730955124,0.9987096786499023
TEST_43822,0.03288476914167404,0.9035296440124512
TEST_43823,0.024710558354854584,0.9603611826896667
TEST_43824,0.015581585466861725,0.9944459199905396
TEST_43825,0.007269550580531359,0.9903291463851929
TEST_43826,0.011534253135323524,0.9926625490188599
TEST_43827,0.01278637070208788,0.9950599074363708
TEST_43828,0.0009372489294037223,0.9999721050262451
TEST_43829,0.020279595628380775,0.9990882873535156
TEST_43830,0.12102468311786652,0.6222835779190063
TEST_43831,0.016193388029932976,0.9849355220794678
TEST_43832,0.0004135131021030247,0.9998452663421631
TEST_43833,0.999697208404541,0.0009628650732338428
TEST_43834,0.15297755599021912,0.8228835463523865
TEST_43835,0.18678073585033417,0.9411588311195374
TEST_43836,0.008647655136883259,0.8021445870399475
TEST_43837,0.04648015275597572,0.8635619282722473
TEST_43838,0.03805482015013695,0.9211552143096924
TEST_43839,0.0006975782453082502,0.9980883002281189
TEST_43840,0.00811078678816557,0.9654672741889954
TEST_43841,0.35243919491767883,0.9536078572273254
TEST_43842,0.15277816355228424,0.9335812926292419
TEST_43843,0.01939777098596096,0.9988003969192505
TEST_43844,0.0007775638368912041,0.9977155923843384
TEST_43845,0.005040801130235195,0.9974683523178101
TEST_43846,0.02408081851899624,0.9999719858169556
TEST_43847,0.0019902512431144714,0.9996135830879211
TEST_43848,0.02757241576910019,0.9979881048202515
TEST_43849,0.12583723664283752,0.9917029738426208
TEST_43850,0.7482138276100159,0.7546626925468445
TEST_43851,0.0014303349889814854,0.9973869919776917
TEST_43852,0.09350677579641342,0.9937029480934143
TEST_43853,0.6498901844024658,0.9490941762924194
TEST_43854,0.009420942515134811,0.9989625215530396
TEST_43855,0.09382257610559464,0.9711893200874329
TEST_43856,0.021811824291944504,0.9698668122291565
TEST_43857,0.050713181495666504,0.8553338646888733
TEST_43858,0.2243991643190384,0.9213288426399231
TEST_43859,0.007332094479352236,0.9749811291694641
TEST_43860,0.025909876450896263,0.9362567663192749
TEST_43861,0.936128556728363,0.9710664749145508
TEST_43862,0.0006089012022130191,0.9731970429420471
TEST_43863,0.0011644440237432718,0.9632004499435425
TEST_43864,0.011845370754599571,0.9935140609741211
TEST_43865,0.02159617654979229,0.8692618608474731
TEST_43866,0.004885565955191851,0.9983003735542297
TEST_43867,0.002330872928723693,0.9934735894203186
TEST_43868,0.01710650324821472,0.921841561794281
TEST_43869,0.11089228093624115,0.9317029714584351
TEST_43870,0.00854122918099165,0.9947463870048523
TEST_43871,0.9648466110229492,0.8901232481002808
TEST_43872,0.014518676325678825,0.9905754327774048
TEST_43873,0.03960561379790306,0.6397739052772522
TEST_43874,0.0001801229373086244,0.9921008944511414
TEST_43875,0.00014000684313941747,0.9999954700469971
TEST_43876,0.5803971886634827,0.8770063519477844
TEST_43877,0.009660645388066769,0.9963260293006897
TEST_43878,0.05024266988039017,0.8836680054664612
TEST_43879,0.0011817360064014792,0.9999998807907104
TEST_43880,0.0019844614434987307,0.9971504807472229
TEST_43881,0.8795704245567322,0.6189845204353333
TEST_43882,0.002736045280471444,0.9997994303703308
TEST_43883,0.1128772497177124,0.989495575428009
TEST_43884,0.001610053121112287,0.9968205690383911
TEST_43885,0.00517986249178648,0.9996457099914551
TEST_43886,0.005259387660771608,0.9861432909965515
TEST_43887,0.06064674258232117,0.9577313661575317
TEST_43888,0.007834680378437042,0.9944408535957336
TEST_43889,0.0008594568935222924,0.9966292977333069
TEST_43890,0.02142748050391674,0.8872906565666199
TEST_43891,0.34103092551231384,0.42228415608406067
TEST_43892,0.005889904219657183,0.9665661454200745
TEST_43893,0.009719444438815117,0.9508065581321716
TEST_43894,0.4184427857398987,0.9812946319580078
TEST_43895,0.9995380640029907,1.1712432751664892e-05
TEST_43896,0.9062355160713196,0.8082952499389648
TEST_43897,0.0426817424595356,0.9548550844192505
TEST_43898,0.017071181908249855,0.9670234322547913
TEST_43899,0.03629302233457565,0.9249066114425659
TEST_43900,0.0009231841540895402,0.9968895316123962
TEST_43901,0.0017512767808511853,0.989686906337738
TEST_43902,0.004757960792630911,0.9811986684799194
TEST_43903,0.0013962227385491133,0.9961639642715454
TEST_43904,0.004287813324481249,0.9981295466423035
TEST_43905,0.012463719584047794,0.9656381607055664
TEST_43906,0.037379972636699677,0.8970901370048523
TEST_43907,0.01646573655307293,0.9990684390068054
TEST_43908,0.03198542818427086,0.9185917377471924
TEST_43909,0.11255522817373276,0.03367235139012337
TEST_43910,0.001763473846949637,0.9977908134460449
TEST_43911,0.08987948298454285,0.9757880568504333
TEST_43912,0.0017902827821671963,0.9994786381721497
TEST_43913,0.012629401870071888,0.9951617121696472
TEST_43914,0.17804306745529175,0.16918295621871948
TEST_43915,0.26052552461624146,0.9878019690513611
TEST_43916,0.03985315188765526,0.978959858417511
TEST_43917,0.007230357266962528,0.9421476125717163
TEST_43918,0.002612400334328413,0.9898948073387146
TEST_43919,0.0163404643535614,0.9992378950119019
TEST_43920,0.5069060921669006,0.9672451019287109
TEST_43921,0.0037515568546950817,0.9998137354850769
TEST_43922,0.013742921873927116,0.9122673869132996
TEST_43923,0.0027130558155477047,0.9591790437698364
TEST_43924,0.03908641263842583,0.9999219179153442
TEST_43925,0.8555301427841187,0.3640657663345337
TEST_43926,0.036487363278865814,0.8138108849525452
TEST_43927,0.4378257393836975,0.08071805536746979
TEST_43928,0.008315389044582844,0.9487535953521729
TEST_43929,0.003734868485480547,0.99598628282547
TEST_43930,0.02718523144721985,0.9997089505195618
TEST_43931,0.01237117126584053,0.9213888645172119
TEST_43932,0.0044774445705115795,0.9952953457832336
TEST_43933,0.002741154283285141,0.9933045506477356
TEST_43934,0.0004735307884402573,0.9991866946220398
TEST_43935,0.04249189421534538,0.9861704111099243
TEST_43936,0.002236412838101387,0.9994832277297974
TEST_43937,0.21421414613723755,0.8964221477508545
TEST_43938,0.0070150732062757015,0.9991542100906372
TEST_43939,0.005031430162489414,0.9688049554824829
TEST_43940,0.03324590623378754,0.8734813928604126
TEST_43941,0.9029417634010315,0.463975727558136
TEST_43942,0.0020698406733572483,0.999427080154419
TEST_43943,0.0003576651797629893,0.9994634985923767
TEST_43944,0.011353394016623497,0.9932854175567627
TEST_43945,0.001425481284968555,0.9996709823608398
TEST_43946,0.0020010818261653185,0.9946585297584534
TEST_43947,0.07073278725147247,0.8253211379051208
TEST_43948,0.5600461959838867,0.9630721807479858
TEST_43949,0.011152897961437702,0.9812211990356445
TEST_43950,0.018272753804922104,0.9547880291938782
TEST_43951,0.09666585177183151,0.8928714990615845
TEST_43952,0.022656012326478958,0.9880563020706177
TEST_43953,0.23039600253105164,0.9982109069824219
TEST_43954,0.006950900889933109,0.9999775886535645
TEST_43955,0.010348726063966751,0.9822988510131836
TEST_43956,0.09884969145059586,0.9386261701583862
TEST_43957,0.6798996925354004,0.9870688915252686
TEST_43958,0.0003550149849615991,0.9981642365455627
TEST_43959,0.009743039496243,0.9796932935714722
TEST_43960,0.0029363834764808416,0.9989513158798218
TEST_43961,0.011720134876668453,0.997586727142334
TEST_43962,0.013108163140714169,0.9891479015350342
TEST_43963,0.0010826524812728167,0.9998399019241333
TEST_43964,0.18406547605991364,0.7448728084564209
TEST_43965,0.06743739545345306,0.8941007852554321
TEST_43966,0.03293868526816368,0.9991123080253601
TEST_43967,0.004345321096479893,0.9792963862419128
TEST_43968,0.002747216960415244,0.9978132247924805
TEST_43969,0.016250811517238617,0.9835110902786255
TEST_43970,0.006615214049816132,0.9733003377914429
TEST_43971,0.0969482958316803,0.48390090465545654
TEST_43972,0.9824867844581604,0.2506176233291626
TEST_43973,0.07861616462469101,0.9929699301719666
TEST_43974,0.0010347989154979587,0.9998511075973511
TEST_43975,0.017296845093369484,0.9926470518112183
TEST_43976,0.0018144870409741998,0.9999517202377319
TEST_43977,0.03924059867858887,0.9279534220695496
TEST_43978,0.08539445698261261,0.9316054582595825
TEST_43979,0.020058905705809593,0.9969135522842407
TEST_43980,0.05038411542773247,0.875274658203125
TEST_43981,0.02688511461019516,0.9859230518341064
TEST_43982,0.04126754403114319,0.9617294073104858
TEST_43983,0.00023752087145112455,0.9981138706207275
TEST_43984,0.02347557432949543,0.93480384349823
TEST_43985,0.0037742299027740955,0.9914952516555786
TEST_43986,0.015267879702150822,0.966336190700531
TEST_43987,0.998163640499115,0.33673426508903503
TEST_43988,0.44758468866348267,0.7950477600097656
TEST_43989,0.4981423020362854,0.8221084475517273
TEST_43990,0.5991089940071106,0.9029537439346313
TEST_43991,0.21121929585933685,0.36637672781944275
TEST_43992,0.00388267426751554,0.9986028075218201
TEST_43993,0.004148697480559349,0.9979634284973145
TEST_43994,0.002839435124769807,0.9907950758934021
TEST_43995,0.14725744724273682,0.9997759461402893
TEST_43996,0.024043582379817963,0.8761557936668396
TEST_43997,0.054921265691518784,0.8640521764755249
TEST_43998,0.0030187286902219057,0.9985893368721008
TEST_43999,0.04564353823661804,0.7836852669715881
TEST_44000,0.0013133559841662645,0.9989087581634521
TEST_44001,0.0090922387316823,0.9980741739273071
TEST_44002,0.013976323418319225,0.9926736950874329
TEST_44003,0.015738172456622124,0.9973626732826233
TEST_44004,0.0021098393481224775,0.9998772144317627
TEST_44005,0.35469403862953186,0.8266717791557312
TEST_44006,0.08304638415575027,0.8765332102775574
TEST_44007,0.003454779274761677,0.9854896068572998
TEST_44008,0.035245250910520554,0.8651180863380432
TEST_44009,0.052589982748031616,0.9552507400512695
TEST_44010,0.025348706170916557,0.9807893633842468
TEST_44011,0.091808021068573,0.9720146656036377
TEST_44012,0.004313039127737284,0.9836007952690125
TEST_44013,0.9651657938957214,0.7154221534729004
TEST_44014,0.052549052983522415,0.9475781321525574
TEST_44015,0.003194664139300585,0.9955570101737976
TEST_44016,0.12295757234096527,0.986554741859436
TEST_44017,0.0026576370000839233,0.9690013527870178
TEST_44018,0.07954978197813034,0.9903057813644409
TEST_44019,0.015290328301489353,0.9182473421096802
TEST_44020,0.0014147465117275715,0.9996970891952515
TEST_44021,0.768635094165802,0.8010601997375488
TEST_44022,0.01377803459763527,0.9206838011741638
TEST_44023,0.9874553680419922,0.8005433678627014
TEST_44024,0.00649608438834548,0.984840452671051
TEST_44025,0.012694736942648888,0.9539908170700073
TEST_44026,0.01926497370004654,0.994631290435791
TEST_44027,0.06176747381687164,0.9984513521194458
TEST_44028,0.0016441292827948928,0.9999994039535522
TEST_44029,0.27798664569854736,0.9913089275360107
TEST_44030,0.02026194892823696,0.9616449475288391
TEST_44031,0.032204948365688324,0.9820104241371155
TEST_44032,0.0046766591258347034,0.8653009533882141
TEST_44033,0.0012195453746244311,0.9914109706878662
TEST_44034,0.16356848180294037,0.8613055348396301
TEST_44035,0.010561301372945309,0.8368600606918335
TEST_44036,0.06320039182901382,0.8839826583862305
TEST_44037,0.005069229751825333,0.8432666063308716
TEST_44038,0.007922826334834099,0.9932825565338135
TEST_44039,0.01307727675884962,0.9988157749176025
TEST_44040,0.007330113556236029,0.9983422756195068
TEST_44041,0.04278899356722832,0.9741160273551941
TEST_44042,0.0008572482038289309,0.9937833547592163
TEST_44043,0.010690761730074883,0.9268593192100525
TEST_44044,0.0030414287466555834,0.994627058506012
TEST_44045,0.00018984463531523943,0.9999967813491821
TEST_44046,0.03720401972532272,0.9148877859115601
TEST_44047,0.1482970416545868,0.8975890874862671
TEST_44048,0.002636197255924344,0.9997351765632629
TEST_44049,0.04013548046350479,0.4185882806777954
TEST_44050,0.9976187348365784,0.0018876249669119716
TEST_44051,0.03228133171796799,0.9829592704772949
TEST_44052,0.0025580893270671368,0.9865840077400208
TEST_44053,0.12806420028209686,0.8796348571777344
TEST_44054,0.030848389491438866,0.871883749961853
TEST_44055,0.015875132754445076,0.9457579255104065
TEST_44056,0.20685355365276337,0.8889957070350647
TEST_44057,0.00016036159649956971,0.9941921830177307
TEST_44058,0.03308919817209244,0.9866054654121399
TEST_44059,0.043699365109205246,0.993867814540863
TEST_44060,0.3077815771102905,0.9627357125282288
TEST_44061,0.0036338658537715673,0.984379768371582
TEST_44062,0.08712689578533173,0.5084176659584045
TEST_44063,0.011652269400656223,0.9894148111343384
TEST_44064,0.06685935705900192,0.9643909335136414
TEST_44065,0.07001824676990509,0.9220161437988281
TEST_44066,0.0608942024409771,0.9946883916854858
TEST_44067,0.03443695977330208,0.9451061487197876
TEST_44068,0.0008013784536160529,0.9853765368461609
TEST_44069,0.011369376443326473,0.99737548828125
TEST_44070,0.0007153806509450078,0.9977930784225464
TEST_44071,0.001251562382094562,0.9983567595481873
TEST_44072,0.025909502059221268,0.945455014705658
TEST_44073,0.009458101354539394,0.9727160334587097
TEST_44074,0.1564909964799881,0.9290105104446411
TEST_44075,0.005951120052486658,0.9908732175827026
TEST_44076,0.08826944977045059,0.9375323057174683
TEST_44077,0.010219452902674675,0.9260134696960449
TEST_44078,0.0018714320613071322,0.999998927116394
TEST_44079,0.0075993831269443035,0.9591381549835205
TEST_44080,1.0,2.944417246908415e-06
TEST_44081,0.0017492023762315512,0.9971258044242859
TEST_44082,0.09516217559576035,0.9291293621063232
TEST_44083,0.011302514933049679,0.9887978434562683
TEST_44084,0.03934626653790474,0.7002083659172058
TEST_44085,0.12413229048252106,0.9454301595687866
TEST_44086,0.0009223202941939235,0.9999265670776367
TEST_44087,0.06377685070037842,0.867095947265625
TEST_44088,0.009358993731439114,0.9935264587402344
TEST_44089,0.94031822681427,0.1834431141614914
TEST_44090,0.0001648328179726377,0.9964711666107178
TEST_44091,0.009543664753437042,0.9967784285545349
TEST_44092,0.004176425281912088,0.9984412789344788
TEST_44093,0.11281153559684753,0.9834173321723938
TEST_44094,0.9051170945167542,0.7724449038505554
TEST_44095,0.011697324924170971,0.8672211170196533
TEST_44096,0.047661859542131424,0.9788478016853333
TEST_44097,0.008500682190060616,0.9825087785720825
TEST_44098,0.16511473059654236,0.25190794467926025
TEST_44099,0.0397607795894146,0.9641405344009399
TEST_44100,0.028003327548503876,0.9984706044197083
TEST_44101,0.0013087758561596274,0.9677184224128723
TEST_44102,0.0018303493270650506,0.9951640367507935
TEST_44103,0.00728951208293438,0.9502969980239868
TEST_44104,0.0015761866234242916,0.9941788911819458
TEST_44105,0.0014602149603888392,0.9984084963798523
TEST_44106,0.004045242443680763,0.9991666078567505
TEST_44107,0.9154171347618103,0.7004725337028503
TEST_44108,0.003377644345164299,0.999866247177124
TEST_44109,0.06433963030576706,0.9432196617126465
TEST_44110,0.1829032301902771,0.8881961703300476
TEST_44111,0.0050666783936321735,0.9321462512016296
TEST_44112,7.840595935704187e-05,0.996606707572937
TEST_44113,0.005924800410866737,0.9854382276535034
TEST_44114,0.024984076619148254,0.9975730776786804
TEST_44115,0.012715212069451809,0.9971690773963928
TEST_44116,0.003301861695945263,0.9821456074714661
TEST_44117,0.10461647063493729,0.9703463315963745
TEST_44118,0.00614009378477931,0.9950127005577087
TEST_44119,0.0018271906301379204,0.9997084736824036
TEST_44120,0.9428576231002808,0.0022379071451723576
TEST_44121,0.7944911122322083,0.9572474360466003
TEST_44122,0.004975882358849049,0.999234676361084
TEST_44123,0.39107322692871094,0.43340063095092773
TEST_44124,0.012618370354175568,0.9183719754219055
TEST_44125,0.24476981163024902,0.9055895209312439
TEST_44126,0.008282925933599472,0.9997624754905701
TEST_44127,0.0021223409567028284,0.9993942975997925
TEST_44128,0.010821199975907803,0.8737818598747253
TEST_44129,0.011307562701404095,0.9997465014457703
TEST_44130,0.0022558586206287146,0.9922077059745789
TEST_44131,0.001780023449100554,0.9997614026069641
TEST_44132,0.9932847023010254,0.6216443181037903
TEST_44133,0.004757195245474577,0.999924898147583
TEST_44134,0.033722180873155594,0.6675732731819153
TEST_44135,0.00872340053319931,0.9976193308830261
TEST_44136,0.003947875462472439,0.9996111989021301
TEST_44137,0.0011044482234865427,0.9981029033660889
TEST_44138,0.8891896605491638,0.050813715904951096
TEST_44139,0.008111964911222458,0.9476103782653809
TEST_44140,0.0051642488688230515,0.9746451377868652
TEST_44141,0.0029654933605343103,0.9932257533073425
TEST_44142,0.018069669604301453,0.9115459322929382
TEST_44143,0.015477381646633148,0.9601597189903259
TEST_44144,0.03030276484787464,0.9897187948226929
TEST_44145,0.00046356106759049,0.9993711113929749
TEST_44146,0.002073002513498068,0.954287588596344
TEST_44147,0.03943825513124466,0.9799655675888062
TEST_44148,9.732557373354211e-05,0.9999650716781616
TEST_44149,0.03301958367228508,0.9492887258529663
TEST_44150,0.0011302996426820755,0.996065080165863
TEST_44151,0.034749314188957214,0.9910669922828674
TEST_44152,0.01643233932554722,0.9954766631126404
TEST_44153,0.0006106007494963706,0.9871037602424622
TEST_44154,0.0025941727217286825,0.9969262480735779
TEST_44155,0.007143319584429264,0.9621689915657043
TEST_44156,0.10866886377334595,0.9271495342254639
TEST_44157,0.016663366928696632,0.9968632459640503
TEST_44158,0.002115516224876046,0.9983069896697998
TEST_44159,0.004183008801192045,0.9900007247924805
TEST_44160,0.006113450508564711,0.9546375274658203
TEST_44161,0.04745067283511162,0.8169461488723755
TEST_44162,0.026714859530329704,0.977957010269165
TEST_44163,0.0012927509378641844,0.9989946484565735
TEST_44164,0.0023535473737865686,0.9990756511688232
TEST_44165,0.9835631847381592,0.5854992270469666
TEST_44166,0.023401524871587753,0.9914255142211914
TEST_44167,0.000480709713883698,0.9998804330825806
TEST_44168,0.001942437025718391,0.9974107146263123
TEST_44169,0.001260668272152543,0.9965116381645203
TEST_44170,0.10103308409452438,0.9381976127624512
TEST_44171,0.996512234210968,9.071593376575038e-05
TEST_44172,0.035449326038360596,0.9496454000473022
TEST_44173,0.0012062157038599253,0.9975893497467041
TEST_44174,0.03680450841784477,0.8163024187088013
TEST_44175,0.11475396901369095,0.9513067603111267
TEST_44176,0.3125188648700714,0.8391405940055847
TEST_44177,0.0010902424110099673,0.9958276152610779
TEST_44178,0.0189138725399971,0.9994279742240906
TEST_44179,0.0018960986053571105,0.999815046787262
TEST_44180,0.028827741742134094,0.9469769597053528
TEST_44181,0.8251864910125732,0.9542111754417419
TEST_44182,0.004489443730562925,0.993370532989502
TEST_44183,0.002951293485239148,0.9998670816421509
TEST_44184,0.16082043945789337,0.27065619826316833
TEST_44185,0.04738016799092293,0.980813205242157
TEST_44186,0.03085237555205822,0.9714066386222839
TEST_44187,0.0018732633907347918,0.9998773336410522
TEST_44188,0.04256177693605423,0.813475489616394
TEST_44189,0.00017764364019967616,0.9975119829177856
TEST_44190,0.07476820796728134,0.9694569110870361
TEST_44191,0.018248971551656723,0.8856000900268555
TEST_44192,0.003545603482052684,0.9900683760643005
TEST_44193,0.006029748823493719,0.9860730171203613
TEST_44194,0.009637215174734592,0.9825416803359985
TEST_44195,0.011237205006182194,0.9925044775009155
TEST_44196,0.003701605601236224,0.9998331069946289
TEST_44197,0.4813675880432129,0.9275332689285278
TEST_44198,0.023249298334121704,0.993459165096283
TEST_44199,0.0024375070352107286,0.9929497241973877
TEST_44200,0.008176104165613651,0.9998636245727539
TEST_44201,0.771546483039856,0.8958825469017029
TEST_44202,0.8690909147262573,0.883618175983429
TEST_44203,0.041605666279792786,0.9909127950668335
TEST_44204,0.005716416053473949,0.9555764198303223
TEST_44205,0.005341211333870888,0.9804314970970154
TEST_44206,0.00481062475591898,0.9131081104278564
TEST_44207,0.1644376665353775,0.9910823106765747
TEST_44208,0.0041924878023564816,0.9999955892562866
TEST_44209,0.016105465590953827,0.968834638595581
TEST_44210,0.026795240119099617,0.8481380939483643
TEST_44211,0.07125001400709152,0.9949237704277039
TEST_44212,0.052946291863918304,0.9702103137969971
TEST_44213,0.012793740257620811,0.9378014802932739
TEST_44214,0.018891487270593643,0.9951925277709961
TEST_44215,0.005009949207305908,0.9961214661598206
TEST_44216,0.42296382784843445,0.9323498606681824
TEST_44217,0.018756380304694176,0.9973185658454895
TEST_44218,0.9647457599639893,0.9566978216171265
TEST_44219,0.014182609505951405,0.9987472295761108
TEST_44220,0.005163795314729214,0.9426273703575134
TEST_44221,0.01079343818128109,0.98479825258255
TEST_44222,0.02186797931790352,0.9529134631156921
TEST_44223,0.10574403405189514,0.9487574696540833
TEST_44224,0.03491771221160889,0.9543237686157227
TEST_44225,0.9361619353294373,0.5128284692764282
TEST_44226,0.007283314596861601,0.9967347979545593
TEST_44227,0.0003894668188877404,0.9977051615715027
TEST_44228,0.018426520749926567,0.9020447134971619
TEST_44229,0.0021650337148457766,0.9945110082626343
TEST_44230,0.01811964623630047,0.9717714190483093
TEST_44231,0.0027889010962098837,0.5292389392852783
TEST_44232,0.00022498302860185504,0.9999425411224365
TEST_44233,0.005152470897883177,0.9887872338294983
TEST_44234,0.2522995173931122,0.9444654583930969
TEST_44235,0.0030487768817692995,0.9963449835777283
TEST_44236,0.5605630278587341,0.739895761013031
TEST_44237,0.09307414293289185,0.9714109897613525
TEST_44238,0.1506834477186203,0.9317271709442139
TEST_44239,0.0009677080670371652,0.9972328543663025
TEST_44240,0.004593490622937679,0.9934073686599731
TEST_44241,0.7597519159317017,0.38143518567085266
TEST_44242,0.023287096992135048,0.8832690715789795
TEST_44243,0.0021447334438562393,0.9989284873008728
TEST_44244,0.24783886969089508,0.994638979434967
TEST_44245,0.2155696004629135,0.858302891254425
TEST_44246,0.04581565409898758,0.9062676429748535
TEST_44247,0.017548013478517532,0.9665988683700562
TEST_44248,0.08412569761276245,0.9842389822006226
TEST_44249,0.003464065259322524,0.9891496300697327
TEST_44250,0.04696899652481079,0.9613785743713379
TEST_44251,0.09563777595758438,0.8807359337806702
TEST_44252,0.012003499083220959,0.9662792086601257
TEST_44253,0.7659638524055481,0.9950652718544006
TEST_44254,0.0023868915159255266,0.9993233680725098
TEST_44255,0.013495005667209625,0.9933516383171082
TEST_44256,0.01511620357632637,0.969028651714325
TEST_44257,0.019507110118865967,0.9115498661994934
TEST_44258,0.001637028530240059,0.9918361306190491
TEST_44259,0.002023984445258975,0.8582692742347717
TEST_44260,0.3359573185443878,0.26705440878868103
TEST_44261,0.0005891756736673415,0.9999014139175415
TEST_44262,0.0007977198110893369,0.9998233914375305
TEST_44263,0.00018740496307145804,0.9967141151428223
TEST_44264,0.042199425399303436,0.997901201248169
TEST_44265,0.017317995429039,0.9936323761940002
TEST_44266,0.004201318137347698,0.992912232875824
TEST_44267,0.04774855449795723,0.9815207123756409
TEST_44268,0.0021448407787829638,0.9998352527618408
TEST_44269,0.0046666814014315605,0.9960337281227112
TEST_44270,0.001169888535514474,0.9995315074920654
TEST_44271,0.007629083469510078,0.9868617653846741
TEST_44272,0.002512057079002261,0.9996386766433716
TEST_44273,0.007024872116744518,0.9977660179138184
TEST_44274,0.06732581555843353,0.9436184167861938
TEST_44275,0.2991480231285095,0.6547291278839111
TEST_44276,0.0023189422208815813,0.9978494644165039
TEST_44277,0.04105968400835991,0.9636235237121582
TEST_44278,0.019961141049861908,0.9961330890655518
TEST_44279,0.02161208726465702,0.8148168325424194
TEST_44280,0.031310830265283585,0.8288820385932922
TEST_44281,0.005609970074146986,0.9906613230705261
TEST_44282,0.0015574737917631865,0.9929619431495667
TEST_44283,0.007120737340301275,0.9989882111549377
TEST_44284,0.07204754650592804,0.7428878545761108
TEST_44285,0.005331714637577534,0.9972678422927856
TEST_44286,0.17483174800872803,0.8516700863838196
TEST_44287,0.03845609724521637,0.934968888759613
TEST_44288,0.0016669576289132237,0.9872825145721436
TEST_44289,0.04358518868684769,0.8980777859687805
TEST_44290,0.0010545422555878758,0.9276414513587952
TEST_44291,0.00064853485673666,0.9999974966049194
TEST_44292,0.30722132325172424,0.8302760720252991
TEST_44293,0.07559292018413544,0.9965016841888428
TEST_44294,0.105507992208004,0.37392792105674744
TEST_44295,0.04135853797197342,0.9770339131355286
TEST_44296,0.0030058929696679115,0.9912739396095276
TEST_44297,0.001830669934861362,0.9984130859375
TEST_44298,0.0041024768725037575,0.9914524555206299
TEST_44299,0.08099805563688278,0.9524825215339661
TEST_44300,0.013322734273970127,0.9960964322090149
TEST_44301,0.00026735736173577607,0.9977728724479675
TEST_44302,0.031884778290987015,0.9788232445716858
TEST_44303,0.006105783395469189,0.9358295798301697
TEST_44304,0.9892498254776001,0.8496105670928955
TEST_44305,0.005507724825292826,0.9991033673286438
TEST_44306,0.0038757682777941227,0.9982319474220276
TEST_44307,0.0281087476760149,0.8685146570205688
TEST_44308,0.001969339093193412,0.9152073264122009
TEST_44309,0.004200452473014593,0.9989542961120605
TEST_44310,0.014653744176030159,0.9941630959510803
TEST_44311,0.9966603517532349,0.020201291888952255
TEST_44312,0.03781178593635559,0.29018524289131165
TEST_44313,0.016188140958547592,0.9613033533096313
TEST_44314,0.0012874698732048273,0.979302704334259
TEST_44315,0.0023909290321171284,0.9941933751106262
TEST_44316,0.03418343514204025,0.9189047813415527
TEST_44317,0.001268389169126749,0.9977586269378662
TEST_44318,0.2444598376750946,0.9878060221672058
TEST_44319,0.013099510222673416,0.9511075615882874
TEST_44320,0.001120111090131104,0.9930140376091003
TEST_44321,0.1370755285024643,0.8852626085281372
TEST_44322,0.0006764178979210556,0.9747353792190552
TEST_44323,0.43200716376304626,0.9180195331573486
TEST_44324,0.17724166810512543,0.8380241394042969
TEST_44325,0.10659928619861603,0.826798141002655
TEST_44326,0.01764199137687683,0.9074493646621704
TEST_44327,0.934249222278595,0.9758594632148743
TEST_44328,0.014669063501060009,0.9704979658126831
TEST_44329,0.0017674907576292753,0.9663119316101074
TEST_44330,0.0012832925422117114,0.9991432428359985
TEST_44331,0.9948099851608276,0.497697114944458
TEST_44332,0.024388281628489494,0.9919684529304504
TEST_44333,0.01971120573580265,0.9936821460723877
TEST_44334,0.01966642402112484,0.9644100069999695
TEST_44335,0.004971516318619251,0.9884812831878662
TEST_44336,0.04138878360390663,0.9865607023239136
TEST_44337,0.05600487440824509,0.4328839182853699
TEST_44338,0.029164915904402733,0.7248489856719971
TEST_44339,0.0027776542119681835,0.9801009893417358
TEST_44340,0.011146499775350094,0.9863357543945312
TEST_44341,0.04099941998720169,0.9929889440536499
TEST_44342,0.00749184051528573,0.9154549241065979
TEST_44343,0.0041266679763793945,0.9992226362228394
TEST_44344,0.4321601986885071,0.9154948592185974
TEST_44345,0.020205918699502945,0.9471245408058167
TEST_44346,0.017085181549191475,0.9997696280479431
TEST_44347,0.0027707519475370646,0.9889214038848877
TEST_44348,0.015476343221962452,0.9967525005340576
TEST_44349,0.019240044057369232,0.9925128221511841
TEST_44350,0.002375001087784767,0.9694762229919434
TEST_44351,0.0035988972522318363,0.9996567964553833
TEST_44352,0.0027308433782309294,0.999078631401062
TEST_44353,0.012433611787855625,0.9990391731262207
TEST_44354,0.005511591676622629,0.9986407160758972
TEST_44355,0.08672215044498444,0.6771441102027893
TEST_44356,0.034635454416275024,0.9830448627471924
TEST_44357,0.007405278272926807,0.9983747005462646
TEST_44358,6.265529918891843e-06,0.9999196529388428
TEST_44359,0.013953669928014278,0.9111699461936951
TEST_44360,0.006644205655902624,0.9920865893363953
TEST_44361,0.04158839210867882,0.9389172792434692
TEST_44362,0.31547242403030396,0.981680691242218
TEST_44363,0.013759858906269073,0.9687444567680359
TEST_44364,0.38335099816322327,0.11046304553747177
TEST_44365,0.0021199348848313093,0.9939867258071899
TEST_44366,3.1455056159757078e-06,0.9998370409011841
TEST_44367,0.569799542427063,0.7380874752998352
TEST_44368,0.04469796270132065,0.8903385996818542
TEST_44369,0.014313040301203728,0.9686549305915833
TEST_44370,0.0010054000886157155,0.9991458654403687
TEST_44371,0.1959969401359558,0.10686266422271729
TEST_44372,0.005273115821182728,0.9875802993774414
TEST_44373,0.0020048641599714756,0.9982717037200928
TEST_44374,0.03384819254279137,0.8628498315811157
TEST_44375,0.0016995626501739025,0.9999901056289673
TEST_44376,0.9791790246963501,0.9351558685302734
TEST_44377,0.03242790699005127,0.9832616448402405
TEST_44378,0.005726740229874849,0.9999083280563354
TEST_44379,0.0930926725268364,0.9582502245903015
TEST_44380,0.005916336551308632,0.9944128394126892
TEST_44381,0.0005069267353974283,0.9997491240501404
TEST_44382,0.004270654637366533,0.9994083642959595
TEST_44383,0.02411220595240593,0.929611325263977
TEST_44384,0.008205458521842957,0.9485844373703003
TEST_44385,0.09184309095144272,0.9894267320632935
TEST_44386,0.25532132387161255,0.9957893490791321
TEST_44387,0.09961356222629547,0.9907426238059998
TEST_44388,0.008692261762917042,0.9730685353279114
TEST_44389,0.029713453724980354,0.98428875207901
TEST_44390,0.0400523841381073,0.921273410320282
TEST_44391,0.01687745749950409,0.9972905516624451
TEST_44392,0.3107597529888153,0.932545006275177
TEST_44393,0.09507143497467041,0.9383870959281921
TEST_44394,0.4204034209251404,0.6014584302902222
TEST_44395,0.02094487100839615,0.9905051589012146
TEST_44396,0.0023420858196914196,0.9992436170578003
TEST_44397,0.7844266891479492,0.9567798972129822
TEST_44398,0.011377011425793171,0.9904870390892029
TEST_44399,0.022188685834407806,0.9816057085990906
TEST_44400,0.00043393232044763863,0.9998763799667358
TEST_44401,0.02199893817305565,0.9846002459526062
TEST_44402,0.009213491342961788,0.9866427183151245
TEST_44403,0.05114967003464699,0.8568249940872192
TEST_44404,0.018610328435897827,0.2087346464395523
TEST_44405,0.6574673652648926,0.565242350101471
TEST_44406,0.009286810643970966,0.9709406495094299
TEST_44407,0.03076719306409359,0.8604311347007751
TEST_44408,0.02340465970337391,0.9461280703544617
TEST_44409,0.014492378570139408,0.9540699124336243
TEST_44410,0.0007428755634464324,0.9969237446784973
TEST_44411,0.0015688235871493816,0.998563826084137
TEST_44412,0.08062686771154404,0.943597674369812
TEST_44413,0.047717515379190445,0.3383537530899048
TEST_44414,0.0013411344261839986,0.9982239603996277
TEST_44415,0.013907493092119694,0.9644333124160767
TEST_44416,0.04925113171339035,0.9948887228965759
TEST_44417,0.002379883546382189,0.9980595707893372
TEST_44418,0.00045494362711906433,0.9992721676826477
TEST_44419,0.007920712232589722,0.9934214949607849
TEST_44420,0.009633297100663185,0.9833805561065674
TEST_44421,0.0034672850742936134,0.9956914782524109
TEST_44422,0.002530700759962201,0.9970018267631531
TEST_44423,0.33165180683135986,0.9893214702606201
TEST_44424,0.017272545024752617,0.9326776266098022
TEST_44425,0.3737820088863373,0.059895601123571396
TEST_44426,0.008967922069132328,0.9949662089347839
TEST_44427,0.007619637530297041,0.9642146825790405
TEST_44428,0.022320972755551338,0.9901999831199646
TEST_44429,0.029019523411989212,0.9626986980438232
TEST_44430,0.0017507391748949885,0.9991047978401184
TEST_44431,0.062202874571084976,0.8411033749580383
TEST_44432,0.0200056042522192,0.9994561076164246
TEST_44433,0.1138823926448822,0.9103689193725586
TEST_44434,0.07557809352874756,0.9962047934532166
TEST_44435,0.003652885789051652,0.9964042901992798
TEST_44436,0.17741718888282776,0.8729487657546997
TEST_44437,0.011386358179152012,0.9898012280464172
TEST_44438,0.0035682853776961565,0.999969482421875
TEST_44439,0.10715906322002411,0.9832615256309509
TEST_44440,0.5342175364494324,0.9371625185012817
TEST_44441,0.012768873013556004,0.9519161581993103
TEST_44442,0.0075964126735925674,0.9502398371696472
TEST_44443,0.0004859354521613568,0.9961473941802979
TEST_44444,0.01580311357975006,0.9884093999862671
TEST_44445,0.04586893692612648,0.8505473136901855
TEST_44446,0.23023445904254913,0.7296920418739319
TEST_44447,0.005756828468292952,0.9763895869255066
TEST_44448,0.014863020740449429,0.9747880697250366
TEST_44449,0.008216171525418758,0.9926133155822754
TEST_44450,0.0012561350595206022,0.9412986636161804
TEST_44451,0.003375692991539836,0.9992550015449524
TEST_44452,0.007805235218256712,0.9925193786621094
TEST_44453,0.008618194609880447,0.993611752986908
TEST_44454,0.025932198390364647,0.9410728812217712
TEST_44455,0.26124072074890137,0.934834897518158
TEST_44456,0.0015434162924066186,0.8970121145248413
TEST_44457,0.02437552437186241,0.9098049402236938
TEST_44458,0.16680341958999634,0.9613041281700134
TEST_44459,0.01751996949315071,0.9981393814086914
TEST_44460,0.0008159081335179508,0.996455729007721
TEST_44461,0.0021107071079313755,0.9956148862838745
TEST_44462,0.0012045778566971421,0.998915433883667
TEST_44463,0.0026512809563428164,0.9997366070747375
TEST_44464,0.003834760282188654,0.9795994758605957
TEST_44465,0.0008245236822403967,0.9986879229545593
TEST_44466,0.003346200566738844,0.9940574169158936
TEST_44467,0.9364123940467834,0.8718050122261047
TEST_44468,0.00853448361158371,0.9761113524436951
TEST_44469,0.03534742817282677,0.8833106756210327
TEST_44470,0.0015853167278692126,0.9964307546615601
TEST_44471,0.005274547263979912,0.9820146560668945
TEST_44472,0.3503968119621277,0.885020911693573
TEST_44473,0.7785742282867432,0.2575899362564087
TEST_44474,0.00143648951780051,0.9998791217803955
TEST_44475,0.07770157605409622,0.9506855607032776
TEST_44476,0.016826026141643524,0.9955630302429199
TEST_44477,0.06312458962202072,0.9429904222488403
TEST_44478,0.4089134633541107,0.9775660634040833
TEST_44479,0.0055327266454696655,0.9484429359436035
TEST_44480,0.014570599421858788,0.9036598801612854
TEST_44481,0.257608026266098,0.9361711144447327
TEST_44482,0.9169530868530273,0.37373191118240356
TEST_44483,0.050082847476005554,0.9928587675094604
TEST_44484,0.007354040164500475,0.9989957213401794
TEST_44485,0.01895691640675068,0.9872398972511292
TEST_44486,0.021567605435848236,0.8896774053573608
TEST_44487,0.015873128548264503,0.9992432594299316
TEST_44488,0.38248664140701294,0.525642454624176
TEST_44489,0.023535355925559998,0.8241119980812073
TEST_44490,0.010315142571926117,0.992642343044281
TEST_44491,0.18213476240634918,0.8614102005958557
TEST_44492,0.1565932035446167,0.9020518660545349
TEST_44493,0.007777830585837364,0.9961643218994141
TEST_44494,0.6785098314285278,0.9330590963363647
TEST_44495,0.9640849232673645,0.7133234143257141
TEST_44496,0.023688433691859245,0.9103663563728333
TEST_44497,0.7183710336685181,0.9299585223197937
TEST_44498,0.0017588984919711947,0.9989815354347229
TEST_44499,0.8908875584602356,0.6500522494316101
TEST_44500,0.705619752407074,0.927847683429718
TEST_44501,0.03914039954543114,0.9875713586807251
TEST_44502,0.0005019732052460313,0.9998726844787598
TEST_44503,0.0035069577861577272,0.989054799079895
TEST_44504,0.0007020178600214422,0.97966068983078
TEST_44505,2.8193044272484258e-05,0.9999785423278809
TEST_44506,0.6866480112075806,0.746993362903595
TEST_44507,0.019573023542761803,0.9900151491165161
TEST_44508,0.005182886030524969,0.9706057906150818
TEST_44509,0.005101432092487812,0.9991065859794617
TEST_44510,0.0765872672200203,0.9240850210189819
TEST_44511,0.0435691736638546,0.19772844016551971
TEST_44512,0.03052688017487526,0.9348376989364624
TEST_44513,0.008351294323801994,0.9354493021965027
TEST_44514,0.0005898648523725569,0.8694517016410828
TEST_44515,0.03323071449995041,0.974927544593811
TEST_44516,0.4212973713874817,0.3744351863861084
TEST_44517,0.49533966183662415,0.9512999653816223
TEST_44518,0.007217724341899157,0.9931674599647522
TEST_44519,0.023719090968370438,0.9819989204406738
TEST_44520,0.8889228105545044,0.9721114039421082
TEST_44521,0.20752224326133728,0.2780115306377411
TEST_44522,0.04511028900742531,0.9613569974899292
TEST_44523,0.006620342377573252,0.9727113246917725
TEST_44524,0.8747888803482056,0.8545842170715332
TEST_44525,0.0009508663788437843,0.9992018342018127
TEST_44526,0.013382216915488243,0.9977720379829407
TEST_44527,0.04851797595620155,0.9802767038345337
TEST_44528,0.007055605761706829,0.9924772381782532
TEST_44529,0.009432515129446983,0.997765302658081
TEST_44530,0.05099619925022125,0.9209664463996887
TEST_44531,0.018148845061659813,0.9723907709121704
TEST_44532,0.026967652142047882,0.9908183217048645
TEST_44533,0.321738064289093,0.9386399388313293
TEST_44534,0.020743070170283318,0.9465298056602478
TEST_44535,0.00437976373359561,0.992853581905365
TEST_44536,0.007279098965227604,0.9997487664222717
TEST_44537,0.010814830660820007,0.9979935884475708
TEST_44538,0.694671094417572,0.6606652140617371
TEST_44539,0.5821194052696228,0.9300004839897156
TEST_44540,0.003713856218382716,0.9592085480690002
TEST_44541,0.009475396014750004,0.9805303812026978
TEST_44542,0.012578875757753849,0.9898350834846497
TEST_44543,0.0023063691332936287,0.9988335967063904
TEST_44544,0.03323504328727722,0.9900302886962891
TEST_44545,0.00044628512114286423,0.9998112320899963
TEST_44546,0.012290015816688538,0.9985055923461914
TEST_44547,0.02616889774799347,0.9895020127296448
TEST_44548,0.008786539547145367,0.9504518508911133
TEST_44549,0.08624539524316788,0.8742421865463257
TEST_44550,0.07537783682346344,0.9892906546592712
TEST_44551,0.006617458537220955,0.9913163185119629
TEST_44552,0.0037275354843586683,0.978007972240448
TEST_44553,0.18627524375915527,0.9335562586784363
TEST_44554,0.09045671671628952,0.8932684659957886
TEST_44555,0.0129350945353508,0.9957550764083862
TEST_44556,0.007306383922696114,0.9945084452629089
TEST_44557,0.031089534983038902,0.983784556388855
TEST_44558,0.17946989834308624,0.9906743168830872
TEST_44559,0.004891095217317343,0.9928561449050903
TEST_44560,0.020257608965039253,0.9971119165420532
TEST_44561,0.08104982227087021,0.9654486775398254
TEST_44562,0.3580687344074249,0.8026652336120605
TEST_44563,0.011203225702047348,0.9871482253074646
TEST_44564,0.006448634434491396,0.992336094379425
TEST_44565,0.11811177432537079,0.980658769607544
TEST_44566,0.9730170965194702,0.17019023001194
TEST_44567,0.09917712211608887,0.897287905216217
TEST_44568,0.010332305915653706,0.9975482821464539
TEST_44569,0.0026883536484092474,0.9793175458908081
TEST_44570,0.005031611770391464,0.9856553077697754
TEST_44571,0.033564936369657516,0.8142441511154175
TEST_44572,0.02022397145628929,0.9194294810295105
TEST_44573,0.012192071415483952,0.9915844202041626
TEST_44574,0.003409042488783598,0.9978074431419373
TEST_44575,0.03648178279399872,0.9910776615142822
TEST_44576,0.015520207583904266,0.9997965693473816
TEST_44577,0.18822036683559418,0.7622643113136292
TEST_44578,0.004507988225668669,0.9989331364631653
TEST_44579,0.7894649505615234,0.015761723741889
TEST_44580,0.11260911822319031,0.7511014342308044
TEST_44581,0.010598693042993546,0.987680196762085
TEST_44582,0.27383431792259216,0.83513343334198
TEST_44583,0.013722151517868042,0.9862952828407288
TEST_44584,0.00046922938781790435,0.9989677667617798
TEST_44585,0.06662905961275101,0.9888635873794556
TEST_44586,0.0008654543198645115,0.9749241471290588
TEST_44587,0.09592561423778534,0.9630767107009888
TEST_44588,0.06327439844608307,0.9808050394058228
TEST_44589,0.9971207976341248,0.03749455511569977
TEST_44590,0.00015823164721950889,0.9997004270553589
TEST_44591,0.0008108342299237847,0.9995641112327576
TEST_44592,0.0010989608708769083,0.9835512042045593
TEST_44593,0.002268813317641616,0.9174503087997437
TEST_44594,0.007753144018352032,0.9860653877258301
TEST_44595,0.0020914177875965834,0.998325526714325
TEST_44596,0.017845720052719116,0.9291502237319946
TEST_44597,0.0894281193614006,0.8726192712783813
TEST_44598,0.1428074985742569,0.8989698886871338
TEST_44599,0.9988590478897095,5.00221285619773e-05
TEST_44600,0.0015196450985968113,0.9807697534561157
TEST_44601,0.002981460653245449,0.9753747582435608
TEST_44602,0.043335385620594025,0.9943485856056213
TEST_44603,0.9365041851997375,0.7848615646362305
TEST_44604,0.0089642945677042,0.9990553259849548
TEST_44605,0.1783205270767212,0.994407057762146
TEST_44606,0.011250090785324574,0.9952119588851929
TEST_44607,0.007585413288325071,0.8580687642097473
TEST_44608,0.10733970999717712,0.9633157253265381
TEST_44609,0.00261088740080595,0.9806231260299683
TEST_44610,0.4972313940525055,0.8746882677078247
TEST_44611,0.0018832084024325013,0.9729252457618713
TEST_44612,0.07716163992881775,0.9829747080802917
TEST_44613,0.007426910102367401,0.7969652414321899
TEST_44614,0.004747659433633089,0.8658549785614014
TEST_44615,0.0029889983125030994,0.36627912521362305
TEST_44616,0.19011610746383667,0.9705415368080139
TEST_44617,0.9862164258956909,0.3706747889518738
TEST_44618,0.0026507831644266844,0.9922335147857666
TEST_44619,0.0012847594916820526,0.9999253749847412
TEST_44620,0.0011007236316800117,0.9951831698417664
TEST_44621,0.03609531372785568,0.9582350254058838
TEST_44622,0.003817780641838908,0.8441911339759827
TEST_44623,0.0021994642447680235,0.6752118468284607
TEST_44624,0.03325479477643967,0.9944180250167847
TEST_44625,0.010195037350058556,0.9910703897476196
TEST_44626,0.02045035921037197,0.970246434211731
TEST_44627,0.03687529265880585,0.9948758482933044
TEST_44628,0.0546569749712944,0.9165806174278259
TEST_44629,0.054876964539289474,0.8757418990135193
TEST_44630,0.059744421392679214,0.7050836682319641
TEST_44631,0.0005715577863156796,0.9992475509643555
TEST_44632,0.25715482234954834,0.44083020091056824
TEST_44633,0.005075416993349791,0.9959806203842163
TEST_44634,0.014877800829708576,0.977893054485321
TEST_44635,0.021109972149133682,0.9782840609550476
TEST_44636,0.0021017242688685656,0.9601393342018127
TEST_44637,0.06408743560314178,0.9174493551254272
TEST_44638,0.011083506979048252,0.9905298352241516
TEST_44639,0.02466302178800106,0.9933102130889893
TEST_44640,0.9655820727348328,0.5549917221069336
TEST_44641,0.007700647693127394,0.999792754650116
TEST_44642,0.07865796238183975,0.9946140646934509
TEST_44643,0.07179544866085052,0.9964792132377625
TEST_44644,0.04653795063495636,0.8971647620201111
TEST_44645,0.027237214148044586,0.9394978284835815
TEST_44646,0.6348786950111389,0.9680823683738708
TEST_44647,0.00481318449601531,0.9070695042610168
TEST_44648,0.0010492171859368682,0.999962568283081
TEST_44649,0.737922728061676,0.9669851660728455
TEST_44650,0.0075831604190170765,0.9767405390739441
TEST_44651,0.02807539701461792,0.9494701027870178
TEST_44652,7.729934441158548e-05,0.9994125366210938
TEST_44653,0.0018506417982280254,0.9884286522865295
TEST_44654,0.016179075464606285,0.9717374444007874
TEST_44655,0.01547368336468935,0.9764356017112732
TEST_44656,0.41536152362823486,0.9998396635055542
TEST_44657,0.0021078225690871477,0.9909141063690186
TEST_44658,0.0009407395264133811,0.9849991202354431
TEST_44659,0.02468145079910755,0.997697651386261
TEST_44660,0.05813394486904144,0.7116082906723022
TEST_44661,0.03651127219200134,0.8904440402984619
TEST_44662,0.005044844467192888,0.9973092079162598
TEST_44663,0.00254397583194077,0.999103844165802
TEST_44664,0.0067382268607616425,0.9858049750328064
TEST_44665,0.004872738849371672,0.9989101886749268
TEST_44666,0.0362260639667511,0.9989742040634155
TEST_44667,0.017629005014896393,0.9904914498329163
TEST_44668,0.0077089895494282246,0.9758012294769287
TEST_44669,0.0038517829962074757,0.9935318231582642
TEST_44670,0.002872233046218753,0.9746429920196533
TEST_44671,0.9992197751998901,0.0005229947273619473
TEST_44672,0.8195388317108154,0.09211020916700363
TEST_44673,0.0018611266277730465,0.9925581216812134
TEST_44674,0.600947380065918,0.922155499458313
TEST_44675,0.1416226327419281,0.872221827507019
TEST_44676,0.030214762315154076,0.9737116694450378
TEST_44677,0.0016794418916106224,0.9494856595993042
TEST_44678,0.9223372936248779,0.9937930107116699
TEST_44679,0.0010429804679006338,0.9911292791366577
TEST_44680,0.07655318826436996,0.9828407764434814
TEST_44681,0.024649856612086296,0.5367584824562073
TEST_44682,0.011074326932430267,0.9960344433784485
TEST_44683,0.0064577325247228146,0.9891903400421143
TEST_44684,0.3063354194164276,0.9002893567085266
TEST_44685,0.0017788918921723962,0.9875442981719971
TEST_44686,0.07254168391227722,0.9979844093322754
TEST_44687,0.005242122802883387,0.9986945986747742
TEST_44688,0.021058587357401848,0.9347509145736694
TEST_44689,0.004028043244034052,0.9935895204544067
TEST_44690,0.0009045867482200265,0.9993553757667542
TEST_44691,0.01078858133405447,0.9775316715240479
TEST_44692,0.0008499377290718257,0.9999902248382568
TEST_44693,0.010610214434564114,0.9947062134742737
TEST_44694,0.1634053736925125,0.8732462525367737
TEST_44695,0.022171461954712868,0.9635383486747742
TEST_44696,0.6333914399147034,0.9574391841888428
TEST_44697,0.017107490450143814,0.9951223731040955
TEST_44698,0.0003220552462153137,0.9990412592887878
TEST_44699,0.016913002356886864,0.9990288019180298
TEST_44700,0.038260750472545624,0.9191852807998657
TEST_44701,0.0067260428331792355,0.9784328937530518
TEST_44702,0.05530774965882301,0.9157229065895081
TEST_44703,0.007389564532786608,0.9832384586334229
TEST_44704,0.7130820155143738,0.8835026621818542
TEST_44705,0.03608870133757591,0.9153761863708496
TEST_44706,0.021045342087745667,0.9704345464706421
TEST_44707,0.9997759461402893,0.0001448836555937305
TEST_44708,0.006728318054229021,0.9918935298919678
TEST_44709,0.029128046706318855,0.9811914563179016
TEST_44710,0.022863635793328285,0.954975962638855
TEST_44711,0.004521339200437069,0.9972110390663147
TEST_44712,0.012731336988508701,0.9921872615814209
TEST_44713,0.009836843237280846,0.9954293966293335
TEST_44714,0.04111158847808838,0.9003431797027588
TEST_44715,0.007265814580023289,0.9984906911849976
TEST_44716,0.00488742021843791,0.9957664012908936
TEST_44717,0.9966805577278137,0.012306563556194305
TEST_44718,0.008671733550727367,0.9951252341270447
TEST_44719,0.9059697985649109,0.6671207547187805
TEST_44720,0.0035995389334857464,0.9975368976593018
TEST_44721,0.6540389657020569,0.8621754050254822
TEST_44722,0.005722137168049812,0.999351441860199
TEST_44723,0.0038077393546700478,0.9919147491455078
TEST_44724,0.006758612580597401,0.9897986650466919
TEST_44725,0.0021622921340167522,0.9982858300209045
TEST_44726,0.008878631517291069,0.9620268940925598
TEST_44727,0.03544774651527405,0.9922303557395935
TEST_44728,0.020149489864706993,0.9973166584968567
TEST_44729,0.025631409138441086,0.9670614004135132
TEST_44730,0.9275220632553101,0.024775430560112
TEST_44731,0.011888722889125347,0.9915526509284973
TEST_44732,0.0525110587477684,0.8934939503669739
TEST_44733,0.031618621200323105,0.8947519063949585
TEST_44734,0.0002340233331779018,0.9992827773094177
TEST_44735,0.007150319870561361,0.979385256767273
TEST_44736,0.00039692825521342456,0.9997373223304749
TEST_44737,0.995710015296936,0.021492034196853638
TEST_44738,0.03581177443265915,0.9154268503189087
TEST_44739,0.021425994113087654,0.9918285012245178
TEST_44740,0.013084503822028637,0.9705157279968262
TEST_44741,0.001061500166542828,0.9996747970581055
TEST_44742,0.13159061968326569,0.5383315086364746
TEST_44743,0.3031085431575775,0.9938325881958008
TEST_44744,0.003234616480767727,0.8916565179824829
TEST_44745,0.0005098135443404317,0.9933359622955322
TEST_44746,0.004752603359520435,0.998699426651001
TEST_44747,0.26312437653541565,0.21028031408786774
TEST_44748,0.06877459585666656,0.9834587574005127
TEST_44749,0.0010998286306858063,0.9830656051635742
TEST_44750,0.0005244881031103432,0.996229350566864
TEST_44751,0.0010405336506664753,0.9986937642097473
TEST_44752,0.024608979001641273,0.9706143140792847
TEST_44753,0.012577028945088387,0.9891419410705566
TEST_44754,0.035773005336523056,0.8666019439697266
TEST_44755,0.21605011820793152,0.8742502927780151
TEST_44756,0.07045911252498627,0.8234536647796631
TEST_44757,0.0011737227905541658,0.9998593330383301
TEST_44758,0.02264995500445366,0.99715256690979
TEST_44759,0.026906635612249374,0.82979816198349
TEST_44760,0.024503419175744057,0.9970382452011108
TEST_44761,0.0008755644666962326,0.9927520751953125
TEST_44762,0.39112475514411926,0.8970734477043152
TEST_44763,0.003987316973507404,0.9983192086219788
TEST_44764,0.03269011527299881,0.9054121375083923
TEST_44765,0.004576928447932005,0.999683141708374
TEST_44766,0.005597858689725399,0.9904148578643799
TEST_44767,0.014203458093106747,0.9851024150848389
TEST_44768,0.002531880745664239,0.9999911785125732
TEST_44769,0.2818082273006439,0.9478306174278259
TEST_44770,0.2986205220222473,0.9515160322189331
TEST_44771,0.022787705063819885,0.9921688437461853
TEST_44772,0.013635681010782719,0.9971156120300293
TEST_44773,0.004170660395175219,0.9884418845176697
TEST_44774,0.02843652106821537,0.8611847758293152
TEST_44775,0.0010050006676465273,0.9976294636726379
TEST_44776,0.10898277163505554,0.9754754304885864
TEST_44777,0.015200352296233177,0.9839587807655334
TEST_44778,0.0038653407245874405,0.9996050000190735
TEST_44779,0.02274271659553051,0.9954581260681152
TEST_44780,0.0014004303375259042,0.9994206428527832
TEST_44781,0.0031227655708789825,0.9684495329856873
TEST_44782,0.000334687065333128,0.998146653175354
TEST_44783,0.02375027909874916,0.9582442045211792
TEST_44784,0.01895199902355671,0.9940073490142822
TEST_44785,0.9307578802108765,0.023434972390532494
TEST_44786,0.001631984836421907,0.9982705116271973
TEST_44787,0.004892913158982992,0.9957295060157776
TEST_44788,0.00012084617628715932,0.9995030164718628
TEST_44789,0.7873714566230774,0.9887308478355408
TEST_44790,0.01023463811725378,0.9990002512931824
TEST_44791,0.003694855608046055,0.9983443021774292
TEST_44792,0.0023289364762604237,0.9851380586624146
TEST_44793,0.008034016005694866,0.9973547458648682
TEST_44794,0.04025797173380852,0.9347159266471863
TEST_44795,0.42995792627334595,0.9744178056716919
TEST_44796,0.13176190853118896,0.24867664277553558
TEST_44797,0.9742494225502014,0.8558192253112793
TEST_44798,0.032640255987644196,0.994178056716919
TEST_44799,0.000555372447706759,0.9989629983901978
TEST_44800,0.0002975315146613866,0.9949435591697693
TEST_44801,0.01835058443248272,0.9820252656936646
TEST_44802,0.002575840801000595,0.9421533942222595
TEST_44803,0.0942472591996193,0.9934399724006653
TEST_44804,0.04417724162340164,0.9978919625282288
TEST_44805,0.0013138165231794119,0.997078537940979
TEST_44806,0.31583482027053833,0.37723204493522644
TEST_44807,0.04838288575410843,0.9986042380332947
TEST_44808,0.18960386514663696,0.6720446944236755
TEST_44809,0.0005708742537535727,0.9948440790176392
TEST_44810,0.08239096403121948,0.9869027137756348
TEST_44811,0.0034607795532792807,0.9979830980300903
TEST_44812,0.19025999307632446,0.8012739419937134
TEST_44813,0.028083013370633125,0.949977457523346
TEST_44814,0.003059795591980219,0.9844841361045837
TEST_44815,0.006307101342827082,0.9954406023025513
TEST_44816,0.01582915149629116,0.9965195655822754
TEST_44817,0.0075194258242845535,0.9599120616912842
TEST_44818,0.022047249600291252,0.9666892290115356
TEST_44819,0.02797495573759079,0.984245240688324
TEST_44820,0.003024081699550152,0.9571982622146606
TEST_44821,0.03541043773293495,0.8834011554718018
TEST_44822,3.157370156259276e-05,0.9997807145118713
TEST_44823,0.015872249379754066,0.987237811088562
TEST_44824,0.0007010738481767476,0.9996042847633362
TEST_44825,0.04996757581830025,0.9499875903129578
TEST_44826,0.001100852619856596,0.9998019337654114
TEST_44827,0.9961543679237366,0.8089216947555542
TEST_44828,0.08479908853769302,0.9652228355407715
TEST_44829,0.0458267405629158,0.778808057308197
TEST_44830,0.002857895102351904,0.995653510093689
TEST_44831,0.9874788522720337,0.907784104347229
TEST_44832,0.007338806055486202,0.9760898351669312
TEST_44833,0.0030594030395150185,0.9998573064804077
TEST_44834,0.31151512265205383,0.9734231233596802
TEST_44835,0.007526247762143612,0.9957629442214966
TEST_44836,0.09298494458198547,0.9780740737915039
TEST_44837,0.004306781571358442,0.9966637492179871
TEST_44838,0.7832647562026978,0.18727536499500275
TEST_44839,0.02482573501765728,0.9894067645072937
TEST_44840,0.32432815432548523,0.008390563540160656
TEST_44841,0.010348101146519184,0.9280238747596741
TEST_44842,0.015334603376686573,0.9665642380714417
TEST_44843,0.006940041668713093,0.9746962189674377
TEST_44844,0.03194218873977661,0.7926281690597534
TEST_44845,0.05615200474858284,0.9994950294494629
TEST_44846,0.0001405209768563509,0.9992924928665161
TEST_44847,0.03125486522912979,0.9233153462409973
TEST_44848,0.002570910844951868,0.9971973896026611
TEST_44849,0.0003541698679327965,0.9996845722198486
TEST_44850,0.049950920045375824,0.8611788749694824
TEST_44851,0.006486343219876289,0.9940919280052185
TEST_44852,0.0036008560564368963,0.9857996702194214
TEST_44853,0.7932850122451782,0.997877836227417
TEST_44854,0.08666610717773438,0.8738663792610168
TEST_44855,0.0017951985355466604,0.9950241446495056
TEST_44856,0.7741590738296509,0.005545589607208967
TEST_44857,0.14853638410568237,0.9973917007446289
TEST_44858,0.02038484439253807,0.8204108476638794
TEST_44859,0.022769153118133545,0.9907162189483643
TEST_44860,0.01452356856316328,0.9805615544319153
TEST_44861,0.0008099121623672545,0.999312162399292
TEST_44862,0.014656214974820614,0.9304240345954895
TEST_44863,0.1949751228094101,0.9526588320732117
TEST_44864,0.009797189384698868,0.9188445806503296
TEST_44865,0.0037998633924871683,0.9935681223869324
TEST_44866,0.9036752581596375,0.8670781850814819
TEST_44867,0.042602796107530594,0.9604798555374146
TEST_44868,7.593380360049196e-06,0.9999165534973145
TEST_44869,0.00022504116350319237,0.9996486902236938
TEST_44870,0.01186995580792427,0.9917317032814026
TEST_44871,0.0021082968451082706,0.9724270701408386
TEST_44872,0.2827622592449188,0.9036372303962708
TEST_44873,0.00800381600856781,0.9995622038841248
TEST_44874,0.008961350657045841,0.9777113795280457
TEST_44875,0.006599852349609137,0.8454714417457581
TEST_44876,0.012375208549201488,0.9936621189117432
TEST_44877,0.02438499592244625,0.9916802048683167
TEST_44878,0.003536860691383481,0.996570348739624
TEST_44879,0.01712733693420887,0.946031928062439
TEST_44880,0.011296607553958893,0.9832671284675598
TEST_44881,0.08466924726963043,0.8940893411636353
TEST_44882,0.7259231805801392,0.6883325576782227
TEST_44883,0.02021181397140026,0.9556525349617004
TEST_44884,0.003091651713475585,0.9854545593261719
TEST_44885,0.012854299508035183,0.9794254899024963
TEST_44886,0.02001611329615116,0.9986194372177124
TEST_44887,0.24273896217346191,0.7895352244377136
TEST_44888,0.013281689956784248,0.6263681650161743
TEST_44889,0.00016347545897588134,0.9976473450660706
TEST_44890,0.0008655322017148137,0.990776002407074
TEST_44891,0.022135943174362183,0.9795063734054565
TEST_44892,0.22498174011707306,0.9028856754302979
TEST_44893,0.526481032371521,0.8970207571983337
TEST_44894,0.010893044993281364,0.987014889717102
TEST_44895,0.7045268416404724,0.9420685768127441
TEST_44896,0.018070917576551437,0.9904628396034241
TEST_44897,0.07715311646461487,0.997175931930542
TEST_44898,0.008125942200422287,0.9909350275993347
TEST_44899,0.9422688484191895,0.9972618818283081
TEST_44900,0.0076142968609929085,0.9881900548934937
TEST_44901,0.017077352851629257,0.9286725521087646
TEST_44902,0.07999162375926971,0.9080134630203247
TEST_44903,0.055478304624557495,0.9877370595932007
TEST_44904,0.00016332120867446065,0.9997879862785339
TEST_44905,0.030422035604715347,0.9948444366455078
TEST_44906,0.00021393793576862663,0.9999545812606812
TEST_44907,0.0010716679971665144,0.9995416402816772
TEST_44908,0.07051998376846313,0.9312970638275146
TEST_44909,0.00110749457962811,0.9761232733726501
TEST_44910,0.004880931228399277,0.9317700266838074
TEST_44911,0.011744329705834389,0.9793000817298889
TEST_44912,0.013506627641618252,0.509843647480011
TEST_44913,0.04354557394981384,0.9868119359016418
TEST_44914,0.0238309558480978,0.9970595240592957
TEST_44915,0.00135625374969095,0.9971874356269836
TEST_44916,0.025288082659244537,0.8294003009796143
TEST_44917,0.029884889721870422,0.9843424558639526
TEST_44918,0.0017391507280990481,0.9999986886978149
TEST_44919,0.005117546301335096,0.9994432330131531
TEST_44920,0.0007214393699541688,0.9954041242599487
TEST_44921,0.0037303981371223927,0.9953542947769165
TEST_44922,0.01750105246901512,0.9739996194839478
TEST_44923,0.07055988162755966,0.9186792373657227
TEST_44924,0.04707511514425278,0.925729513168335
TEST_44925,0.03761229291558266,0.9560614228248596
TEST_44926,0.0009727117139846087,0.9980429410934448
TEST_44927,0.1439797729253769,0.9694162607192993
TEST_44928,0.0031638233922421932,0.9106089472770691
TEST_44929,0.04098057374358177,0.9688711166381836
TEST_44930,0.6871877908706665,0.7313470244407654
TEST_44931,0.0005708778044208884,0.9985657334327698
TEST_44932,0.02578003704547882,0.9342455863952637
TEST_44933,0.0030678953044116497,0.9973422884941101
TEST_44934,0.041477568447589874,0.8938201069831848
TEST_44935,0.013380209915339947,0.989616870880127
TEST_44936,0.06538314372301102,0.9662636518478394
TEST_44937,0.005626688711345196,0.9967266321182251
TEST_44938,0.010378745384514332,0.9975420236587524
TEST_44939,0.025418121367692947,0.9865960478782654
TEST_44940,0.007307743187993765,0.9962770342826843
TEST_44941,0.0061319489032030106,0.9733075499534607
TEST_44942,0.017391083762049675,0.9961077570915222
TEST_44943,0.6938576102256775,0.7690814137458801
TEST_44944,0.0022824937477707863,0.9950681924819946
TEST_44945,0.010390584357082844,0.9954082369804382
TEST_44946,0.011395813897252083,0.9968108534812927
TEST_44947,0.011760689318180084,0.9955688118934631
TEST_44948,0.02878386713564396,0.9294919371604919
TEST_44949,0.000634094001725316,0.996821403503418
TEST_44950,0.007526902947574854,0.9993593096733093
TEST_44951,0.01319163665175438,0.9999594688415527
TEST_44952,0.002559164771810174,0.9948628544807434
TEST_44953,0.5621941089630127,0.7858606576919556
TEST_44954,0.034558285027742386,0.9980267882347107
TEST_44955,0.005153812933713198,0.9954578876495361
TEST_44956,0.006520052440464497,0.9980694651603699
TEST_44957,0.00449349032714963,0.9757920503616333
TEST_44958,0.012548057362437248,0.935884416103363
TEST_44959,0.0018534527625888586,0.9697520136833191
TEST_44960,0.043425120413303375,0.9938679337501526
TEST_44961,0.0027999829035252333,0.9436362981796265
TEST_44962,0.014589871279895306,0.9523431658744812
TEST_44963,0.07825879007577896,0.9850021004676819
TEST_44964,0.9907388687133789,0.032690949738025665
TEST_44965,0.013280097395181656,0.9924005270004272
TEST_44966,0.014534479938447475,0.9065297245979309
TEST_44967,0.06967825442552567,0.9211996793746948
TEST_44968,0.013180369511246681,0.9521359205245972
TEST_44969,0.03814384713768959,0.9028645157814026
TEST_44970,0.008440081030130386,0.9989213943481445
TEST_44971,0.19080811738967896,0.9417808651924133
TEST_44972,0.001564224949106574,0.9998810291290283
TEST_44973,0.008725004270672798,0.9900321960449219
TEST_44974,0.002683596918359399,0.9918012022972107
TEST_44975,0.0002473356726113707,0.9961517453193665
TEST_44976,0.03628499433398247,0.9975358247756958
TEST_44977,0.004343125969171524,0.9636792540550232
TEST_44978,0.6541705131530762,0.29480046033859253
TEST_44979,0.28344541788101196,0.3032321035861969
TEST_44980,0.26910707354545593,0.9953978657722473
TEST_44981,0.008602939546108246,0.9359574913978577
TEST_44982,0.019582543522119522,0.9829893708229065
TEST_44983,0.2543264329433441,0.8484881520271301
TEST_44984,0.039469294250011444,0.8470818400382996
TEST_44985,0.005602407269179821,0.9978982210159302
TEST_44986,0.001365529140457511,0.9954428672790527
TEST_44987,0.4292154014110565,0.7565270662307739
TEST_44988,0.013908937573432922,0.9877695441246033
TEST_44989,0.09662747383117676,0.968921422958374
TEST_44990,0.8624528646469116,0.01135250460356474
TEST_44991,0.00597729766741395,0.9949111342430115
TEST_44992,6.295424100244418e-05,0.9999879598617554
TEST_44993,0.02443521097302437,0.9962310194969177
TEST_44994,0.021826645359396935,0.9965409636497498
TEST_44995,0.014993838965892792,0.9995027780532837
TEST_44996,0.016976818442344666,0.9929288029670715
TEST_44997,0.002789561403915286,0.9988096952438354
TEST_44998,0.0010580522939562798,0.9999021291732788
TEST_44999,0.9741646647453308,0.8394641876220703
TEST_45000,0.016987737268209457,0.9816113114356995
TEST_45001,0.014639477245509624,0.9523212909698486
TEST_45002,0.03513949364423752,0.935633659362793
TEST_45003,0.36374393105506897,0.6670700311660767
TEST_45004,0.027337001636624336,0.9872281551361084
TEST_45005,0.16916388273239136,0.9962826371192932
TEST_45006,5.033070920035243e-05,0.9996057152748108
TEST_45007,0.03345134109258652,0.9713285565376282
TEST_45008,0.025764577090740204,0.9956583976745605
TEST_45009,0.0008526709862053394,0.9974923133850098
TEST_45010,0.014072609134018421,0.9999228715896606
TEST_45011,0.001074679777957499,0.998306155204773
TEST_45012,0.0036507844924926758,0.9872242212295532
TEST_45013,0.48769673705101013,0.9974856376647949
TEST_45014,0.005655782297253609,0.9671738147735596
TEST_45015,0.1546274721622467,0.9004791378974915
TEST_45016,0.2410307377576828,0.48394256830215454
TEST_45017,0.12376207113265991,0.8433482646942139
TEST_45018,0.012033484876155853,0.6954905390739441
TEST_45019,0.027625782415270805,0.8911601305007935
TEST_45020,0.032796911895275116,0.8787980675697327
TEST_45021,0.002141176024451852,0.9957571625709534
TEST_45022,0.025369253009557724,0.9636876583099365
TEST_45023,0.060553617775440216,0.9947123527526855
TEST_45024,0.006805510725826025,0.9973216652870178
TEST_45025,0.05644689127802849,0.9184384346008301
TEST_45026,0.025331594049930573,0.9575024247169495
TEST_45027,0.033172138035297394,0.9731342792510986
TEST_45028,0.002753239357843995,0.9678460359573364
TEST_45029,0.0163496732711792,0.4568651020526886
TEST_45030,0.009273715317249298,0.9971415400505066
TEST_45031,0.055037591606378555,0.9913632869720459
TEST_45032,8.263439667643979e-05,0.9999392032623291
TEST_45033,0.011036915704607964,0.9982613921165466
TEST_45034,0.0013776571722701192,0.9942670464515686
TEST_45035,0.0016901674680411816,0.9969545602798462
TEST_45036,0.0006410998175852001,0.9999784231185913
TEST_45037,0.005495345685631037,0.9980104565620422
TEST_45038,0.008711672388017178,0.99122154712677
TEST_45039,0.01219412125647068,0.996629536151886
TEST_45040,0.054069820791482925,0.9482547044754028
TEST_45041,0.06925003230571747,0.8772171139717102
TEST_45042,0.262055367231369,0.9142318367958069
TEST_45043,0.004192295018583536,0.9887418150901794
TEST_45044,0.07610179483890533,0.8736743927001953
TEST_45045,0.003976297564804554,0.9946576952934265
TEST_45046,0.0021640819031745195,0.9971875548362732
TEST_45047,0.3577096164226532,0.0697367861866951
TEST_45048,0.008481020107865334,0.9980054497718811
TEST_45049,0.1189836785197258,0.8945188522338867
TEST_45050,0.02287963218986988,0.9294135570526123
TEST_45051,0.001493974239565432,0.9928104281425476
TEST_45052,0.01828196458518505,0.6376234889030457
TEST_45053,0.43923598527908325,0.6820282936096191
TEST_45054,0.010135380551218987,0.9721438884735107
TEST_45055,0.012029828503727913,0.9960534572601318
TEST_45056,0.0011461649555712938,0.9982225298881531
TEST_45057,0.019758496433496475,0.970008909702301
TEST_45058,0.8637110590934753,0.8870766162872314
TEST_45059,0.44703030586242676,0.8677522540092468
TEST_45060,0.9023196697235107,0.9684472680091858
TEST_45061,0.035527776926755905,0.9295328259468079
TEST_45062,0.01757914014160633,0.9808775186538696
TEST_45063,0.005088329315185547,0.9967859983444214
TEST_45064,0.9998626708984375,7.617203664267436e-05
TEST_45065,0.0011627294588834047,0.9996775388717651
TEST_45066,0.003518936224281788,0.9994271993637085
TEST_45067,0.9988264441490173,0.01711195521056652
TEST_45068,0.979907751083374,0.8187130689620972
TEST_45069,0.0031047328375279903,0.9915292263031006
TEST_45070,0.010434387251734734,0.9994239807128906
TEST_45071,0.038493819534778595,0.9729137420654297
TEST_45072,0.06909223645925522,0.846817672252655
TEST_45073,0.0010071200085803866,0.9999977350234985
TEST_45074,0.2430696338415146,0.9792033433914185
TEST_45075,0.027021121233701706,0.968781590461731
TEST_45076,0.6728681325912476,0.8828989267349243
TEST_45077,0.00011039358651032671,0.9998602867126465
TEST_45078,0.0025072337593883276,0.971578061580658
TEST_45079,0.012544199824333191,0.8807033896446228
TEST_45080,0.023377366364002228,0.9957947731018066
TEST_45081,0.9999990463256836,0.012051207013428211
TEST_45082,0.00489471759647131,0.9941188097000122
TEST_45083,0.00010778621799545363,0.999728262424469
TEST_45084,0.099305160343647,0.8669723868370056
TEST_45085,0.024151906371116638,0.9896747469902039
TEST_45086,0.7897322177886963,0.5227578282356262
TEST_45087,0.19976629316806793,0.695463240146637
TEST_45088,0.005302506033331156,0.9794908165931702
TEST_45089,0.9616930484771729,0.7005977630615234
TEST_45090,0.029474755749106407,0.9398301243782043
TEST_45091,0.00034957053139805794,0.997812032699585
TEST_45092,0.13877476751804352,0.9565837383270264
TEST_45093,0.05327184870839119,0.8951280117034912
TEST_45094,0.0011379220522940159,0.9981712102890015
TEST_45095,0.0029680973384529352,0.9801437258720398
TEST_45096,0.5591217875480652,0.7060838937759399
TEST_45097,0.13500802218914032,0.8860863447189331
TEST_45098,0.1414700746536255,0.9097431898117065
TEST_45099,0.05561894178390503,0.9268544912338257
TEST_45100,0.0029570211190730333,0.9984989166259766
TEST_45101,0.0766935646533966,0.10912135243415833
TEST_45102,0.001852337154559791,0.9986458420753479
TEST_45103,0.5468261241912842,0.9638429880142212
TEST_45104,0.00041780556784942746,0.9998453855514526
TEST_45105,0.008761710487306118,0.9984762072563171
TEST_45106,0.02838522009551525,0.9846621751785278
TEST_45107,0.01602274738252163,0.9745836853981018
TEST_45108,0.00021343956177588552,0.9992744326591492
TEST_45109,0.027275584638118744,0.9986886382102966
TEST_45110,0.01621251180768013,0.8056184649467468
TEST_45111,0.0009727923315949738,0.9991040825843811
TEST_45112,0.007409001234918833,0.9962557554244995
TEST_45113,0.024038735777139664,0.9933046698570251
TEST_45114,0.3590540587902069,0.002264107810333371
TEST_45115,0.9954479336738586,0.9221874475479126
TEST_45116,0.005354725755751133,0.9924119114875793
TEST_45117,0.014662614092230797,0.9906602501869202
TEST_45118,0.022655654698610306,0.931416392326355
TEST_45119,0.0015638206386938691,0.97381192445755
TEST_45120,0.02055198699235916,0.9835936427116394
TEST_45121,0.001251534791663289,0.9998244643211365
TEST_45122,0.8791844844818115,0.763608455657959
TEST_45123,0.002160819247364998,0.99958735704422
TEST_45124,0.0137929767370224,0.9898425936698914
TEST_45125,0.0034180665388703346,0.9971761703491211
TEST_45126,0.05195720121264458,0.9865145087242126
TEST_45127,0.0035468877758830786,0.9997491240501404
TEST_45128,0.2213796079158783,0.9981487989425659
TEST_45129,0.10311593860387802,0.26455435156822205
TEST_45130,0.004795112181454897,0.9994175434112549
TEST_45131,0.001205985900014639,0.947852373123169
TEST_45132,0.07868274301290512,0.9729955196380615
TEST_45133,0.8811357617378235,0.47311148047447205
TEST_45134,0.02851463295519352,0.937771201133728
TEST_45135,0.05866916477680206,0.9763752222061157
TEST_45136,0.007386159151792526,0.9985632300376892
TEST_45137,0.5204054117202759,0.9855493903160095
TEST_45138,0.04574287682771683,0.9987648725509644
TEST_45139,0.0031770258210599422,0.9990835189819336
TEST_45140,0.001262898207642138,0.9936044812202454
TEST_45141,0.20224827527999878,0.08248136192560196
TEST_45142,0.032171010971069336,0.990014910697937
TEST_45143,0.01495011243969202,0.9985106587409973
TEST_45144,0.0070146480575203896,0.9890214800834656
TEST_45145,0.02473514899611473,0.8657399415969849
TEST_45146,0.011825451627373695,0.9902783036231995
TEST_45147,0.8292843699455261,0.5796813368797302
TEST_45148,0.002727060578763485,0.9954740405082703
TEST_45149,0.01989862509071827,0.8162662982940674
TEST_45150,0.001772383926436305,0.9976576566696167
TEST_45151,0.0072982399724423885,0.9990214109420776
TEST_45152,0.015942521393299103,0.9989445805549622
TEST_45153,0.13576288521289825,0.9475292563438416
TEST_45154,0.03322039917111397,0.9434081315994263
TEST_45155,0.007360667921602726,0.9934091567993164
TEST_45156,0.04441722109913826,0.9109784960746765
TEST_45157,0.0009518579463474452,0.9996892213821411
TEST_45158,0.010431536473333836,0.9978491067886353
TEST_45159,0.8608110547065735,0.9556980133056641
TEST_45160,0.08730101585388184,0.934625506401062
TEST_45161,0.08330506831407547,0.9898021817207336
TEST_45162,0.3767189681529999,0.9242717623710632
TEST_45163,0.0033752950839698315,0.9997829794883728
TEST_45164,0.00980272889137268,0.8719437122344971
TEST_45165,0.0015107695944607258,0.9985461235046387
TEST_45166,0.018176687881350517,0.09695406258106232
TEST_45167,0.0012997548328712583,0.9816716313362122
TEST_45168,0.006319306790828705,0.9939086437225342
TEST_45169,0.027571549639105797,0.9659431576728821
TEST_45170,0.0004739042487926781,0.9937698245048523
TEST_45171,2.566591319919098e-05,0.9990672469139099
TEST_45172,0.006940054707229137,0.999982476234436
TEST_45173,0.030693812295794487,0.7719137072563171
TEST_45174,0.03050433099269867,0.9837231636047363
TEST_45175,0.9998365640640259,0.45021888613700867
TEST_45176,0.01242638286203146,0.9968949556350708
TEST_45177,0.18898709118366241,0.9543985724449158
TEST_45178,0.013924844563007355,0.9774066209793091
TEST_45179,0.08283631503582001,0.9565326571464539
TEST_45180,0.022976428270339966,0.9816100597381592
TEST_45181,0.16603872179985046,0.8144044876098633
TEST_45182,0.0441218726336956,0.8299180865287781
TEST_45183,0.002270434983074665,0.9970689415931702
TEST_45184,0.08918394148349762,0.9804052114486694
TEST_45185,0.1300584375858307,0.8621623516082764
TEST_45186,0.4570698142051697,0.9299259185791016
TEST_45187,0.01402810774743557,0.9957183003425598
TEST_45188,0.036044053733348846,0.9342489242553711
TEST_45189,0.0013793217949569225,0.9892160892486572
TEST_45190,0.000901964318472892,0.9979143738746643
TEST_45191,0.9785792231559753,0.35951903462409973
TEST_45192,0.0019487016834318638,0.9970878958702087
TEST_45193,0.003016698407009244,0.9960130453109741
TEST_45194,0.0007129051373340189,0.9842319488525391
TEST_45195,0.003611738095059991,0.985451340675354
TEST_45196,0.10261987149715424,0.8998152613639832
TEST_45197,0.16725006699562073,0.9164964556694031
TEST_45198,0.016693249344825745,0.9819474220275879
TEST_45199,0.004368272144347429,0.9859134554862976
TEST_45200,0.02861664816737175,0.9976546764373779
TEST_45201,0.003243994200602174,0.9484178423881531
TEST_45202,0.9968782663345337,0.024434136226773262
TEST_45203,0.054701682180166245,0.8638011813163757
TEST_45204,0.30136838555336,0.7904767990112305
TEST_45205,7.525542969233356e-06,0.9999961853027344
TEST_45206,0.0021538003347814083,0.9978371262550354
TEST_45207,0.6035794615745544,0.9666979908943176
TEST_45208,0.017208203673362732,0.9980149269104004
TEST_45209,0.05402973294258118,0.8721237778663635
TEST_45210,0.01708206720650196,0.9091824293136597
TEST_45211,0.11739388108253479,0.8520112633705139
TEST_45212,0.00315799075178802,0.9995670914649963
TEST_45213,0.003922737669199705,0.9832965135574341
TEST_45214,0.0075322408229112625,0.9948647618293762
TEST_45215,0.5187157988548279,0.8981064558029175
TEST_45216,0.04293866828083992,0.9887683391571045
TEST_45217,0.00042505309102125466,0.999263346195221
TEST_45218,0.04518285021185875,0.576679527759552
TEST_45219,0.006457283161580563,0.9999953508377075
TEST_45220,0.0058097378350794315,0.9470614194869995
TEST_45221,0.000381936552003026,0.9991337656974792
TEST_45222,0.34392112493515015,0.26333296298980713
TEST_45223,0.00836174190044403,0.9767052531242371
TEST_45224,0.3461630642414093,0.8808673620223999
TEST_45225,0.0029807905666530132,0.9997931122779846
TEST_45226,0.3826070725917816,0.9588513374328613
TEST_45227,0.003388000186532736,0.9968269467353821
TEST_45228,0.0664936974644661,0.09250440448522568
TEST_45229,4.185721627436578e-05,0.9999942779541016
TEST_45230,0.004179335664957762,0.9994408488273621
TEST_45231,0.8767648339271545,0.9733726382255554
TEST_45232,0.0019978361669927835,0.9998598098754883
TEST_45233,0.02660597860813141,0.9155926704406738
TEST_45234,0.052981797605752945,0.9978245496749878
TEST_45235,0.7312142848968506,0.9157102108001709
TEST_45236,0.1321837157011032,0.8840009570121765
TEST_45237,0.0019224461866542697,0.9753977656364441
TEST_45238,0.013040464371442795,0.7197943329811096
TEST_45239,0.015804234892129898,0.984454870223999
TEST_45240,0.000470093684270978,0.9984872341156006
TEST_45241,0.6414859294891357,0.3814818859100342
TEST_45242,0.0008149147033691406,0.9894934892654419
TEST_45243,0.28965550661087036,0.9918538331985474
TEST_45244,0.003743282752111554,0.9965223073959351
TEST_45245,0.0032709483057260513,0.9595897793769836
TEST_45246,0.004541513044387102,0.9994440674781799
TEST_45247,0.16209128499031067,0.36666277050971985
TEST_45248,0.00014714975259266794,0.9995083808898926
TEST_45249,0.009872796013951302,0.9975106716156006
TEST_45250,0.015161369927227497,0.9845885634422302
TEST_45251,0.0010790269589051604,0.9931325316429138
TEST_45252,0.009058302268385887,0.9389317631721497
TEST_45253,0.006669167894870043,0.9015815854072571
TEST_45254,0.9998200535774231,9.674292232375592e-05
TEST_45255,0.04932892695069313,0.9761749505996704
TEST_45256,0.008553031831979752,0.9980266690254211
TEST_45257,0.010153825394809246,0.7590121626853943
TEST_45258,0.0013784997863695025,0.9920670986175537
TEST_45259,0.027255630120635033,0.9856870770454407
TEST_45260,0.004060202743858099,0.985183835029602
TEST_45261,0.9999934434890747,0.006228112615644932
TEST_45262,0.005937378387898207,0.9705114364624023
TEST_45263,0.00535777909681201,0.935865581035614
TEST_45264,0.002265758579596877,0.9821425080299377
TEST_45265,0.14941421151161194,0.38712078332901
TEST_45266,0.004819604568183422,0.9988234639167786
TEST_45267,0.058128755539655685,0.9155488014221191
TEST_45268,0.003611413761973381,0.9374532103538513
TEST_45269,0.005695963278412819,0.9814361929893494
TEST_45270,0.029290512204170227,0.7988989353179932
TEST_45271,0.1434660255908966,0.9121782183647156
TEST_45272,0.011358586139976978,0.9150273203849792
TEST_45273,0.008182629942893982,0.9288659691810608
TEST_45274,0.0029446573462337255,0.998180627822876
TEST_45275,0.0019405974308028817,0.9994102716445923
TEST_45276,0.9901100993156433,0.028357727453112602
TEST_45277,0.017813680693507195,0.987297773361206
TEST_45278,0.07107555866241455,0.9995429515838623
TEST_45279,0.06057519465684891,0.888210654258728
TEST_45280,0.8830476403236389,0.029048604890704155
TEST_45281,0.003523401450365782,0.9951046705245972
TEST_45282,0.004390039015561342,0.9908648133277893
TEST_45283,0.00708795664831996,0.9932644367218018
TEST_45284,0.8271942734718323,0.46901610493659973
TEST_45285,0.018094582483172417,0.9979370832443237
TEST_45286,0.018920360133051872,0.9846103191375732
TEST_45287,0.02144015207886696,0.9528821110725403
TEST_45288,0.02218651957809925,0.9953572154045105
TEST_45289,0.02675491012632847,0.8931915760040283
TEST_45290,0.6042572259902954,0.9609136581420898
TEST_45291,0.0033856506925076246,0.9979202151298523
TEST_45292,0.0002307923714397475,0.9958192110061646
TEST_45293,0.005092678591609001,0.9980150461196899
TEST_45294,0.0059857917949557304,0.9899938702583313
TEST_45295,0.08259858936071396,0.9561536908149719
TEST_45296,0.04686974734067917,0.9045225381851196
TEST_45297,0.023532068356871605,0.8350504040718079
TEST_45298,0.007190829608589411,0.998989999294281
TEST_45299,0.16868339478969574,0.9889937043190002
TEST_45300,0.015246723778545856,0.9884583353996277
TEST_45301,0.004481212235987186,0.9973668456077576
TEST_45302,0.7705160975456238,0.8747518062591553
TEST_45303,0.9753183722496033,0.4792132079601288
TEST_45304,0.699289083480835,0.9034562706947327
TEST_45305,0.008993503637611866,0.994014322757721
TEST_45306,0.0034875546116381884,0.9988596439361572
TEST_45307,0.010904323309659958,0.8860214352607727
TEST_45308,0.00108638359233737,0.9993159770965576
TEST_45309,0.029834775254130363,0.8718390464782715
TEST_45310,0.12786531448364258,0.9480374455451965
TEST_45311,0.3546425402164459,0.9505617618560791
TEST_45312,0.031334806233644485,0.8983323574066162
TEST_45313,0.013452134095132351,0.9879981279373169
TEST_45314,0.001591622014530003,0.9894039630889893
TEST_45315,0.010575272142887115,0.9842007756233215
TEST_45316,0.03919355198740959,0.8287637233734131
TEST_45317,0.6472238302230835,0.6889899373054504
TEST_45318,0.0065346043556928635,0.9922163486480713
TEST_45319,0.25505363941192627,0.9743708372116089
TEST_45320,0.026625579223036766,0.9143462777137756
TEST_45321,0.9739190340042114,0.9732162356376648
TEST_45322,0.0016899204347282648,0.9950897097587585
TEST_45323,0.0036624725908041,0.9605345726013184
TEST_45324,0.002740151947364211,0.9792656302452087
TEST_45325,0.008648109622299671,0.9971280694007874
TEST_45326,0.0010144057450816035,0.9894397854804993
TEST_45327,0.008088708855211735,0.9698556065559387
TEST_45328,0.0034115370362997055,0.9983373880386353
TEST_45329,0.002638357225805521,0.9967095851898193
TEST_45330,0.000820546003524214,0.9974979758262634
TEST_45331,0.00725324684754014,0.9823929071426392
TEST_45332,0.44767558574676514,0.24640466272830963
TEST_45333,0.18314671516418457,0.8536307215690613
TEST_45334,0.02251254953444004,0.9870676398277283
TEST_45335,0.013902837410569191,0.999021053314209
TEST_45336,0.9994128942489624,4.654558506445028e-05
TEST_45337,0.1154448390007019,0.8939433693885803
TEST_45338,0.04046211391687393,0.9892581105232239
TEST_45339,1.1431021675889497e-06,0.9999487400054932
TEST_45340,0.004302244633436203,0.9956837892532349
TEST_45341,0.011540349572896957,0.9815935492515564
TEST_45342,0.9829958081245422,0.01172095350921154
TEST_45343,9.827974281506613e-05,0.9999867677688599
TEST_45344,0.10545433312654495,0.969940721988678
TEST_45345,0.0007312025991268456,0.9993630051612854
TEST_45346,0.8918843269348145,0.9671440720558167
TEST_45347,0.010995542630553246,0.9325782060623169
TEST_45348,0.005765680689364672,0.9910885095596313
TEST_45349,0.10968226194381714,0.47991418838500977
TEST_45350,0.0005243431078270078,0.9994662404060364
TEST_45351,0.0004962542443536222,0.9959567189216614
TEST_45352,0.020816834643483162,0.9663535356521606
TEST_45353,0.6890657544136047,0.888933539390564
TEST_45354,0.009255687706172466,0.9972437620162964
TEST_45355,0.03682137653231621,0.9782111644744873
TEST_45356,0.05451599508523941,0.9593960642814636
TEST_45357,0.021514559164643288,0.9905104041099548
TEST_45358,0.9485601782798767,0.7113771438598633
TEST_45359,0.02384653501212597,0.9982141256332397
TEST_45360,0.015296777710318565,0.9992901086807251
TEST_45361,0.0012145454529672861,0.9984411597251892
TEST_45362,0.11432913690805435,0.8990238308906555
TEST_45363,0.003087494056671858,0.9999018907546997
TEST_45364,0.03280775621533394,0.9953981041908264
TEST_45365,0.004179301671683788,0.9985361099243164
TEST_45366,0.09171149134635925,0.8969001770019531
TEST_45367,0.17227578163146973,0.9296221137046814
TEST_45368,0.08116605132818222,0.779994010925293
TEST_45369,0.009197451174259186,0.9983691573143005
TEST_45370,0.0010928591946139932,0.9967600703239441
TEST_45371,0.13176146149635315,0.8152340650558472
TEST_45372,0.26080694794654846,0.821323037147522
TEST_45373,0.009533748961985111,0.9645611643791199
TEST_45374,0.508510947227478,0.04816942289471626
TEST_45375,0.0009002394508570433,0.9242733716964722
TEST_45376,0.0027405039872974157,0.9989848732948303
TEST_45377,0.01293724961578846,0.9923064112663269
TEST_45378,0.0027778346557170153,0.9990637898445129
TEST_45379,0.027689848095178604,0.9999897480010986
TEST_45380,0.0015052654780447483,0.9964060187339783
TEST_45381,0.0021401899866759777,0.9948136806488037
TEST_45382,0.006840233225375414,0.9821663498878479
TEST_45383,0.016930660232901573,0.9055134654045105
TEST_45384,0.06135573238134384,0.9994552731513977
TEST_45385,0.007964725606143475,0.9998682737350464
TEST_45386,0.8151090741157532,0.9882921576499939
TEST_45387,0.012194477953016758,0.9926362037658691
TEST_45388,0.8948383331298828,0.004562183748930693
TEST_45389,0.015389391221106052,0.9868942499160767
TEST_45390,0.0026302174665033817,0.9979199767112732
TEST_45391,0.19873829185962677,0.8712339401245117
TEST_45392,0.01170000433921814,0.8972439169883728
TEST_45393,0.03270593658089638,0.9438371062278748
TEST_45394,0.012436176650226116,0.9825551509857178
TEST_45395,0.01837536133825779,0.9927090406417847
TEST_45396,0.003157258266583085,0.9962621331214905
TEST_45397,0.0036654092837125063,0.9833449721336365
TEST_45398,0.0013710244093090296,0.9876147508621216
TEST_45399,0.02779405005276203,0.8879783749580383
TEST_45400,0.006063123233616352,0.9807028770446777
TEST_45401,0.0014087148010730743,0.9756794571876526
TEST_45402,0.03012894280254841,0.9947029948234558
TEST_45403,0.03239671140909195,0.9514647722244263
TEST_45404,0.004918922204524279,0.9894932508468628
TEST_45405,0.0011927953455597162,0.9941288232803345
TEST_45406,0.0003035409317817539,0.9996706247329712
TEST_45407,0.0026778371538966894,0.9991574287414551
TEST_45408,0.0038940126542001963,0.9830568432807922
TEST_45409,0.046257384121418,0.9930213093757629
TEST_45410,0.003123979549854994,0.9977311491966248
TEST_45411,0.08505851030349731,0.9293801784515381
TEST_45412,0.5676785707473755,0.919897735118866
TEST_45413,0.013331261463463306,0.9979782700538635
TEST_45414,0.00501690898090601,0.9987861514091492
TEST_45415,0.005823473446071148,0.9929975271224976
TEST_45416,0.25730761885643005,0.9872366189956665
TEST_45417,0.06060643866658211,0.7916002869606018
TEST_45418,0.0006999039324000478,0.99952232837677
TEST_45419,0.0007687814650125802,0.9989246726036072
TEST_45420,0.03317062184214592,0.9305450916290283
TEST_45421,0.0023835860192775726,0.966556966304779
TEST_45422,0.0013259483966976404,0.9986710548400879
TEST_45423,0.02639848180115223,0.9873942136764526
TEST_45424,0.0017853727331385016,0.9997815489768982
TEST_45425,0.01881120167672634,0.9683383703231812
TEST_45426,0.010838878341019154,0.9946953654289246
TEST_45427,0.04889262095093727,0.9971787929534912
TEST_45428,0.007940536364912987,0.9999533891677856
TEST_45429,0.06499196588993073,0.947847843170166
TEST_45430,0.011162230744957924,0.9967363476753235
TEST_45431,0.2382400929927826,0.4820649027824402
TEST_45432,0.08298412710428238,0.926979660987854
TEST_45433,0.02708759345114231,0.9774550199508667
TEST_45434,0.0023491804022341967,0.9334372282028198
TEST_45435,0.0904078409075737,0.1794494092464447
TEST_45436,0.11543295532464981,0.9894355535507202
TEST_45437,0.0031930371187627316,0.9973445534706116
TEST_45438,0.02493910677731037,0.985541045665741
TEST_45439,0.0287766270339489,0.9883516430854797
TEST_45440,0.0026583701837807894,0.9995263814926147
TEST_45441,0.004282384645193815,0.9907339811325073
TEST_45442,0.041256509721279144,0.8018587231636047
TEST_45443,0.013770715333521366,0.9995765089988708
TEST_45444,0.03974976763129234,0.9001069664955139
TEST_45445,0.27463072538375854,0.6493214964866638
TEST_45446,0.11591657251119614,0.9987146854400635
TEST_45447,0.000733465887606144,0.9976939558982849
TEST_45448,0.03650791943073273,0.942836344242096
TEST_45449,0.0010743901366367936,0.9986265897750854
TEST_45450,0.002787939505651593,0.916175901889801
TEST_45451,0.018133150413632393,0.9742569923400879
TEST_45452,0.32663241028785706,0.9338805079460144
TEST_45453,0.000670502835419029,0.9996007084846497
TEST_45454,0.09585750848054886,0.854944109916687
TEST_45455,0.04683610051870346,0.9847152233123779
TEST_45456,0.6884457468986511,0.8529003858566284
TEST_45457,0.5359998941421509,0.8506092429161072
TEST_45458,0.030127227306365967,0.9834367036819458
TEST_45459,0.9994421601295471,0.00024067683261819184
TEST_45460,4.721829100162722e-06,0.9969327449798584
TEST_45461,0.015168272890150547,0.9902837872505188
TEST_45462,0.01658090390264988,0.9954921007156372
TEST_45463,0.0024954492691904306,0.9995023012161255
TEST_45464,0.01482597179710865,0.9926031231880188
TEST_45465,0.08927373588085175,0.9723485112190247
TEST_45466,0.004927544388920069,0.996542751789093
TEST_45467,0.9331945180892944,0.9326093792915344
TEST_45468,0.05942443385720253,0.513359546661377
TEST_45469,0.004613540600985289,0.999921441078186
TEST_45470,0.004268933553248644,0.9999887943267822
TEST_45471,0.8876669406890869,0.04707811027765274
TEST_45472,0.030916159972548485,0.9914296269416809
TEST_45473,0.00602639140561223,0.9964072108268738
TEST_45474,0.017467942088842392,0.9897482991218567
TEST_45475,0.006425390485674143,0.9968932867050171
TEST_45476,0.07505157589912415,0.6943960189819336
TEST_45477,0.043791383504867554,0.9143496751785278
TEST_45478,0.008933317847549915,0.9967183470726013
TEST_45479,0.0327511690557003,0.9994741082191467
TEST_45480,0.00029992498457431793,0.9951046705245972
TEST_45481,0.4359642267227173,0.8523180484771729
TEST_45482,0.2355130910873413,0.9019303321838379
TEST_45483,0.04546354338526726,0.9185721278190613
TEST_45484,0.008105007000267506,0.998119056224823
TEST_45485,0.052987683564424515,0.987753689289093
TEST_45486,0.364736944437027,0.640376091003418
TEST_45487,0.08760084211826324,0.9191258549690247
TEST_45488,0.07125663757324219,0.21084509789943695
TEST_45489,0.001148395473137498,0.9991080164909363
TEST_45490,0.002424027305096388,0.9888779520988464
TEST_45491,0.0027400022372603416,0.9997698664665222
TEST_45492,0.015034273266792297,0.9786495566368103
TEST_45493,0.03917405381798744,0.9040191769599915
TEST_45494,0.0070017497055232525,0.9778141379356384
TEST_45495,0.0010614879429340363,0.9972162246704102
TEST_45496,0.009193663485348225,0.9992014765739441
TEST_45497,0.034823864698410034,0.995681881904602
TEST_45498,0.028143776580691338,0.9969593286514282
TEST_45499,0.19696930050849915,0.9067884087562561
TEST_45500,0.9554129838943481,0.1124105304479599
TEST_45501,0.13316915929317474,0.9554154872894287
TEST_45502,0.0068894256837666035,0.9764886498451233
TEST_45503,0.03140910342335701,0.996227502822876
TEST_45504,0.012678827159106731,0.9993895292282104
TEST_45505,0.0014672203687950969,0.9942102432250977
TEST_45506,0.09578593075275421,0.47719109058380127
TEST_45507,0.0855778157711029,0.8809064626693726
TEST_45508,0.02676066756248474,0.9608127474784851
TEST_45509,0.0037586460821330547,0.9446794390678406
TEST_45510,0.17862002551555634,0.8910887837409973
TEST_45511,0.03617667034268379,0.939801812171936
TEST_45512,0.3344908654689789,0.9852840900421143
TEST_45513,0.9926155805587769,0.02106284536421299
TEST_45514,0.030712774023413658,0.9527811408042908
TEST_45515,0.005882353987544775,0.94985032081604
TEST_45516,0.06076403334736824,0.896746039390564
TEST_45517,0.0014471841277554631,0.9997581839561462
TEST_45518,0.033247631043195724,0.9824851751327515
TEST_45519,0.0021378055680543184,0.9991890788078308
TEST_45520,0.5879464149475098,0.9633745551109314
TEST_45521,0.38761231303215027,0.994164764881134
TEST_45522,0.016074221581220627,0.9930776357650757
TEST_45523,0.0007506987312808633,0.9996753931045532
TEST_45524,0.005206850823014975,0.9858878254890442
TEST_45525,0.003585039870813489,0.9272448420524597
TEST_45526,0.005150452256202698,0.9961989521980286
TEST_45527,0.00028835644479840994,0.9999972581863403
TEST_45528,0.01825086772441864,0.9898339509963989
TEST_45529,0.0012207806576043367,0.9950516819953918
TEST_45530,0.10165135562419891,0.8669216632843018
TEST_45531,0.04813504219055176,0.9878786206245422
TEST_45532,0.0061447457410395145,0.9860551953315735
TEST_45533,0.10872507840394974,0.9943894743919373
TEST_45534,0.22569547593593597,0.9894959330558777
TEST_45535,0.45065057277679443,0.6010140180587769
TEST_45536,0.005774390418082476,0.9982491731643677
TEST_45537,0.9998592138290405,0.0001360251771984622
TEST_45538,0.0021989033557474613,0.9973668456077576
TEST_45539,0.029266176745295525,0.871053159236908
TEST_45540,5.26219128005323e-06,0.999996542930603
TEST_45541,0.9526987671852112,0.06452284008264542
TEST_45542,0.0046167075634002686,0.9962902069091797
TEST_45543,0.002027128590270877,0.9975425004959106
TEST_45544,0.019950009882450104,0.9841740131378174
TEST_45545,0.8276392817497253,0.8209813833236694
TEST_45546,0.008709498681128025,0.9888721108436584
TEST_45547,0.17566391825675964,0.9860563278198242
TEST_45548,0.008197937160730362,0.9841611981391907
TEST_45549,0.10791037231683731,0.23142997920513153
TEST_45550,0.24211037158966064,0.9856509566307068
TEST_45551,0.014214820228517056,0.9690250754356384
TEST_45552,0.002249951707199216,0.994810938835144
TEST_45553,0.011557572521269321,0.9804142713546753
TEST_45554,0.019291244447231293,0.9931555390357971
TEST_45555,0.007080389652401209,0.49371954798698425
TEST_45556,0.0007458096370100975,0.9985790252685547
TEST_45557,0.14433518052101135,0.8904026746749878
TEST_45558,0.014560523442924023,0.6584910750389099
TEST_45559,0.01664903573691845,0.9849963188171387
TEST_45560,0.049400921911001205,0.8858559727668762
TEST_45561,0.0021566736977547407,0.9964041709899902
TEST_45562,0.021204229444265366,0.9214832186698914
TEST_45563,0.9983431100845337,0.5026139616966248
TEST_45564,0.0797649472951889,0.7503227591514587
TEST_45565,0.033802226185798645,0.9991182684898376
TEST_45566,0.0003728102019522339,0.9999103546142578
TEST_45567,0.14555776119232178,0.9059203863143921
TEST_45568,0.020671071484684944,0.9743599891662598
TEST_45569,0.03393789753317833,0.8485391736030579
TEST_45570,0.9977182149887085,0.0037934447173029184
TEST_45571,0.013150528073310852,0.9776606559753418
TEST_45572,0.007261702325195074,0.9146310091018677
TEST_45573,0.050345174968242645,0.9881017208099365
TEST_45574,0.006745452992618084,0.9911943674087524
TEST_45575,0.009312172420322895,0.9925536513328552
TEST_45576,0.028018930926918983,0.9626334309577942
TEST_45577,0.013918312266469002,0.5451947450637817
TEST_45578,0.007589215878397226,0.9962762594223022
TEST_45579,0.3214638829231262,0.90041583776474
TEST_45580,0.05110698938369751,0.8634688854217529
TEST_45581,0.010901360772550106,0.9447563886642456
TEST_45582,0.015595766715705395,0.9952517747879028
TEST_45583,0.000534660299308598,0.9998461008071899
TEST_45584,0.043216522783041,0.9987084865570068
TEST_45585,0.003002745099365711,0.9176768660545349
TEST_45586,0.0058294255286455154,0.9859520196914673
TEST_45587,0.0015902695013210177,0.9802027940750122
TEST_45588,0.007431698963046074,0.9991028308868408
TEST_45589,0.014788472093641758,0.9305374622344971
TEST_45590,0.06759064644575119,0.931816577911377
TEST_45591,0.012723151594400406,0.9975443482398987
TEST_45592,0.0023584766313433647,0.9924083948135376
TEST_45593,0.05064832419157028,0.9892296195030212
TEST_45594,0.06683530658483505,0.8832340240478516
TEST_45595,0.9982743263244629,0.0017109822947531939
TEST_45596,0.9941155910491943,0.020475175231695175
TEST_45597,0.10969087481498718,0.664846658706665
TEST_45598,0.006016505416482687,0.999749481678009
TEST_45599,0.002226468175649643,0.9994033575057983
TEST_45600,0.0036729834973812103,0.9798332452774048
TEST_45601,0.004678892437368631,0.9851203560829163
TEST_45602,0.00011808888666564599,0.9994589686393738
TEST_45603,0.8330672979354858,0.9673804044723511
TEST_45604,0.0008484848658554256,0.9985425472259521
TEST_45605,0.0035154600627720356,0.9962809681892395
TEST_45606,0.004747017752379179,0.5014321804046631
TEST_45607,0.0054533956572413445,0.9996225833892822
TEST_45608,0.004481467418372631,0.9992334842681885
TEST_45609,0.0006558666354976594,0.9992519021034241
TEST_45610,0.05137696489691734,0.9656934142112732
TEST_45611,0.0011612727539613843,0.9895402789115906
TEST_45612,0.0063364142552018166,0.9987635612487793
TEST_45613,0.0032497593201696873,0.994292140007019
TEST_45614,0.27673324942588806,0.947913408279419
TEST_45615,0.21998879313468933,0.34605175256729126
TEST_45616,0.000434239162132144,0.9977618455886841
TEST_45617,0.9471473097801208,0.9821908473968506
TEST_45618,0.03962535783648491,0.9530638456344604
TEST_45619,0.033923231065273285,0.8931863307952881
TEST_45620,0.0031154081225395203,0.9964624047279358
TEST_45621,0.016057727858424187,0.9997715353965759
TEST_45622,0.17711569368839264,0.9266784191131592
TEST_45623,0.0077571808360517025,0.9958975315093994
TEST_45624,0.6173413991928101,0.9729515314102173
TEST_45625,0.9841720461845398,0.5964065790176392
TEST_45626,0.019462822005152702,0.9876604080200195
TEST_45627,0.0001983596448553726,0.9984731078147888
TEST_45628,0.01055350061506033,0.9949817061424255
TEST_45629,0.0007343226461671293,0.9944104552268982
TEST_45630,0.02825246751308441,0.9036266207695007
TEST_45631,0.8293778300285339,0.7740029096603394
TEST_45632,0.002348541282117367,0.999291181564331
TEST_45633,0.0016825756756588817,1.0
TEST_45634,0.034896042197942734,0.8860066533088684
TEST_45635,0.006200016941875219,1.0
TEST_45636,0.1281585991382599,0.8344311118125916
TEST_45637,0.07126463204622269,0.8899902701377869
TEST_45638,0.002185231074690819,0.99434894323349
TEST_45639,0.03398523107171059,0.9955162405967712
TEST_45640,0.0006825461168773472,0.9980437755584717
TEST_45641,0.1600446105003357,0.9177405834197998
TEST_45642,0.019049393013119698,0.9944480657577515
TEST_45643,0.18336519598960876,0.79429030418396
TEST_45644,0.09755374491214752,0.8235821723937988
TEST_45645,0.009425504133105278,0.9749959707260132
TEST_45646,0.01658526621758938,0.9936724901199341
TEST_45647,0.029863091185688972,0.9642518162727356
TEST_45648,0.002716352930292487,0.9983837604522705
TEST_45649,0.004065570887178183,0.9792028069496155
TEST_45650,0.008029214106500149,0.9720796346664429
TEST_45651,0.0030918060801923275,0.9907234311103821
TEST_45652,0.03457210585474968,0.9979084730148315
TEST_45653,0.0006873446400277317,0.9977771639823914
TEST_45654,0.0015901733422651887,0.9997839331626892
TEST_45655,0.9479432702064514,0.2628219723701477
TEST_45656,0.017339171841740608,0.9943488240242004
TEST_45657,0.13718625903129578,0.9617086052894592
TEST_45658,0.0007706698379479349,0.9999411106109619
TEST_45659,0.013004488311707973,0.9973828196525574
TEST_45660,0.031703587621450424,0.9893515706062317
TEST_45661,0.0012405000161379576,0.9999685287475586
TEST_45662,0.47780323028564453,0.33590424060821533
TEST_45663,0.03412136808037758,0.7365676760673523
TEST_45664,0.000928014749661088,0.9960599541664124
TEST_45665,0.14286300539970398,0.8561250567436218
TEST_45666,0.021155988797545433,0.9615466594696045
TEST_45667,0.006427737418562174,0.9953393936157227
TEST_45668,0.16521838307380676,0.9520267844200134
TEST_45669,0.9395748376846313,0.11215202510356903
TEST_45670,0.6662636995315552,0.9281308650970459
TEST_45671,0.9874373078346252,0.12836575508117676
TEST_45672,0.0026751053519546986,0.9958977103233337
TEST_45673,0.025131763890385628,0.9975436329841614
TEST_45674,0.18517300486564636,0.2552465498447418
TEST_45675,0.007778297644108534,0.9877932667732239
TEST_45676,0.0013350492808967829,0.9998533725738525
TEST_45677,0.01702619343996048,0.9674797058105469
TEST_45678,0.007982419803738594,0.9888247847557068
TEST_45679,0.0059256176464259624,0.9851425290107727
TEST_45680,0.0010816394351422787,0.9999878406524658
TEST_45681,0.028300408273935318,0.9736571907997131
TEST_45682,0.02730676531791687,0.9715679287910461
TEST_45683,0.0022058517206460238,0.9808198809623718
TEST_45684,0.03120976686477661,0.8605043888092041
TEST_45685,0.38813480734825134,0.8643777370452881
TEST_45686,0.019166570156812668,0.9872341752052307
TEST_45687,0.018030434846878052,0.9930461049079895
TEST_45688,0.319662868976593,0.9853890538215637
TEST_45689,0.13559161126613617,0.990436851978302
TEST_45690,0.5888475775718689,0.8941288590431213
TEST_45691,0.2358746975660324,0.933264434337616
TEST_45692,0.026840895414352417,0.9966404438018799
TEST_45693,0.01047754567116499,0.9973579049110413
TEST_45694,0.03042631410062313,0.9872874021530151
TEST_45695,0.04707419499754906,0.8783990144729614
TEST_45696,0.9950622916221619,0.15816183388233185
TEST_45697,0.9954777359962463,0.031167924404144287
TEST_45698,0.0014322358183562756,0.9994865655899048
TEST_45699,2.1545660274568945e-05,0.9986705780029297
TEST_45700,0.9906229376792908,0.013330270536243916
TEST_45701,0.01434857863932848,0.9856686592102051
TEST_45702,0.014076009392738342,0.9945144653320312
TEST_45703,0.08310697227716446,0.9931682348251343
TEST_45704,0.38578537106513977,0.8728132247924805
TEST_45705,0.006488783750683069,0.9898377656936646
TEST_45706,0.0010768668726086617,0.995664656162262
TEST_45707,0.004979920573532581,0.986019492149353
TEST_45708,0.016461249440908432,0.9988652467727661
TEST_45709,0.010280054993927479,0.9972129464149475
TEST_45710,0.008116811513900757,0.9920479655265808
TEST_45711,0.0003070382517762482,0.9998311996459961
TEST_45712,0.18567854166030884,0.7330051064491272
TEST_45713,0.3719487488269806,0.8110825419425964
TEST_45714,0.0013267340837046504,0.9555350542068481
TEST_45715,0.011309812776744366,0.9407531023025513
TEST_45716,0.46277931332588196,0.9778991937637329
TEST_45717,0.013466628268361092,0.9882439374923706
TEST_45718,0.008961007930338383,0.9798036813735962
TEST_45719,0.0001121147142839618,0.9992433786392212
TEST_45720,0.9993593096733093,0.0016233603237196803
TEST_45721,0.13171309232711792,0.8862779140472412
TEST_45722,0.027830110862851143,0.719668447971344
TEST_45723,0.0657418817281723,0.8455786108970642
TEST_45724,0.0017146270256489515,0.9949905276298523
TEST_45725,0.11430208384990692,0.41108134388923645
TEST_45726,0.0448811873793602,0.9220329523086548
TEST_45727,0.2285977452993393,0.9164725542068481
TEST_45728,0.09379193186759949,0.9700874090194702
TEST_45729,0.014812152832746506,0.9906534552574158
TEST_45730,0.0029230802319943905,0.9999392032623291
TEST_45731,0.026079464703798294,0.9513887763023376
TEST_45732,0.0074813212268054485,0.9836611151695251
TEST_45733,0.013636103831231594,0.9891248941421509
TEST_45734,0.005730336531996727,0.9510871767997742
TEST_45735,0.0013155988417565823,0.9959555864334106
TEST_45736,0.001116254017688334,0.9970746040344238
TEST_45737,0.0048061455599963665,0.9942488670349121
TEST_45738,0.001568733947351575,0.9999995231628418
TEST_45739,0.005315590184181929,0.9760540723800659
TEST_45740,0.008491463027894497,0.9964878559112549
TEST_45741,0.00027481469442136586,0.9977670907974243
TEST_45742,0.49342507123947144,0.7843207120895386
TEST_45743,0.0202519278973341,0.9937942028045654
TEST_45744,0.032962556928396225,0.9981430768966675
TEST_45745,0.9970864653587341,0.0080801360309124
TEST_45746,0.476256787776947,0.9929485321044922
TEST_45747,0.0002961860445793718,0.9979129433631897
TEST_45748,0.11316632479429245,0.8692552447319031
TEST_45749,0.010343375615775585,0.9865472316741943
TEST_45750,0.010098020546138287,0.9853206276893616
TEST_45751,0.0045093148946762085,0.9580081701278687
TEST_45752,0.013648186810314655,0.9989587068557739
TEST_45753,0.0012983802007511258,0.9968454241752625
TEST_45754,0.01795358583331108,0.9892113208770752
TEST_45755,0.028870439156889915,0.926669180393219
TEST_45756,0.2331046164035797,0.8754939436912537
TEST_45757,0.003405187511816621,0.965447723865509
TEST_45758,0.04696628451347351,0.9707248210906982
TEST_45759,0.002337818033993244,0.9974262118339539
TEST_45760,0.0023188970517367125,0.999705970287323
TEST_45761,0.02368266135454178,0.998938262462616
TEST_45762,0.09236028045415878,0.962847113609314
TEST_45763,4.457670002011582e-06,0.99983811378479
TEST_45764,0.9931508302688599,0.4280826449394226
TEST_45765,0.011802309192717075,0.9953118562698364
TEST_45766,0.016425611451268196,0.8205828666687012
TEST_45767,0.0047873277217149734,0.9991841912269592
TEST_45768,0.0005102761788293719,0.9969995021820068
TEST_45769,0.03105483017861843,0.9889217615127563
TEST_45770,0.0254712775349617,0.9742563366889954
TEST_45771,0.1049652025103569,0.9448131918907166
TEST_45772,0.02113172970712185,0.9862511157989502
TEST_45773,0.0021040216088294983,0.998664379119873
TEST_45774,0.020288759842514992,0.984177827835083
TEST_45775,0.01767413504421711,0.9983623623847961
TEST_45776,0.03667975962162018,0.9778445959091187
TEST_45777,0.013038205914199352,0.8144772052764893
TEST_45778,0.040102701634168625,0.9727951288223267
TEST_45779,0.25450482964515686,0.9926793575286865
TEST_45780,0.037384483963251114,0.955069363117218
TEST_45781,0.8860554099082947,0.5467450618743896
TEST_45782,0.011029968969523907,0.8702137470245361
TEST_45783,0.02361138164997101,0.9584146738052368
TEST_45784,0.07995972782373428,0.6820765733718872
TEST_45785,0.8754737377166748,0.01291838102042675
TEST_45786,0.9998593330383301,0.8670010566711426
TEST_45787,0.027152448892593384,0.9978572726249695
TEST_45788,0.09400887787342072,0.990260660648346
TEST_45789,0.009986044839024544,0.9773380756378174
TEST_45790,0.004137017764151096,0.9956772923469543
TEST_45791,0.04926818236708641,0.9909953474998474
TEST_45792,0.003444227622821927,0.9958482980728149
TEST_45793,0.05879104509949684,0.8166480660438538
TEST_45794,0.0037285375874489546,0.9982883334159851
TEST_45795,0.052224621176719666,0.9837055206298828
TEST_45796,0.11905957013368607,0.9821729063987732
TEST_45797,0.0005167857743799686,0.9998553991317749
TEST_45798,0.0024880487471818924,0.9747595191001892
TEST_45799,0.0018452765652909875,0.9976853132247925
TEST_45800,0.031151561066508293,0.9985878467559814
TEST_45801,0.014597735367715359,0.9949038028717041
TEST_45802,0.9965600371360779,0.001334678498096764
TEST_45803,0.02060455083847046,0.9220983386039734
TEST_45804,0.029013000428676605,0.9021638035774231
TEST_45805,0.053361330181360245,0.11495313793420792
TEST_45806,0.0026508523151278496,0.9999581575393677
TEST_45807,0.01239838544279337,0.9979089498519897
TEST_45808,0.07044597715139389,0.9867183566093445
TEST_45809,0.0026876479387283325,0.9931191205978394
TEST_45810,0.03667314723134041,0.2976529896259308
TEST_45811,0.001689996919594705,0.9911773204803467
TEST_45812,0.6125220060348511,0.09591986238956451
TEST_45813,0.11341322213411331,0.9647321105003357
TEST_45814,0.011529740877449512,0.988359808921814
TEST_45815,0.023391028866171837,0.8663617968559265
TEST_45816,0.026872148737311363,0.9973378777503967
TEST_45817,0.5816127061843872,0.9319702386856079
TEST_45818,0.025835664942860603,0.8551151752471924
TEST_45819,0.023322641849517822,0.9686465263366699
TEST_45820,0.03521966561675072,0.9984683394432068
TEST_45821,0.0067471652291715145,0.9966087341308594
TEST_45822,0.006217063404619694,0.9995558857917786
TEST_45823,0.35775628685951233,0.8637185096740723
TEST_45824,0.008684203960001469,0.980107843875885
TEST_45825,0.02472146973013878,0.9840838313102722
TEST_45826,0.09591970592737198,0.43489256501197815
TEST_45827,0.06353534013032913,0.9821966886520386
TEST_45828,0.02119358815252781,0.9996432065963745
TEST_45829,0.05692699924111366,0.6634984016418457
TEST_45830,0.842898964881897,0.8868237733840942
TEST_45831,0.14609719812870026,0.9479790925979614
TEST_45832,0.6637694239616394,0.5435340404510498
TEST_45833,0.020549941807985306,0.9923546314239502
TEST_45834,0.03190315514802933,0.8654893040657043
TEST_45835,0.013372759334743023,0.7929302453994751
TEST_45836,0.001422000816091895,0.9902563095092773
TEST_45837,0.012917907908558846,0.9838526248931885
TEST_45838,0.0016268023755401373,0.999835729598999
TEST_45839,0.9996117949485779,0.0574910044670105
TEST_45840,0.0516403503715992,0.98665851354599
TEST_45841,0.033026065677404404,0.9953500032424927
TEST_45842,0.013151115737855434,0.9842913150787354
TEST_45843,0.3233450651168823,0.9372100234031677
TEST_45844,0.003920709248632193,0.9992504715919495
TEST_45845,0.02615576609969139,0.912175714969635
TEST_45846,0.005465771537274122,0.9808973670005798
TEST_45847,0.8366209268569946,0.08508393168449402
TEST_45848,0.02776276506483555,0.9395789504051208
TEST_45849,0.02158506028354168,0.9925427436828613
TEST_45850,0.0700257271528244,0.9500478506088257
TEST_45851,0.043872103095054626,0.8914254903793335
TEST_45852,0.1960705816745758,0.9223388433456421
TEST_45853,0.49456915259361267,0.9920521974563599
TEST_45854,0.016938606277108192,0.929931104183197
TEST_45855,0.017765281721949577,0.9968097805976868
TEST_45856,0.008465203456580639,0.9935290217399597
TEST_45857,0.003578491508960724,0.9995006322860718
TEST_45858,0.023793136700987816,0.9392565488815308
TEST_45859,0.04201708361506462,0.8704543113708496
TEST_45860,1.0,3.821912120116622e-09
TEST_45861,0.0019594072364270687,0.9992813467979431
TEST_45862,0.01408378779888153,0.9981809854507446
TEST_45863,0.005509548354893923,0.9966752529144287
TEST_45864,0.9989174604415894,0.751885175704956
TEST_45865,0.9990321397781372,0.013327021151781082
TEST_45866,0.2142006903886795,0.7657329440116882
TEST_45867,0.3876754641532898,0.9676058888435364
TEST_45868,0.0025212899781763554,0.9985893368721008
TEST_45869,0.0052538299933075905,0.989403486251831
TEST_45870,0.28185510635375977,0.9047110080718994
TEST_45871,0.005932544823735952,0.9876803159713745
TEST_45872,0.9681429266929626,0.14431600272655487
TEST_45873,0.6942666172981262,0.7767817378044128
TEST_45874,0.07817140966653824,0.9146503806114197
TEST_45875,0.003403636161237955,0.9906755685806274
TEST_45876,0.293430358171463,0.02785499580204487
TEST_45877,0.022710178047418594,0.9807386994361877
TEST_45878,0.018874742090702057,0.8929966688156128
TEST_45879,0.0636700764298439,0.8639534711837769
TEST_45880,0.16973097622394562,0.9088044762611389
TEST_45881,0.005078039597719908,0.9868574142456055
TEST_45882,0.00801705103367567,0.986242413520813
TEST_45883,0.07631650567054749,0.8197019100189209
TEST_45884,0.008623994886875153,0.9938503503799438
TEST_45885,0.49768587946891785,0.7245213389396667
TEST_45886,0.09551019966602325,0.9127890467643738
TEST_45887,0.008296685293316841,0.9741156697273254
TEST_45888,0.004713841248303652,0.9952986836433411
TEST_45889,0.14319433271884918,0.9938948750495911
TEST_45890,0.012229605577886105,0.9954056739807129
TEST_45891,0.0033491356298327446,0.9950023293495178
TEST_45892,0.22937548160552979,0.5841426253318787
TEST_45893,0.06081172078847885,0.9948917627334595
TEST_45894,0.011541856452822685,0.9782752990722656
TEST_45895,0.005470185074955225,0.9657806158065796
TEST_45896,0.002306742127984762,0.9974822402000427
TEST_45897,0.005115619394928217,0.998828113079071
TEST_45898,0.9992129802703857,0.0006018654676154256
TEST_45899,0.04954289272427559,0.9359255433082581
TEST_45900,0.015688827261328697,0.9741041660308838
TEST_45901,0.9251517653465271,0.05674242228269577
TEST_45902,0.24983251094818115,0.9879262447357178
TEST_45903,0.01072684582322836,0.9935957789421082
TEST_45904,0.0047114212065935135,0.9994404911994934
TEST_45905,0.009810414165258408,0.9944648146629333
TEST_45906,0.00041993524064309895,0.9992615580558777
TEST_45907,0.014441383071243763,0.9987059831619263
TEST_45908,0.15133175253868103,0.8786885738372803
TEST_45909,0.10483594238758087,0.8584697842597961
TEST_45910,0.00036382011603564024,0.9971948862075806
TEST_45911,0.9992419481277466,0.00046254292828962207
TEST_45912,0.036891017109155655,0.9290135502815247
TEST_45913,0.9720979928970337,0.2630680799484253
TEST_45914,0.001999406609684229,0.9963473677635193
TEST_45915,0.07354186475276947,0.9932301044464111
TEST_45916,0.011429378762841225,0.9976562261581421
TEST_45917,0.006686713546514511,0.9874556064605713
TEST_45918,0.7259901165962219,0.8489050269126892
TEST_45919,0.008977347053587437,0.9902764558792114
TEST_45920,0.004235052969306707,0.9954801797866821
TEST_45921,0.0010505464160814881,0.9879670739173889
TEST_45922,0.9981963038444519,0.0019130016444250941
TEST_45923,0.009541019797325134,0.9871453046798706
TEST_45924,0.012862591072916985,0.9986899495124817
TEST_45925,0.002825510688126087,0.9855479001998901
TEST_45926,0.003285022685304284,0.9994158744812012
TEST_45927,0.07414553314447403,0.9919147491455078
TEST_45928,0.017162924632430077,0.9947921633720398
TEST_45929,0.01531892828643322,0.9240226149559021
TEST_45930,0.08301697671413422,0.9926371574401855
TEST_45931,0.005480391904711723,0.9938111901283264
TEST_45932,0.0089906957000494,0.9842274785041809
TEST_45933,0.0005484402645379305,0.9998645782470703
TEST_45934,0.03307976946234703,0.9867640137672424
TEST_45935,0.012052235193550587,0.9073747396469116
TEST_45936,0.04058956727385521,0.9961212277412415
TEST_45937,0.014570243656635284,0.81314617395401
TEST_45938,0.026869656518101692,0.9915452003479004
TEST_45939,0.1393371969461441,0.9802117347717285
TEST_45940,0.024432022124528885,0.998068630695343
TEST_45941,0.01650514081120491,0.9986801743507385
TEST_45942,0.0030609567184001207,0.9968323111534119
TEST_45943,0.028295181691646576,0.9526414275169373
TEST_45944,0.003749636234715581,0.9995205402374268
TEST_45945,0.001022053649649024,0.9881796836853027
TEST_45946,0.10780317336320877,0.7090704441070557
TEST_45947,0.09305930137634277,0.83822101354599
TEST_45948,0.16838133335113525,0.9778634905815125
TEST_45949,0.0010273967636749148,0.9173924326896667
TEST_45950,0.007780562154948711,0.9810221791267395
TEST_45951,0.0070724161341786385,0.9904634952545166
TEST_45952,0.0057192351669073105,0.9156389832496643
TEST_45953,0.010943126864731312,0.9867832660675049
TEST_45954,0.7729367017745972,0.026342812925577164
TEST_45955,0.002005975693464279,0.9519315958023071
TEST_45956,0.017468156293034554,0.9888456463813782
TEST_45957,0.03971049562096596,0.8714648485183716
TEST_45958,0.0041739135049283504,0.9649879932403564
TEST_45959,0.0009227993432432413,0.9900902509689331
TEST_45960,0.020227013155817986,0.9914625287055969
TEST_45961,0.0841321125626564,0.9581206440925598
TEST_45962,0.001140693319030106,0.9877525568008423
TEST_45963,0.0026234250981360674,0.9992585778236389
TEST_45964,0.004813720937818289,0.9953442215919495
TEST_45965,0.11521757394075394,0.9864463806152344
TEST_45966,0.3005598187446594,0.9968787431716919
TEST_45967,0.10641937702894211,0.9777957797050476
TEST_45968,0.03422147408127785,0.9921252131462097
TEST_45969,0.025019461289048195,0.9562094211578369
TEST_45970,0.004751430358737707,0.9922267198562622
TEST_45971,0.1431153416633606,0.9789628982543945
TEST_45972,0.012633529491722584,0.9688109159469604
TEST_45973,0.051276374608278275,0.9995642304420471
TEST_45974,0.9994192123413086,0.09225793927907944
TEST_45975,0.021783899515867233,0.8447311520576477
TEST_45976,0.06723947077989578,0.9909301400184631
TEST_45977,0.29400211572647095,0.2405523806810379
TEST_45978,0.027789605781435966,0.8154170513153076
TEST_45979,0.04562556371092796,0.9849523901939392
TEST_45980,0.021031582728028297,0.8881357312202454
TEST_45981,0.11309351027011871,0.8533375859260559
TEST_45982,0.018974708393216133,0.986142098903656
TEST_45983,0.028587380424141884,0.9957119226455688
TEST_45984,0.0019220199901610613,0.9990755319595337
TEST_45985,0.0022646882571280003,0.9699326753616333
TEST_45986,0.003451228141784668,0.92396479845047
TEST_45987,0.007585309911519289,0.9983730316162109
TEST_45988,0.050564613193273544,0.9970895648002625
TEST_45989,0.25407326221466064,0.9968916773796082
TEST_45990,0.0011837983038276434,1.0
TEST_45991,0.9067029356956482,0.0023347761016339064
TEST_45992,0.012748285196721554,0.9896419644355774
TEST_45993,0.004224077798426151,0.7693126797676086
TEST_45994,0.0038024268578737974,0.9971006512641907
TEST_45995,0.597391664981842,0.9176324605941772
TEST_45996,0.029482107609510422,0.99540114402771
TEST_45997,0.04853919893503189,0.835503339767456
TEST_45998,0.05776247754693031,0.9911075234413147
TEST_45999,0.806821346282959,0.7699793577194214
TEST_46000,0.054126739501953125,0.9840260744094849
TEST_46001,0.00454099802300334,0.9859594702720642
TEST_46002,0.12100090086460114,0.5874227285385132
TEST_46003,0.02602824568748474,0.9530266523361206
TEST_46004,0.5752808451652527,0.9712154269218445
TEST_46005,0.018019355833530426,0.9367451667785645
TEST_46006,0.000192490522749722,0.991340696811676
TEST_46007,0.9052139520645142,0.9555168151855469
TEST_46008,0.06739763915538788,0.9203512668609619
TEST_46009,0.37792542576789856,0.7673007845878601
TEST_46010,0.39106497168540955,0.5286679267883301
TEST_46011,0.0012586814118549228,0.9999343156814575
TEST_46012,0.5204886198043823,0.984971821308136
TEST_46013,0.010399251244962215,0.9491835236549377
TEST_46014,0.004780507180839777,0.9800494909286499
TEST_46015,0.05505646765232086,0.8724284172058105
TEST_46016,0.015969054773449898,0.993058443069458
TEST_46017,0.8393692970275879,0.7734551429748535
TEST_46018,0.39287781715393066,0.16255317628383636
TEST_46019,0.7916574478149414,0.9837493896484375
TEST_46020,0.06627223640680313,0.9288699626922607
TEST_46021,0.011430703103542328,0.9861224293708801
TEST_46022,0.01192815974354744,0.9888918995857239
TEST_46023,0.0019052523421123624,0.9944095015525818
TEST_46024,0.030095310881733894,0.9867902398109436
TEST_46025,0.021998317912220955,0.9947132468223572
TEST_46026,0.006742983590811491,0.964121401309967
TEST_46027,0.010960735380649567,0.8223313689231873
TEST_46028,0.0016459226608276367,0.9979307651519775
TEST_46029,0.9288308024406433,0.7494669556617737
TEST_46030,0.02488749660551548,0.9455972909927368
TEST_46031,0.0006578771281056106,0.9974467754364014
TEST_46032,0.11873003840446472,0.9842455983161926
TEST_46033,0.0011344358790665865,0.9992983341217041
TEST_46034,0.1434437483549118,0.9804620742797852
TEST_46035,0.007012482732534409,0.9687210321426392
TEST_46036,0.006362515036016703,0.9854839444160461
TEST_46037,0.022338172420859337,0.9941837191581726
TEST_46038,0.04004998132586479,0.22413182258605957
TEST_46039,0.0017250297823920846,0.9733378291130066
TEST_46040,0.8616761565208435,0.33371615409851074
TEST_46041,0.008431825786828995,0.9988164901733398
TEST_46042,0.0028711147606372833,0.9975199103355408
TEST_46043,0.009838738478720188,0.7600522041320801
TEST_46044,0.007017976604402065,0.9925661087036133
TEST_46045,0.008070736192166805,0.9991089701652527
TEST_46046,0.24565979838371277,0.8936813473701477
TEST_46047,0.0037304796278476715,0.9994351267814636
TEST_46048,0.06839550286531448,0.9995313882827759
TEST_46049,0.011242191307246685,0.9995059967041016
TEST_46050,0.04033738747239113,0.9668532013893127
TEST_46051,0.08528856933116913,0.8933340907096863
TEST_46052,0.0030706117395311594,0.9822688102722168
TEST_46053,0.0005271384143270552,0.9989734888076782
TEST_46054,0.031034337356686592,0.9235414266586304
TEST_46055,0.00983635988086462,0.9151366949081421
TEST_46056,0.0029930835589766502,0.9965798258781433
TEST_46057,0.03581251576542854,0.9464142322540283
TEST_46058,0.004897423554211855,0.9875158071517944
TEST_46059,0.9780686497688293,0.05492889881134033
TEST_46060,0.12051501870155334,0.8329301476478577
TEST_46061,0.010333598591387272,0.9904521703720093
TEST_46062,0.008409390226006508,0.9951165914535522
TEST_46063,0.0769692212343216,0.6704704761505127
TEST_46064,0.002864651381969452,0.997902512550354
TEST_46065,0.03154175356030464,0.9802356958389282
TEST_46066,0.0014820011565461755,0.9948315024375916
TEST_46067,0.05744149535894394,0.9319097399711609
TEST_46068,0.0077402242459356785,0.9936237335205078
TEST_46069,0.003919558599591255,0.9961819648742676
TEST_46070,0.003965920768678188,0.9915140271186829
TEST_46071,0.0023516693618148565,0.999846339225769
TEST_46072,0.04560349881649017,0.9022018909454346
TEST_46073,0.00789647363126278,0.9991946816444397
TEST_46074,0.0075050704181194305,0.9842092990875244
TEST_46075,0.04651833325624466,0.8590389490127563
TEST_46076,0.015204941853880882,0.8939505219459534
TEST_46077,0.10562360286712646,0.15050044655799866
TEST_46078,0.0026337585877627134,0.9831241369247437
TEST_46079,0.013540546409785748,0.9852445125579834
TEST_46080,0.9999730587005615,0.00016625280841253698
TEST_46081,0.565153956413269,0.9921889305114746
TEST_46082,0.01574728451669216,0.9629102349281311
TEST_46083,0.19778849184513092,0.7903868556022644
TEST_46084,0.032062023878097534,0.8681389689445496
TEST_46085,0.0006077977595850825,0.9993696808815002
TEST_46086,0.003475996432825923,0.9978998899459839
TEST_46087,0.5997281670570374,0.8873487114906311
TEST_46088,0.004899090155959129,0.9802777171134949
TEST_46089,0.027952777221798897,0.985388457775116
TEST_46090,0.017887858673930168,0.9512051939964294
TEST_46091,0.006400706246495247,0.97879558801651
TEST_46092,0.019752170890569687,0.9909014701843262
TEST_46093,0.06623004376888275,0.8928198218345642
TEST_46094,0.003941643983125687,0.9963091015815735
TEST_46095,0.005640210118144751,0.9982391595840454
TEST_46096,0.06861700117588043,0.9686139225959778
TEST_46097,0.0035152111668139696,0.9982895255088806
TEST_46098,0.003982587717473507,0.9991952776908875
TEST_46099,0.0023546854499727488,0.9963337182998657
TEST_46100,0.000930833863094449,0.999504804611206
TEST_46101,0.005301074590533972,0.7479097843170166
TEST_46102,0.02209301106631756,0.9294446706771851
TEST_46103,0.0016740182181820273,0.999453604221344
TEST_46104,0.014458658173680305,0.6654512286186218
TEST_46105,0.3610667586326599,0.154441237449646
TEST_46106,0.0021918579004704952,0.9824960231781006
TEST_46107,0.02027975395321846,0.9656509757041931
TEST_46108,0.003793008392676711,0.8884760737419128
TEST_46109,0.033417437225580215,0.9478403329849243
TEST_46110,0.004042676649987698,0.9767749905586243
TEST_46111,0.0021668351255357265,0.9922547340393066
TEST_46112,0.02693919651210308,0.9984581470489502
TEST_46113,0.15489275753498077,0.9312071204185486
TEST_46114,0.03805072605609894,0.9095568060874939
TEST_46115,0.01529956515878439,0.9964522123336792
TEST_46116,0.07320598512887955,0.960272490978241
TEST_46117,0.0014425746630877256,0.9286441802978516
TEST_46118,0.00416344590485096,0.9857140779495239
TEST_46119,0.01942080818116665,0.8995051980018616
TEST_46120,0.003663992043584585,0.9989098310470581
TEST_46121,0.024411233142018318,0.967983603477478
TEST_46122,0.044753916561603546,0.8715575337409973
TEST_46123,0.003946622833609581,0.9950056672096252
TEST_46124,0.04517410695552826,0.9783088564872742
TEST_46125,0.002524118172004819,0.997252881526947
TEST_46126,0.039953991770744324,0.8547356128692627
TEST_46127,0.027571383863687515,0.5689359903335571
TEST_46128,0.13640445470809937,0.9040301442146301
TEST_46129,0.0555134080350399,0.939526379108429
TEST_46130,0.9991011619567871,0.000149742845678702
TEST_46131,0.011309625580906868,0.9896541237831116
TEST_46132,0.014296085573732853,0.9898183941841125
TEST_46133,0.012238040566444397,0.9914965629577637
TEST_46134,0.040956687182188034,0.9800211787223816
TEST_46135,0.02516627497971058,0.920866847038269
TEST_46136,0.24737614393234253,0.9583846926689148
TEST_46137,0.008607694879174232,0.9885735511779785
TEST_46138,0.003543390426784754,0.9798170924186707
TEST_46139,0.010053806006908417,0.9962266683578491
TEST_46140,0.21142081916332245,0.6851219534873962
TEST_46141,0.054347168654203415,0.9439337253570557
TEST_46142,0.9644116759300232,0.00024940818548202515
TEST_46143,0.29220306873321533,0.9497778415679932
TEST_46144,0.0463222898542881,0.8702808022499084
TEST_46145,0.47774583101272583,0.947677731513977
TEST_46146,0.069950170814991,0.9522722363471985
TEST_46147,0.0013326202752068639,0.9933720827102661
TEST_46148,0.03138236328959465,0.9338069558143616
TEST_46149,0.0034016892313957214,0.9969086050987244
TEST_46150,0.04703739657998085,0.9747580885887146
TEST_46151,0.016773145645856857,0.9824652671813965
TEST_46152,0.0006144262733869255,0.999313473701477
TEST_46153,0.029605748131871223,0.9973540306091309
TEST_46154,0.032811637967824936,0.9917776584625244
TEST_46155,0.007167242933064699,0.9659826755523682
TEST_46156,0.5603781342506409,0.6606466174125671
TEST_46157,0.0053449408151209354,0.9959608912467957
TEST_46158,0.13550029695034027,0.5695548057556152
TEST_46159,0.01085483655333519,0.6537268161773682
TEST_46160,0.0011167858028784394,0.9973286390304565
TEST_46161,0.1360822468996048,0.9965441823005676
TEST_46162,0.667624831199646,0.7281957268714905
TEST_46163,0.08672719448804855,0.9819450378417969
TEST_46164,0.028077051043510437,0.999225378036499
TEST_46165,0.22496552765369415,0.858992338180542
TEST_46166,0.0015394416404888034,0.9936221241950989
TEST_46167,0.13521946966648102,0.9866662621498108
TEST_46168,0.019836701452732086,0.8534627556800842
TEST_46169,0.061060238629579544,0.9908239841461182
TEST_46170,0.031489357352256775,0.9563409686088562
TEST_46171,0.08585338294506073,0.8772624135017395
TEST_46172,0.02987254038453102,0.8734341263771057
TEST_46173,0.034032031893730164,0.9499310255050659
TEST_46174,0.050907932221889496,0.9882384538650513
TEST_46175,0.46051689982414246,0.99610435962677
TEST_46176,0.006712047383189201,0.9953403472900391
TEST_46177,0.009468368254601955,0.9754299521446228
TEST_46178,0.9228571057319641,0.9939607381820679
TEST_46179,0.02231891080737114,0.9534499645233154
TEST_46180,0.0030742837116122246,0.9980137348175049
TEST_46181,0.0014686182839795947,0.9924161434173584
TEST_46182,0.0011614254908636212,0.9996426105499268
TEST_46183,0.03465753421187401,0.9977560639381409
TEST_46184,0.0561649352312088,0.9712010025978088
TEST_46185,0.11050615459680557,0.001107783755287528
TEST_46186,0.05142579972743988,0.8699959516525269
TEST_46187,0.26210349798202515,0.27139174938201904
TEST_46188,0.0562148280441761,0.8663055300712585
TEST_46189,0.03197294846177101,0.9396788477897644
TEST_46190,0.004765297751873732,0.9992615580558777
TEST_46191,0.03732915222644806,0.9405326843261719
TEST_46192,0.022375574335455894,0.9971970319747925
TEST_46193,0.012054897844791412,0.9969515800476074
TEST_46194,0.15195080637931824,0.9715627431869507
TEST_46195,0.043881457298994064,0.8964977264404297
TEST_46196,0.04162142798304558,0.9929516911506653
TEST_46197,0.07956704497337341,0.8809309005737305
TEST_46198,0.08493753522634506,0.9435287117958069
TEST_46199,0.5101279020309448,0.9543553590774536
TEST_46200,0.9158760905265808,0.8995712399482727
TEST_46201,0.02677007205784321,0.8926751017570496
TEST_46202,0.0003776706871576607,0.9984256029129028
TEST_46203,0.0025893927086144686,0.9984196424484253
TEST_46204,0.043080057948827744,0.9493871331214905
TEST_46205,0.009766120463609695,0.9971229434013367
TEST_46206,0.004864736460149288,0.9562983512878418
TEST_46207,0.007900646887719631,0.9938210844993591
TEST_46208,0.000825751107186079,0.9992932081222534
TEST_46209,0.02681143395602703,0.9641767740249634
TEST_46210,0.002359354170039296,0.9984092116355896
TEST_46211,0.020071929320693016,0.9284329414367676
TEST_46212,0.012446440756320953,0.998238205909729
TEST_46213,0.3032327890396118,0.35660046339035034
TEST_46214,0.004080381244421005,0.9999288320541382
TEST_46215,0.007633608300238848,0.976578950881958
TEST_46216,0.004683246836066246,0.9276983141899109
TEST_46217,0.01444963738322258,0.9863472580909729
TEST_46218,0.7323653697967529,0.6410502195358276
TEST_46219,0.002949402667582035,0.9930194020271301
TEST_46220,0.00045717949979007244,0.9952709078788757
TEST_46221,0.0001735757541609928,0.9997813105583191
TEST_46222,0.03659184277057648,0.8107628226280212
TEST_46223,0.9997534155845642,0.02450398914515972
TEST_46224,0.0019606086425483227,0.9721412658691406
TEST_46225,0.04157138615846634,0.02396676503121853
TEST_46226,0.0029949210584163666,0.9221957325935364
TEST_46227,0.05648382008075714,0.8973381519317627
TEST_46228,0.010314198210835457,0.9922417402267456
TEST_46229,0.7102037668228149,0.941941499710083
TEST_46230,0.03467859327793121,0.9876262545585632
TEST_46231,0.4970723092556,0.8626649975776672
TEST_46232,0.23086778819561005,0.9845081567764282
TEST_46233,0.0020886368583887815,0.9995958209037781
TEST_46234,0.00011588728375500068,0.9916341304779053
TEST_46235,0.00338422367349267,0.9995843768119812
TEST_46236,0.011139857582747936,0.9999467134475708
TEST_46237,0.0585668571293354,0.9747611284255981
TEST_46238,0.0018413161160424352,0.9965292811393738
TEST_46239,0.11892164498567581,0.9882624745368958
TEST_46240,0.010999027639627457,0.9963876008987427
TEST_46241,0.005309842526912689,0.9943291544914246
TEST_46242,0.008959860540926456,0.9857128858566284
TEST_46243,0.014694559387862682,0.9993758797645569
TEST_46244,0.01647281087934971,0.9726442098617554
TEST_46245,0.013684681616723537,0.9993659853935242
TEST_46246,0.00022563351376447827,0.9977743029594421
TEST_46247,0.9883555173873901,0.731816291809082
TEST_46248,0.0008923570276238024,0.9749963283538818
TEST_46249,0.02322698011994362,0.9716577529907227
TEST_46250,0.00034742525895126164,0.9994692206382751
TEST_46251,0.002366401953622699,0.9871029257774353
TEST_46252,0.09793886542320251,0.9303715825080872
TEST_46253,0.00042129948269575834,0.9991050362586975
TEST_46254,0.015802573412656784,0.9944820404052734
TEST_46255,0.0038209976628422737,0.9981934428215027
TEST_46256,0.015605987049639225,0.555802583694458
TEST_46257,0.0015599732287228107,0.9993509650230408
TEST_46258,0.955365002155304,0.07035110890865326
TEST_46259,0.9989759922027588,0.8795522451400757
TEST_46260,1.3689904335478786e-05,0.9999867677688599
TEST_46261,0.0025510156992822886,0.42473524808883667
TEST_46262,0.0008948663016781211,0.979091227054596
TEST_46263,0.0058112009428441525,0.9873192310333252
TEST_46264,0.2396167814731598,0.9605624079704285
TEST_46265,0.0008676977013237774,0.9938580393791199
TEST_46266,0.014277591370046139,0.9987144470214844
TEST_46267,0.0027183275669813156,0.9935159683227539
TEST_46268,0.005479001440107822,0.9868200421333313
TEST_46269,0.07627084106206894,0.9799799919128418
TEST_46270,0.037081874907016754,0.9988797307014465
TEST_46271,0.0020699044689536095,0.9984476566314697
TEST_46272,0.010770246386528015,0.9965742826461792
TEST_46273,0.10928815603256226,0.9887018203735352
TEST_46274,0.14066947996616364,0.8928257822990417
TEST_46275,0.039027292281389236,0.996852457523346
TEST_46276,0.0017129136249423027,0.9887557625770569
TEST_46277,0.034346066415309906,0.9401121735572815
TEST_46278,0.031013889238238335,0.9517362713813782
TEST_46279,0.0033917054533958435,0.9509241580963135
TEST_46280,0.0009310125606134534,0.9685253500938416
TEST_46281,0.00137451128102839,0.9913215041160583
TEST_46282,0.02205047197639942,0.9777705073356628
TEST_46283,0.9997692704200745,0.9394522905349731
TEST_46284,0.16664697229862213,0.9996577501296997
TEST_46285,0.011525829322636127,0.8046205043792725
TEST_46286,0.007289481349289417,0.9933537244796753
TEST_46287,0.01794065162539482,0.9981369972229004
TEST_46288,0.03127377852797508,0.9293462038040161
TEST_46289,0.1072520986199379,0.9202535152435303
TEST_46290,0.12328231334686279,0.9219369888305664
TEST_46291,0.49673202633857727,0.9900994896888733
TEST_46292,2.3111422706278972e-05,0.9999666213989258
TEST_46293,0.007184411399066448,0.9998990297317505
TEST_46294,0.0014442343963310122,0.9987871050834656
TEST_46295,0.0002297210303368047,0.9998332262039185
TEST_46296,0.37295499444007874,0.8927738070487976
TEST_46297,0.46407845616340637,0.977295458316803
TEST_46298,0.08188731968402863,0.9697251915931702
TEST_46299,0.2382040172815323,0.9993498921394348
TEST_46300,0.0283390823751688,0.9013840556144714
TEST_46301,0.004891587886959314,0.9891969561576843
TEST_46302,0.0022232949268072844,0.9989627599716187
TEST_46303,0.0010975264012813568,0.9977307915687561
TEST_46304,0.011146425269544125,0.998144268989563
TEST_46305,0.016442004591226578,0.9653410315513611
TEST_46306,0.048379868268966675,0.4143422842025757
TEST_46307,8.918110324884765e-06,0.9999375343322754
TEST_46308,0.0019645183347165585,0.9883249998092651
TEST_46309,0.0075930021703243256,0.9764142036437988
TEST_46310,0.0017212163656949997,0.9879418015480042
TEST_46311,0.03513561189174652,0.9580499529838562
TEST_46312,0.05487172305583954,0.9915966391563416
TEST_46313,0.9495771527290344,0.01609792746603489
TEST_46314,0.04195856675505638,0.9321671724319458
TEST_46315,0.0069215246476233006,0.9891316890716553
TEST_46316,0.007469437550753355,0.9996139407157898
TEST_46317,0.00611577183008194,0.9902862906455994
TEST_46318,0.01847509667277336,0.8983200788497925
TEST_46319,0.0002784312528092414,0.9999837875366211
TEST_46320,0.0010249336482957006,0.9818234443664551
TEST_46321,0.0016010015970095992,0.9951508045196533
TEST_46322,0.0007408913224935532,0.9985780715942383
TEST_46323,0.019830064848065376,0.9348298907279968
TEST_46324,0.7304297089576721,0.7068089842796326
TEST_46325,0.001165798050351441,0.9937053322792053
TEST_46326,0.029415125027298927,0.8573479056358337
TEST_46327,0.005795463919639587,0.9937936067581177
TEST_46328,0.07109567523002625,0.9991773962974548
TEST_46329,0.035001471638679504,0.9097474813461304
TEST_46330,0.06958983093500137,0.6953824758529663
TEST_46331,0.6345536112785339,0.9907370209693909
TEST_46332,0.22904904186725616,0.9809038043022156
TEST_46333,0.0035287966020405293,0.9988394379615784
TEST_46334,0.016270233318209648,0.97193843126297
TEST_46335,0.030107103288173676,0.9974282383918762
TEST_46336,0.03273223340511322,0.9747280478477478
TEST_46337,0.0008147190674208105,0.9991336464881897
TEST_46338,0.018736882135272026,0.8500052094459534
TEST_46339,0.32530835270881653,0.7940633296966553
TEST_46340,0.02961793541908264,0.8728936910629272
TEST_46341,0.021709613502025604,0.9852863550186157
TEST_46342,0.102686807513237,0.3800731301307678
TEST_46343,0.0012337903026491404,0.9976918697357178
TEST_46344,0.05147833004593849,0.827949583530426
TEST_46345,0.002142207231372595,0.9999992847442627
TEST_46346,0.0004742060846183449,0.9998692274093628
TEST_46347,0.6668389439582825,0.8811383247375488
TEST_46348,0.011914736591279507,0.16031962633132935
TEST_46349,0.0029405609238892794,0.9439748525619507
TEST_46350,0.014699200168251991,0.9857063889503479
TEST_46351,0.12091702222824097,0.9971852898597717
TEST_46352,0.008060827851295471,0.9880293011665344
TEST_46353,0.012693148106336594,0.9905230402946472
TEST_46354,0.022744853049516678,0.949080228805542
TEST_46355,0.03729905188083649,0.9903814196586609
TEST_46356,0.02053922787308693,0.9994282126426697
TEST_46357,0.004711208865046501,0.9956822395324707
TEST_46358,0.018251124769449234,0.9971966743469238
TEST_46359,0.002987462794408202,0.9982611536979675
TEST_46360,0.0183754563331604,0.9005047678947449
TEST_46361,0.08893903344869614,0.9885851740837097
TEST_46362,0.9959917664527893,0.2848135232925415
TEST_46363,0.009739240631461143,0.9954594969749451
TEST_46364,0.1031140461564064,0.8833475112915039
TEST_46365,0.017946677282452583,0.990006148815155
TEST_46366,0.003340986790135503,0.9986522793769836
TEST_46367,0.9916165471076965,0.6984997987747192
TEST_46368,0.002011879114434123,0.9993419051170349
TEST_46369,0.02328428253531456,0.9994221925735474
TEST_46370,0.0070561678148806095,0.9637529850006104
TEST_46371,0.0035290615633130074,0.9990744590759277
TEST_46372,0.006169407162815332,0.9187670946121216
TEST_46373,0.02637539990246296,0.9987441301345825
TEST_46374,0.029987899586558342,0.8948079347610474
TEST_46375,0.9673343896865845,0.8229364156723022
TEST_46376,0.005130570847541094,0.9122448563575745
TEST_46377,0.0023686308413743973,0.9934934973716736
TEST_46378,0.003440441098064184,0.992825984954834
TEST_46379,0.0011302302591502666,0.9970580339431763
TEST_46380,0.0014977453975006938,0.9997429251670837
TEST_46381,0.00012740855163428932,0.9999427795410156
TEST_46382,8.577860717196018e-05,0.9999998807907104
TEST_46383,0.002513515530154109,0.9939004182815552
TEST_46384,0.021897848695516586,0.9917762279510498
TEST_46385,0.9994187355041504,4.971748057869263e-05
TEST_46386,0.007759676314890385,0.966182291507721
TEST_46387,0.004004130605608225,0.999656081199646
TEST_46388,0.02538192644715309,0.946311354637146
TEST_46389,0.02046308107674122,0.9647076725959778
TEST_46390,0.0027900710701942444,0.9901459813117981
TEST_46391,0.0011386723490431905,0.9916742444038391
TEST_46392,0.03243624418973923,0.9979815483093262
TEST_46393,0.007639628369361162,0.9899548292160034
TEST_46394,0.0007569519802927971,0.9874715209007263
TEST_46395,0.012311328202486038,0.9998959302902222
TEST_46396,0.9817565679550171,0.9221479892730713
TEST_46397,0.04340032860636711,0.9936122298240662
TEST_46398,0.00247945892624557,0.9776506423950195
TEST_46399,0.0144949397072196,0.9964743256568909
TEST_46400,0.08754618465900421,0.991499125957489
TEST_46401,0.0036462866701185703,0.9055582284927368
TEST_46402,0.03000738099217415,0.913179874420166
TEST_46403,0.01829761080443859,0.9717550873756409
TEST_46404,0.03023551218211651,0.996002733707428
TEST_46405,0.7368002533912659,0.6329707503318787
TEST_46406,0.9782608151435852,0.0011108069447800517
TEST_46407,0.1984962671995163,0.9074068665504456
TEST_46408,0.029158661141991615,0.9666306376457214
TEST_46409,0.2825864851474762,0.937929630279541
TEST_46410,0.10508580505847931,0.9965032339096069
TEST_46411,0.013184681534767151,0.9959303736686707
TEST_46412,0.04675649106502533,0.998908281326294
TEST_46413,0.010415536351501942,0.9415382742881775
TEST_46414,0.009004593826830387,0.9866166114807129
TEST_46415,0.985576331615448,0.06915369629859924
TEST_46416,0.0014107620809227228,0.9790145754814148
TEST_46417,0.0075922440737485886,0.9959646463394165
TEST_46418,0.36398375034332275,0.9739699959754944
TEST_46419,0.02190271019935608,0.9981133937835693
TEST_46420,0.11135540902614594,0.9472589492797852
TEST_46421,0.024185260757803917,0.992550253868103
TEST_46422,0.08410564064979553,0.849467933177948
TEST_46423,0.325570672750473,0.6467835307121277
TEST_46424,0.02141169272363186,0.9874218702316284
TEST_46425,0.1250201165676117,0.9020907878875732
TEST_46426,0.023451536893844604,0.9619643092155457
TEST_46427,0.002801763592287898,0.9970489144325256
TEST_46428,0.028478026390075684,0.850624144077301
TEST_46429,0.23351837694644928,0.9487281441688538
TEST_46430,0.02566545270383358,0.96158367395401
TEST_46431,0.09590407460927963,0.6167341470718384
TEST_46432,0.1394447386264801,0.9253654479980469
TEST_46433,0.044383008033037186,0.9980744123458862
TEST_46434,0.2642298936843872,0.8788526654243469
TEST_46435,0.03348163515329361,0.9637221693992615
TEST_46436,0.0039983331225812435,0.9982104301452637
TEST_46437,0.005342933814972639,0.9710617065429688
TEST_46438,0.058910127729177475,0.895469605922699
TEST_46439,0.01758064702153206,0.9967377781867981
TEST_46440,0.0328519344329834,0.9954094290733337
TEST_46441,0.0027420029509812593,0.9967118501663208
TEST_46442,0.1280609518289566,0.9977446794509888
TEST_46443,0.970505952835083,0.9339852333068848
TEST_46444,0.02539568394422531,0.9985514283180237
TEST_46445,0.0009793624049052596,0.9915681481361389
TEST_46446,0.5454871654510498,0.9521235227584839
TEST_46447,0.014267528429627419,0.9950011372566223
TEST_46448,0.009253331460058689,0.9983160495758057
TEST_46449,0.003145783208310604,0.9949362277984619
TEST_46450,0.0070491754449903965,0.9907276630401611
TEST_46451,0.007581018377095461,0.995973527431488
TEST_46452,0.002012166427448392,0.9933235049247742
TEST_46453,0.1525111198425293,0.7978151440620422
TEST_46454,0.0333283469080925,0.8948009014129639
TEST_46455,0.9284522533416748,0.001231633359566331
TEST_46456,0.0017918769735842943,0.9981210827827454
TEST_46457,0.002733200090005994,0.9998577833175659
TEST_46458,0.006609842646867037,0.9312726855278015
TEST_46459,0.002157976385205984,0.9999881982803345
TEST_46460,0.000372774840798229,0.9986075758934021
TEST_46461,0.22591400146484375,0.7652860879898071
TEST_46462,0.0011409275466576219,0.9998890161514282
TEST_46463,0.036479029804468155,0.987250566482544
TEST_46464,0.0021029976196587086,0.9833278059959412
TEST_46465,0.031181203201413155,0.9763561487197876
TEST_46466,0.05005502700805664,0.8279872536659241
TEST_46467,0.008098163641989231,0.9251262545585632
TEST_46468,0.03678189963102341,0.8803170323371887
TEST_46469,0.020959990099072456,0.918234646320343
TEST_46470,0.013304543681442738,0.9711427688598633
TEST_46471,0.07623429596424103,0.8673288822174072
TEST_46472,0.01647813990712166,0.9110097885131836
TEST_46473,0.7775575518608093,0.9851690530776978
TEST_46474,0.002963600680232048,0.9987142086029053
TEST_46475,0.006309280637651682,0.9942626357078552
TEST_46476,0.1542588621377945,0.964255690574646
TEST_46477,0.0013531233416870236,0.9997476935386658
TEST_46478,0.04719948396086693,0.9751662015914917
TEST_46479,0.004119789227843285,0.9998577833175659
TEST_46480,0.10765938460826874,0.8814792633056641
TEST_46481,0.033714503049850464,0.9677506685256958
TEST_46482,0.00012112766853533685,0.999987006187439
TEST_46483,0.00014971772907301784,0.9991119503974915
TEST_46484,0.07207842171192169,0.882344126701355
TEST_46485,0.043680064380168915,0.9922745823860168
TEST_46486,0.013428443111479282,0.9960594177246094
TEST_46487,0.003150784643366933,0.980922281742096
TEST_46488,0.0010960835497826338,0.9831109046936035
TEST_46489,0.004419267643243074,0.9923317432403564
TEST_46490,0.03919743373990059,0.3846642076969147
TEST_46491,0.22550438344478607,0.9871050119400024
TEST_46492,0.016219565644860268,0.994527280330658
TEST_46493,0.029766248539090157,0.8439188003540039
TEST_46494,0.0005473195924423635,0.9909438490867615
TEST_46495,0.0018761784303933382,0.997270405292511
TEST_46496,0.022949928417801857,0.9447048902511597
TEST_46497,0.0789451077580452,0.12007763236761093
TEST_46498,0.0002512746723368764,0.999996542930603
TEST_46499,9.892983143799938e-06,0.9997517466545105
TEST_46500,0.007378600537776947,0.9871984124183655
TEST_46501,7.060882489895448e-05,0.9999886751174927
TEST_46502,0.017417602241039276,0.8402519226074219
TEST_46503,0.34767207503318787,0.8227075934410095
TEST_46504,0.12834450602531433,0.9032938480377197
TEST_46505,1.1017562428605743e-05,0.9996705055236816
TEST_46506,0.015398814342916012,0.981181800365448
TEST_46507,0.3778011202812195,0.6412366032600403
TEST_46508,0.0003133041609544307,0.9961596727371216
TEST_46509,0.013074943795800209,0.9516021609306335
TEST_46510,0.0026410359423607588,0.9933528900146484
TEST_46511,0.019357921555638313,0.9994580149650574
TEST_46512,0.5110080242156982,0.900740385055542
TEST_46513,0.0012682575033977628,0.9976369142532349
TEST_46514,0.007433739956468344,0.9092187881469727
TEST_46515,0.0032040714286267757,0.9995383024215698
TEST_46516,0.035016316920518875,0.8805925250053406
TEST_46517,0.0031681314576417208,0.99162358045578
TEST_46518,0.0007266360335052013,0.9963284134864807
TEST_46519,0.07423403859138489,0.7797152400016785
TEST_46520,0.07542309910058975,0.9074874520301819
TEST_46521,0.0007502799853682518,0.9990347623825073
TEST_46522,0.07601995766162872,0.8634930849075317
TEST_46523,0.1302575021982193,0.8817476630210876
TEST_46524,0.22053639590740204,0.859799861907959
TEST_46525,0.01629895344376564,0.9990677237510681
TEST_46526,0.003752655116841197,0.98807692527771
TEST_46527,0.004436064045876265,0.9999068975448608
TEST_46528,0.14529334008693695,0.9378495812416077
TEST_46529,0.0306730717420578,0.9350851774215698
TEST_46530,0.13007673621177673,0.9641932845115662
TEST_46531,0.4162050187587738,0.9617348313331604
TEST_46532,0.27233079075813293,0.9489215612411499
TEST_46533,0.8376083374023438,0.568428099155426
TEST_46534,0.03672942891716957,0.9726859331130981
TEST_46535,0.005583974998444319,0.99760901927948
TEST_46536,0.003012260189279914,0.9394006133079529
TEST_46537,0.007101600524038076,0.9822015166282654
TEST_46538,0.00010167442087549716,0.9977547526359558
TEST_46539,0.022677212953567505,0.9503626823425293
TEST_46540,0.005564455408602953,0.9864827990531921
TEST_46541,0.009689492173492908,0.9480617642402649
TEST_46542,0.03214140236377716,0.9762835502624512
TEST_46543,0.02168678306043148,0.9707933664321899
TEST_46544,0.009906372055411339,0.8897144794464111
TEST_46545,0.0009797197999432683,0.981784462928772
TEST_46546,0.0005789933493360877,0.9973896145820618
TEST_46547,0.7128279805183411,0.9805334806442261
TEST_46548,0.011112865060567856,0.9812612533569336
TEST_46549,0.01361219584941864,0.9944340586662292
TEST_46550,0.022734351456165314,0.9617418050765991
TEST_46551,0.0006286620628088713,0.9982762336730957
TEST_46552,0.07165469974279404,0.7164514064788818
TEST_46553,0.0020958769600838423,0.972588837146759
TEST_46554,0.007309947162866592,0.915280282497406
TEST_46555,0.08580666780471802,0.8238289952278137
TEST_46556,0.053413912653923035,0.9617261290550232
TEST_46557,0.010508638806641102,0.9958951473236084
TEST_46558,0.0012654466554522514,0.9976450800895691
TEST_46559,0.006300703622400761,0.9930295348167419
TEST_46560,0.5933679342269897,0.4026593267917633
TEST_46561,0.11757347732782364,0.9934333562850952
TEST_46562,0.004067322704941034,0.9873263239860535
TEST_46563,0.006707708816975355,0.9756345152854919
TEST_46564,0.001317236921750009,0.9999783039093018
TEST_46565,0.0052972822450101376,0.9847389459609985
TEST_46566,0.7834210395812988,0.8750795722007751
TEST_46567,0.006423140875995159,0.9709935188293457
TEST_46568,0.832783579826355,0.6225026249885559
TEST_46569,0.0038002587389200926,0.9987435936927795
TEST_46570,0.007527551613748074,0.9970170259475708
TEST_46571,0.995507001876831,0.9447703957557678
TEST_46572,0.002171420492231846,0.9965241551399231
TEST_46573,0.07871415466070175,0.777091383934021
TEST_46574,0.04164259508252144,0.955949068069458
TEST_46575,0.04229634255170822,0.9268457293510437
TEST_46576,0.2555021047592163,0.37609782814979553
TEST_46577,0.0009325786377303302,0.98078852891922
TEST_46578,2.0482882518990664e-06,0.9999874830245972
TEST_46579,0.015156750567257404,0.9859877228736877
TEST_46580,0.04097318276762962,0.8036366105079651
TEST_46581,0.0027932263910770416,0.970048725605011
TEST_46582,0.019671659916639328,0.527633786201477
TEST_46583,0.02105354703962803,0.984919548034668
TEST_46584,0.055592991411685944,0.8971879482269287
TEST_46585,0.8692355155944824,0.38602930307388306
TEST_46586,0.015818502753973007,0.990172266960144
TEST_46587,0.48883989453315735,0.9418923258781433
TEST_46588,0.0053591919131577015,0.9846276640892029
TEST_46589,0.036718595772981644,0.8847487568855286
TEST_46590,0.0011393983149901032,0.9908432960510254
TEST_46591,0.0004668402543757111,0.9969293475151062
TEST_46592,0.29776671528816223,0.957446277141571
TEST_46593,0.009182099252939224,0.996723473072052
TEST_46594,0.02337358333170414,0.9466719627380371
TEST_46595,0.18761856853961945,0.8700458407402039
TEST_46596,0.2988334894180298,0.8165044188499451
TEST_46597,0.08414263278245926,0.9908662438392639
TEST_46598,0.2806946337223053,0.9965986609458923
TEST_46599,0.0022411069367080927,0.9864316582679749
TEST_46600,0.06900642812252045,0.9410430192947388
TEST_46601,0.004329513758420944,0.9996293783187866
TEST_46602,0.002055704826489091,0.9874910116195679
TEST_46603,0.0035724248737096786,0.994245707988739
TEST_46604,0.06942804157733917,0.9875072240829468
TEST_46605,0.008249928243458271,0.9895803332328796
TEST_46606,0.003182371612638235,0.9999743700027466
TEST_46607,7.993372855708003e-05,0.9999150037765503
TEST_46608,0.015656130388379097,0.9692275524139404
TEST_46609,0.0036326025146991014,0.9922357201576233
TEST_46610,0.011587237007915974,0.9957992434501648
TEST_46611,0.9893703460693359,0.2640823423862457
TEST_46612,0.018902242183685303,0.9986400008201599
TEST_46613,0.02220785617828369,0.9784058332443237
TEST_46614,0.25975891947746277,0.7830245494842529
TEST_46615,0.0051420084200799465,0.7967761158943176
TEST_46616,0.011299782432615757,0.9840764403343201
TEST_46617,0.040432948619127274,0.9210813045501709
TEST_46618,0.15928539633750916,0.9939807653427124
TEST_46619,0.006675662472844124,0.9546404480934143
TEST_46620,0.09792976081371307,0.9327845573425293
TEST_46621,0.0761626660823822,0.9552617073059082
TEST_46622,0.030477076768875122,0.9878429174423218
TEST_46623,0.008816011250019073,0.9968022108078003
TEST_46624,0.025073906406760216,0.893589973449707
TEST_46625,0.040229931473731995,0.9762510657310486
TEST_46626,0.0508626364171505,0.9155247211456299
TEST_46627,0.0003667351556941867,0.9999967813491821
TEST_46628,0.003211026545614004,0.9691451191902161
TEST_46629,0.28673094511032104,0.8830405473709106
TEST_46630,0.004070698283612728,0.9919257760047913
TEST_46631,0.00753113254904747,0.9972773194313049
TEST_46632,0.014298585243523121,0.9854602217674255
TEST_46633,0.009216774255037308,0.983477771282196
TEST_46634,0.0032068078871816397,0.9998382329940796
TEST_46635,0.08346901088953018,0.9970731735229492
TEST_46636,0.007318263407796621,0.9429539442062378
TEST_46637,0.00037794854142703116,0.9999994039535522
TEST_46638,0.0004397768643684685,0.9994514584541321
TEST_46639,0.03204972669482231,0.9981174468994141
TEST_46640,0.007928919047117233,0.9977744221687317
TEST_46641,0.0027342685498297215,0.989163875579834
TEST_46642,0.002754297573119402,0.9933927655220032
TEST_46643,0.012942402623593807,0.9932790398597717
TEST_46644,0.163784921169281,0.36008501052856445
TEST_46645,0.01599433273077011,0.9979670643806458
TEST_46646,0.056571368128061295,0.9764801263809204
TEST_46647,0.015921499580144882,0.9950010180473328
TEST_46648,0.11307252198457718,0.9283758401870728
TEST_46649,0.0017421343363821507,0.9915655851364136
TEST_46650,0.13453853130340576,0.9962685108184814
TEST_46651,0.0014655956765636802,0.9982174038887024
TEST_46652,0.003503838088363409,0.9997372031211853
TEST_46653,0.006585674360394478,0.9936630725860596
TEST_46654,0.01799422688782215,0.976620078086853
TEST_46655,0.00025829265359789133,0.9987190961837769
TEST_46656,0.0017806639662012458,0.9906746745109558
TEST_46657,0.013395804911851883,0.9973562955856323
TEST_46658,0.8280726671218872,0.3798089027404785
TEST_46659,0.0076665678061544895,0.9624220132827759
TEST_46660,0.028561120852828026,0.9478318691253662
TEST_46661,0.13132183253765106,0.9063463807106018
TEST_46662,0.9266440868377686,0.8474157452583313
TEST_46663,0.5073016285896301,0.5110431909561157
TEST_46664,0.030325066298246384,0.9000388979911804
TEST_46665,0.0331357903778553,0.9235313534736633
TEST_46666,0.8973478674888611,0.8743954300880432
TEST_46667,0.20093660056591034,0.9138070344924927
TEST_46668,0.730922520160675,0.9791370630264282
TEST_46669,0.005381202790886164,0.9978460073471069
TEST_46670,0.0035736148711293936,0.9886811971664429
TEST_46671,0.11362462490797043,0.9972944855690002
TEST_46672,0.006041540298610926,0.9999998807907104
TEST_46673,0.12612757086753845,0.9763519763946533
TEST_46674,0.0006156443268992007,0.9987025260925293
TEST_46675,0.6319350004196167,0.9230071306228638
TEST_46676,0.035829149186611176,0.7666720151901245
TEST_46677,0.0395246185362339,0.9161947965621948
TEST_46678,0.022700246423482895,0.9485604763031006
TEST_46679,0.001816035364754498,0.9661152958869934
TEST_46680,0.04484997317194939,0.9894764423370361
TEST_46681,0.000532112899236381,0.9953502416610718
TEST_46682,0.014310632832348347,0.917539656162262
TEST_46683,0.010884545743465424,0.9909271001815796
TEST_46684,0.003501198487356305,0.9879994988441467
TEST_46685,0.9902306199073792,0.025933606550097466
TEST_46686,0.0257963165640831,0.9825631976127625
TEST_46687,0.0025697899982333183,0.9957927465438843
TEST_46688,0.03265222907066345,0.889447808265686
TEST_46689,0.0056980992667376995,0.9977051615715027
TEST_46690,0.001108085154555738,0.999747097492218
TEST_46691,0.0009631146676838398,0.9982237219810486
TEST_46692,0.02814585343003273,0.9537389278411865
TEST_46693,0.5016645193099976,0.6219350695610046
TEST_46694,0.0043190945871174335,0.9971287846565247
TEST_46695,0.020588088780641556,0.8815793991088867
TEST_46696,0.05049185827374458,0.9402322173118591
TEST_46697,0.03441509231925011,0.9076557755470276
TEST_46698,0.010330595076084137,0.972377359867096
TEST_46699,0.00837819091975689,0.9932677745819092
TEST_46700,0.015301711857318878,0.9907166361808777
TEST_46701,0.019465938210487366,0.9876229763031006
TEST_46702,0.004720980767160654,0.9979096055030823
TEST_46703,0.7841378450393677,0.9500858187675476
TEST_46704,0.009527379646897316,0.9986787438392639
TEST_46705,0.0004311171069275588,0.999708354473114
TEST_46706,0.011216022074222565,0.7225458025932312
TEST_46707,0.0026762420311570168,0.9920680522918701
TEST_46708,0.01964401826262474,0.9853436350822449
TEST_46709,0.006071511190384626,0.955098032951355
TEST_46710,0.019876807928085327,0.8682460784912109
TEST_46711,0.465396910905838,0.24731126427650452
TEST_46712,0.042561136186122894,0.895584225654602
TEST_46713,0.0053967577405273914,0.980657160282135
TEST_46714,0.06223220005631447,0.987297534942627
TEST_46715,0.008433451876044273,0.9496362209320068
TEST_46716,0.03876331448554993,0.9993311166763306
TEST_46717,0.034996215254068375,0.8992345333099365
TEST_46718,0.979568362236023,0.0005050469771958888
TEST_46719,0.019997475668787956,0.9144335389137268
TEST_46720,0.13155628740787506,0.9335439801216125
TEST_46721,0.27378061413764954,0.9950874447822571
TEST_46722,0.0169972013682127,0.9918168187141418
TEST_46723,0.870737612247467,0.9643719792366028
TEST_46724,0.03822469338774681,0.9853378534317017
TEST_46725,0.0003206798864994198,0.9982105493545532
TEST_46726,0.013205443508923054,0.9979113936424255
TEST_46727,0.010093720629811287,0.7380408644676208
TEST_46728,0.014097791165113449,0.9770020246505737
TEST_46729,0.040827084332704544,0.7020024061203003
TEST_46730,0.1456606537103653,0.9525982737541199
TEST_46731,0.2686476707458496,0.8713780045509338
TEST_46732,0.004926405847072601,0.9723821878433228
TEST_46733,0.0017166465986520052,0.999998927116394
TEST_46734,0.1900661736726761,0.9867968559265137
TEST_46735,0.002759504597634077,0.9979161620140076
TEST_46736,0.0037303094286471605,0.9605652689933777
TEST_46737,0.0019171771127730608,0.9978588223457336
TEST_46738,0.0017615904798731208,0.9913759827613831
TEST_46739,0.01107421237975359,0.9995778203010559
TEST_46740,0.7319318056106567,0.5166289210319519
TEST_46741,0.2894741892814636,0.9252565503120422
TEST_46742,0.10811299085617065,0.9295507669448853
TEST_46743,0.005879195872694254,0.9802420735359192
TEST_46744,0.9999932050704956,0.00032650859793648124
TEST_46745,0.007156995590776205,0.9919334053993225
TEST_46746,0.03975462168455124,0.9084574580192566
TEST_46747,0.012441846542060375,0.6843737363815308
TEST_46748,0.017936719581484795,0.998900294303894
TEST_46749,0.0028436342254281044,0.9966358542442322
TEST_46750,0.023805633187294006,0.8970191478729248
TEST_46751,0.0015897986013442278,0.9981195330619812
TEST_46752,0.007202105596661568,0.9980549812316895
TEST_46753,0.008360306732356548,0.9888910055160522
TEST_46754,0.00948095228523016,0.9939534068107605
TEST_46755,0.34251606464385986,0.5128125548362732
TEST_46756,0.015546211041510105,0.9576376676559448
TEST_46757,0.3802141845226288,0.9820564389228821
TEST_46758,0.002512889914214611,0.9863953590393066
TEST_46759,0.0031078585889190435,0.9765855073928833
TEST_46760,0.11075940728187561,0.9715880751609802
TEST_46761,0.043733496218919754,0.8970369696617126
TEST_46762,0.08177512884140015,0.9757624268531799
TEST_46763,0.0008367908303625882,0.9974130988121033
TEST_46764,0.013552564196288586,0.9961722493171692
TEST_46765,0.007431664504110813,0.9224253296852112
TEST_46766,0.09345532953739166,0.9783550500869751
TEST_46767,0.20934854447841644,0.8788102865219116
TEST_46768,0.017386073246598244,0.986553966999054
TEST_46769,0.03208078444004059,0.9939603805541992
TEST_46770,0.013819577172398567,0.9834794998168945
TEST_46771,0.02753583714365959,0.9774819016456604
TEST_46772,0.012148428708314896,0.9850689768791199
TEST_46773,0.1513553112745285,0.9798234105110168
TEST_46774,0.08291535824537277,0.9765937328338623
TEST_46775,0.01060112938284874,0.993874728679657
TEST_46776,0.003164138877764344,0.9989385008811951
TEST_46777,0.004247746430337429,0.9778749346733093
TEST_46778,0.6916515231132507,0.8263954520225525
TEST_46779,0.012843829579651356,0.735021710395813
TEST_46780,0.007436055224388838,0.9670014381408691
TEST_46781,0.23503448069095612,0.9987205862998962
TEST_46782,0.001730529242195189,0.9974173307418823
TEST_46783,0.2789154052734375,0.9913716316223145
TEST_46784,0.17967204749584198,0.9399669170379639
TEST_46785,0.07216979563236237,0.9710936546325684
TEST_46786,0.0015363766578957438,0.9647952318191528
TEST_46787,0.08177147805690765,0.9690142273902893
TEST_46788,0.012289800681173801,0.9953256845474243
TEST_46789,0.8002369403839111,0.4410308599472046
TEST_46790,0.00681137852370739,0.9587739109992981
TEST_46791,0.044480450451374054,0.9961901903152466
TEST_46792,0.883756160736084,0.9551090598106384
TEST_46793,0.5606804490089417,0.8289023637771606
TEST_46794,0.0006799928960390389,0.9997230172157288
TEST_46795,0.9913544058799744,0.052142683416604996
TEST_46796,0.03933461010456085,0.8097137808799744
TEST_46797,0.0012609894620254636,0.9971217513084412
TEST_46798,0.027425631880760193,0.9946773052215576
TEST_46799,0.000330938957631588,0.9989990592002869
TEST_46800,0.0074203116819262505,0.9951261281967163
TEST_46801,0.5133559703826904,0.9767760038375854
TEST_46802,0.014607766643166542,0.9985511898994446
TEST_46803,0.4591884911060333,0.5319598913192749
TEST_46804,0.034806400537490845,0.9882341623306274
TEST_46805,0.1277327686548233,0.9085829257965088
TEST_46806,0.5271567702293396,0.9963409304618835
TEST_46807,0.002181363757699728,0.9965136647224426
TEST_46808,0.0009794593788683414,0.9893093109130859
TEST_46809,0.0007476773462258279,0.9968835711479187
TEST_46810,0.010175813920795918,0.8819687962532043
TEST_46811,0.858921229839325,0.9574775099754333
TEST_46812,0.033502593636512756,0.8497086763381958
TEST_46813,0.06335069984197617,0.43748584389686584
TEST_46814,0.008364454843103886,0.9978830218315125
TEST_46815,0.0059423986822366714,0.9947983026504517
TEST_46816,0.20499169826507568,0.8459007143974304
TEST_46817,0.27106162905693054,0.9447845816612244
TEST_46818,0.05043509602546692,0.8812033534049988
TEST_46819,0.02770031988620758,0.9305484890937805
TEST_46820,0.001374511863104999,0.9992522597312927
TEST_46821,0.009896731935441494,0.9667206406593323
TEST_46822,0.026765858754515648,0.851150393486023
TEST_46823,0.00725260516628623,0.9750667810440063
TEST_46824,0.005377358291298151,0.9958319067955017
TEST_46825,0.03010815940797329,0.9594488143920898
TEST_46826,0.29866015911102295,0.9493484497070312
TEST_46827,0.0007257453398779035,0.9979107975959778
TEST_46828,0.03351063281297684,0.9377264380455017
TEST_46829,0.020554611459374428,0.9972822666168213
TEST_46830,0.03718382120132446,0.9920011758804321
TEST_46831,0.0013617097865790129,0.9999902248382568
TEST_46832,0.08034417778253555,0.2880477011203766
TEST_46833,0.014483221806585789,0.9999998807907104
TEST_46834,0.31285402178764343,0.8731353878974915
TEST_46835,0.0767902210354805,0.992790699005127
TEST_46836,0.2805515229701996,0.9746613502502441
TEST_46837,0.010215122252702713,0.9716218709945679
TEST_46838,0.005746142473071814,0.9953487515449524
TEST_46839,0.01998116448521614,0.9967215657234192
TEST_46840,0.9624029397964478,0.0436956025660038
TEST_46841,0.9998888969421387,0.0007700777496211231
TEST_46842,0.015252889133989811,0.9945967197418213
TEST_46843,0.035713545978069305,0.984714686870575
TEST_46844,0.0022011538967490196,0.9940561056137085
TEST_46845,0.11389297991991043,0.8819209337234497
TEST_46846,0.0030803459230810404,0.9657865762710571
TEST_46847,0.005223962012678385,0.9926153421401978
TEST_46848,0.0027924508322030306,0.9982147216796875
TEST_46849,0.05581533536314964,0.9587275385856628
TEST_46850,0.016940725967288017,0.9872726798057556
TEST_46851,0.07638473808765411,0.8601505756378174
TEST_46852,0.002991562942042947,0.9999189376831055
TEST_46853,0.024967322126030922,0.809792160987854
TEST_46854,0.010257882997393608,0.9796397089958191
TEST_46855,0.013922232203185558,0.9959062337875366
TEST_46856,0.0301380455493927,0.8459444046020508
TEST_46857,0.3503932058811188,0.9833080768585205
TEST_46858,0.3854917883872986,0.3135596513748169
TEST_46859,0.0009003441664390266,0.9997435212135315
TEST_46860,0.002136095194146037,0.9991918206214905
TEST_46861,0.6622585654258728,0.6644244194030762
TEST_46862,0.004824853967875242,0.9566032886505127
TEST_46863,0.002147963736206293,0.9997479319572449
TEST_46864,0.0030283804517239332,0.9921356439590454
TEST_46865,0.008816703222692013,0.9806690812110901
TEST_46866,0.0006051542004570365,0.9978727102279663
TEST_46867,0.04544443637132645,0.9265015721321106
TEST_46868,0.0026413199957460165,0.9964267611503601
TEST_46869,0.007522149011492729,0.9967970252037048
TEST_46870,0.03533034026622772,0.9045803546905518
TEST_46871,0.06078774854540825,0.9982427358627319
TEST_46872,0.9395388960838318,0.49824297428131104
TEST_46873,0.001841582590714097,0.9931968450546265
TEST_46874,0.07368168234825134,0.9941417574882507
TEST_46875,0.02020077407360077,0.9893956780433655
TEST_46876,0.0018166984664276242,0.9930663108825684
TEST_46877,0.16177211701869965,0.9581137895584106
TEST_46878,0.006014136131852865,0.9931831955909729
TEST_46879,0.009396534413099289,0.9885246157646179
TEST_46880,0.44490697979927063,0.8294765949249268
TEST_46881,0.05950929969549179,0.9757733941078186
TEST_46882,0.0012692018644884229,0.9999061822891235
TEST_46883,0.04500753805041313,0.9384130239486694
TEST_46884,0.003565138438716531,0.9980055689811707
TEST_46885,0.060044605284929276,0.9733635783195496
TEST_46886,0.9719473123550415,0.21220608055591583
TEST_46887,0.7294104695320129,0.9919467568397522
TEST_46888,0.09365731477737427,0.9874646663665771
TEST_46889,0.0014293539570644498,0.9998815059661865
TEST_46890,0.025375893339514732,0.9827540516853333
TEST_46891,0.0074773249216377735,0.9924712181091309
TEST_46892,0.0047157322987914085,0.9984036087989807
TEST_46893,0.05029095709323883,0.9921700358390808
TEST_46894,0.06990896910429001,0.21620288491249084
TEST_46895,0.914647102355957,0.05721234902739525
TEST_46896,0.07242876291275024,0.9861900806427002
TEST_46897,0.023582948371767998,0.9797452092170715
TEST_46898,0.018260644748806953,0.9996564388275146
TEST_46899,0.13036951422691345,0.8373947739601135
TEST_46900,0.982071578502655,0.06203938275575638
TEST_46901,0.01373857818543911,0.9924423694610596
TEST_46902,0.01619453728199005,0.6542815566062927
TEST_46903,0.01278720237314701,0.9984824061393738
TEST_46904,0.00027322600362822413,0.9999861717224121
TEST_46905,0.0005569845670834184,0.9746185541152954
TEST_46906,0.024142367765307426,0.9863920211791992
TEST_46907,0.019251897931098938,0.9278196692466736
TEST_46908,0.055603355169296265,0.9488319158554077
TEST_46909,0.005970595870167017,0.9479036331176758
TEST_46910,0.009920861572027206,0.9391483068466187
TEST_46911,0.013402032665908337,0.7734202146530151
TEST_46912,0.0030885450541973114,0.9936510920524597
TEST_46913,0.028696026653051376,0.9935897588729858
TEST_46914,0.0071318442933261395,0.984666109085083
TEST_46915,3.701507375808433e-05,0.9999256134033203
TEST_46916,0.015901146456599236,0.991932213306427
TEST_46917,0.0011158977868035436,0.8812961578369141
TEST_46918,0.059136584401130676,0.6388887763023376
TEST_46919,0.010766370221972466,0.9030644297599792
TEST_46920,0.028652826324105263,0.9853449463844299
TEST_46921,0.010758050717413425,0.9942213892936707
TEST_46922,0.004078230820596218,0.9975685477256775
TEST_46923,0.0011479443637654185,0.998033344745636
TEST_46924,0.0032842298969626427,0.9935731291770935
TEST_46925,0.0060640135779976845,0.9970408082008362
TEST_46926,0.0061172558926045895,0.9330399632453918
TEST_46927,0.0007696152315475047,0.9974871873855591
TEST_46928,0.1354711949825287,0.9749466776847839
TEST_46929,0.048001665621995926,0.9396186470985413
TEST_46930,0.015928925946354866,0.9294807314872742
TEST_46931,0.009872380644083023,0.9970597624778748
TEST_46932,0.02724923938512802,0.9924047589302063
TEST_46933,0.06948651373386383,0.8747612833976746
TEST_46934,0.006592778023332357,0.9853847622871399
TEST_46935,0.09926977753639221,0.4049397110939026
TEST_46936,0.020683005452156067,0.9903334975242615
TEST_46937,0.008130524307489395,0.9945396780967712
TEST_46938,0.0059222509153187275,0.9997518658638
TEST_46939,0.9614958167076111,0.6847016215324402
TEST_46940,0.21054740250110626,0.8695536255836487
TEST_46941,0.021019471809267998,0.9525882005691528
TEST_46942,4.574693230097182e-05,0.9999345541000366
TEST_46943,0.018143823370337486,0.9628127217292786
TEST_46944,0.01889047957956791,0.9923418760299683
TEST_46945,0.018563253805041313,0.9605793952941895
TEST_46946,0.027885297313332558,0.9889422655105591
TEST_46947,0.001187217072583735,0.9972943663597107
TEST_46948,0.02212265320122242,0.9873977303504944
TEST_46949,0.4536137878894806,0.9248935580253601
TEST_46950,0.03455810993909836,0.9760029911994934
TEST_46951,0.07766123116016388,0.9945236444473267
TEST_46952,0.00536686833947897,0.9988479614257812
TEST_46953,0.3576740324497223,0.8454960584640503
TEST_46954,0.0007527070119976997,0.9998413324356079
TEST_46955,0.01641167514026165,0.997068464756012
TEST_46956,0.01258112769573927,0.9892822504043579
TEST_46957,0.03136448189616203,0.99662846326828
TEST_46958,0.0004925108514726162,0.9988067150115967
TEST_46959,0.012346656061708927,0.9950064420700073
TEST_46960,0.004449083004146814,0.9708675146102905
TEST_46961,0.008004932664334774,0.9991995692253113
TEST_46962,0.0023102425038814545,0.9781481027603149
TEST_46963,0.33329784870147705,0.8701793551445007
TEST_46964,0.4130163788795471,0.4117564857006073
TEST_46965,0.4949089586734772,0.9471202492713928
TEST_46966,0.004858558531850576,0.4685584604740143
TEST_46967,0.0029898923821747303,0.9983988404273987
TEST_46968,0.008136902935802937,0.9992610812187195
TEST_46969,0.0015179746551439166,0.9918854236602783
TEST_46970,0.03817923739552498,0.993848979473114
TEST_46971,0.8100627660751343,0.7700225114822388
TEST_46972,0.0011780282948166132,0.9941924214363098
TEST_46973,0.0010661417618393898,0.9841527342796326
TEST_46974,0.0373058021068573,0.9901842474937439
TEST_46975,0.017618315294384956,0.89174884557724
TEST_46976,0.010707852430641651,0.9273483753204346
TEST_46977,0.026031194254755974,0.9309202432632446
TEST_46978,0.6436842679977417,0.46371161937713623
TEST_46979,0.0413086824119091,0.9795578122138977
TEST_46980,0.2690141797065735,0.8457256555557251
TEST_46981,0.006012665573507547,0.9975814819335938
TEST_46982,0.009751291945576668,0.995579183101654
TEST_46983,0.021827667951583862,0.9580390453338623
TEST_46984,0.027072975412011147,0.9757525324821472
TEST_46985,0.0376855731010437,0.9928258657455444
TEST_46986,0.00033017885289154947,0.9986559152603149
TEST_46987,0.42771145701408386,0.9943113327026367
TEST_46988,0.02594473771750927,0.9784879088401794
TEST_46989,0.038594942539930344,0.9784178137779236
TEST_46990,0.020550331100821495,0.9873706102371216
TEST_46991,0.001487958594225347,0.9995492100715637
TEST_46992,0.006072020158171654,0.9240679144859314
TEST_46993,0.024180304259061813,0.9351654648780823
TEST_46994,0.03802720829844475,0.8895456790924072
TEST_46995,0.0007482863729819655,0.9989051818847656
TEST_46996,0.05311310291290283,0.22324110567569733
TEST_46997,0.01038117054849863,0.977073073387146
TEST_46998,0.18433086574077606,0.9546384811401367
TEST_46999,0.03668041527271271,0.9152190089225769
TEST_47000,0.023971276357769966,0.9290462136268616
TEST_47001,0.048856642097234726,0.9997193217277527
TEST_47002,0.0328010618686676,0.9774781465530396
TEST_47003,0.009709374979138374,0.9954981803894043
TEST_47004,0.03131473436951637,0.9741401076316833
TEST_47005,0.0018326392164453864,0.9987499713897705
TEST_47006,0.06307727098464966,0.9983592629432678
TEST_47007,0.016811007633805275,0.7752474546432495
TEST_47008,0.0034073616843670607,0.9996602535247803
TEST_47009,0.22918537259101868,0.6882205605506897
TEST_47010,0.008033172227442265,0.9572095274925232
TEST_47011,0.0013702171854674816,0.997407853603363
TEST_47012,0.9654877185821533,0.8995603322982788
TEST_47013,0.0010995038319379091,0.907467246055603
TEST_47014,0.02055702544748783,0.8900760412216187
TEST_47015,0.005434473976492882,0.9949230551719666
TEST_47016,0.014290240593254566,0.9928398132324219
TEST_47017,0.003445241367444396,0.9902634620666504
TEST_47018,0.004678092896938324,0.9994521737098694
TEST_47019,0.21085688471794128,0.9680739045143127
TEST_47020,0.7751355171203613,0.9692166447639465
TEST_47021,0.0014227471547201276,0.9946956038475037
TEST_47022,0.030294330790638924,0.9230674505233765
TEST_47023,0.03835683688521385,0.9889345765113831
TEST_47024,0.9999756813049316,0.0010957233607769012
TEST_47025,0.03310570865869522,0.8850783705711365
TEST_47026,0.04147467017173767,0.9853032827377319
TEST_47027,0.07300564646720886,0.8650206923484802
TEST_47028,0.03658033162355423,0.9938439130783081
TEST_47029,0.03592346981167793,0.9646131992340088
TEST_47030,0.011179707944393158,0.997613787651062
TEST_47031,0.003933792933821678,0.9866118431091309
TEST_47032,0.013706342317163944,0.9811595678329468
TEST_47033,0.004187390673905611,0.9995623230934143
TEST_47034,0.011578497476875782,0.9874143004417419
TEST_47035,0.973969578742981,0.9950450658798218
TEST_47036,0.25268658995628357,0.9488722085952759
TEST_47037,0.00556821608915925,0.929218053817749
TEST_47038,0.0025958698242902756,0.9874309301376343
TEST_47039,0.05589946359395981,0.8793913125991821
TEST_47040,0.012921111658215523,0.985113263130188
TEST_47041,0.036051616072654724,0.8850874304771423
TEST_47042,0.0692998543381691,0.991154670715332
TEST_47043,0.04051830992102623,0.9734703302383423
TEST_47044,0.013897222466766834,0.9804449081420898
TEST_47045,0.0034489429090172052,0.9943978786468506
TEST_47046,0.04185855761170387,0.8981508016586304
TEST_47047,0.9997501969337463,0.06741529703140259
TEST_47048,0.033896416425704956,0.9246017336845398
TEST_47049,0.004730501212179661,0.9603835940361023
TEST_47050,0.0046861437149345875,0.9677130579948425
TEST_47051,0.011202496476471424,0.9860802292823792
TEST_47052,0.02788916416466236,0.935033917427063
TEST_47053,0.028359385207295418,0.9508161544799805
TEST_47054,0.4331973195075989,0.9980055689811707
TEST_47055,0.11343085020780563,0.9107710123062134
TEST_47056,0.3688635528087616,0.9820897579193115
TEST_47057,0.893621563911438,0.8564842343330383
TEST_47058,0.04938892275094986,0.9961052536964417
TEST_47059,0.0024099363945424557,0.9981607794761658
TEST_47060,0.001617885660380125,0.9912981986999512
TEST_47061,0.06465665996074677,0.920879602432251
TEST_47062,0.9909986257553101,0.23834004998207092
TEST_47063,0.005653752945363522,0.9998735189437866
TEST_47064,0.05402286350727081,0.8438519239425659
TEST_47065,0.00014771010319236666,0.9999727010726929
TEST_47066,0.12437381595373154,0.980171799659729
TEST_47067,0.0022141742520034313,0.9916192293167114
TEST_47068,0.02184819057583809,0.9884949326515198
TEST_47069,0.08631711453199387,0.6661761999130249
TEST_47070,0.03964266926050186,0.9994726777076721
TEST_47071,0.0022603063844144344,0.9922653436660767
TEST_47072,0.010699717327952385,0.9979404807090759
TEST_47073,0.8528610467910767,0.955913782119751
TEST_47074,0.0010546386474743485,0.9983075857162476
TEST_47075,0.04482145980000496,0.913617730140686
TEST_47076,0.8647300004959106,0.9167896509170532
TEST_47077,0.056382372975349426,0.9910839796066284
TEST_47078,0.0016684994334354997,0.9998047947883606
TEST_47079,0.4630758464336395,0.9337892532348633
TEST_47080,0.09802919626235962,0.7991175055503845
TEST_47081,0.09662387520074844,0.9321699142456055
TEST_47082,0.0006714646588079631,0.9975141286849976
TEST_47083,0.6277315616607666,0.899017870426178
TEST_47084,0.052086398005485535,0.827407956123352
TEST_47085,0.007826371118426323,0.9880005717277527
TEST_47086,0.7385712265968323,0.8773375153541565
TEST_47087,0.01920941099524498,0.9943838119506836
TEST_47088,0.23577558994293213,0.15304389595985413
TEST_47089,0.4579114019870758,0.9375371336936951
TEST_47090,0.031827375292778015,0.9864956736564636
TEST_47091,0.14359523355960846,0.8904125690460205
TEST_47092,0.027866309508681297,0.9390028119087219
TEST_47093,0.5652360916137695,0.16949541866779327
TEST_47094,0.03200991451740265,0.9252333641052246
TEST_47095,0.0038511098828166723,0.97561115026474
TEST_47096,0.04764433205127716,0.9534059166908264
TEST_47097,0.006269766017794609,0.9957832098007202
TEST_47098,0.006311469245702028,0.999832034111023
TEST_47099,0.16403138637542725,0.7883201241493225
TEST_47100,0.03047623299062252,0.9973108768463135
TEST_47101,0.0021640644408762455,0.9904565215110779
TEST_47102,0.0008705821819603443,0.9996389150619507
TEST_47103,0.28513649106025696,0.9423395991325378
TEST_47104,0.0921458825469017,0.26803484559059143
TEST_47105,0.0005059752729721367,0.9970117807388306
TEST_47106,0.009404221549630165,0.9834248423576355
TEST_47107,0.054289087653160095,0.9903742074966431
TEST_47108,0.008126180619001389,0.9572153091430664
TEST_47109,0.09233534336090088,0.3284905254840851
TEST_47110,0.0014860413502901793,0.9996809959411621
TEST_47111,0.002667610300704837,0.9999818801879883
TEST_47112,0.16606177389621735,0.8828732967376709
TEST_47113,0.0020492824260145426,0.999055802822113
TEST_47114,0.0016323996242135763,0.9903073310852051
TEST_47115,0.014385079964995384,0.9959132075309753
TEST_47116,0.006898840889334679,0.9845501184463501
TEST_47117,0.004662897903472185,0.9789943695068359
TEST_47118,0.7648673057556152,0.351389616727829
TEST_47119,0.03169761598110199,0.9005601406097412
TEST_47120,0.009694618172943592,0.9937247633934021
TEST_47121,0.6242766976356506,0.5591373443603516
TEST_47122,0.001050618477165699,0.9984092116355896
TEST_47123,0.02436770871281624,0.9921596646308899
TEST_47124,0.004491549450904131,0.9985931515693665
TEST_47125,0.07401829212903976,0.8878849148750305
TEST_47126,0.07467377930879593,0.87887042760849
TEST_47127,0.008849052712321281,0.0775572881102562
TEST_47128,0.3742370009422302,0.9412223100662231
TEST_47129,0.015686435624957085,0.9808758497238159
TEST_47130,0.008046718314290047,0.9549350738525391
TEST_47131,0.0034511529374867678,0.9997115731239319
TEST_47132,0.01626109890639782,0.8304464817047119
TEST_47133,0.0353785939514637,0.8856324553489685
TEST_47134,0.05235046148300171,0.9773369431495667
TEST_47135,0.00825810618698597,0.991706371307373
TEST_47136,0.005353942979127169,0.8579800128936768
TEST_47137,0.0018021049909293652,0.9941887855529785
TEST_47138,0.6456152200698853,0.03272794559597969
TEST_47139,0.32934120297431946,0.9188297986984253
TEST_47140,0.03300851956009865,0.8353019952774048
TEST_47141,0.001948514487594366,0.9969258904457092
TEST_47142,0.002113939495757222,0.9951698184013367
TEST_47143,0.012759650126099586,0.9889296889305115
TEST_47144,0.5306808352470398,0.025968486443161964
TEST_47145,0.3005223870277405,0.9268630146980286
TEST_47146,0.0007878011092543602,0.9938389658927917
TEST_47147,0.0008299908949993551,0.9983763694763184
TEST_47148,0.013519162312150002,0.9643332958221436
TEST_47149,0.016045333817601204,0.9974930286407471
TEST_47150,0.013640460558235645,0.8913424015045166
TEST_47151,0.6087209582328796,0.9833569526672363
TEST_47152,0.09311527013778687,0.9829989075660706
TEST_47153,0.0005025860155001283,0.9928118586540222
TEST_47154,0.0030583778861910105,0.9964863061904907
TEST_47155,0.00439061876386404,0.996747612953186
TEST_47156,5.1767635511623666e-08,0.9999978542327881
TEST_47157,0.023406632244586945,0.9108384251594543
TEST_47158,0.5772408843040466,0.96791672706604
TEST_47159,0.018267955631017685,0.9849697351455688
TEST_47160,0.0037832893431186676,0.9946980476379395
TEST_47161,0.0028970411513000727,0.997933030128479
TEST_47162,0.4241117537021637,0.8994974493980408
TEST_47163,0.0025970370043069124,0.9958451390266418
TEST_47164,0.009682859294116497,0.9996057152748108
TEST_47165,0.8911944031715393,0.03714403137564659
TEST_47166,0.002283586421981454,0.9903290271759033
TEST_47167,0.007210894022136927,0.9879032969474792
TEST_47168,0.024264872074127197,0.9253705739974976
TEST_47169,0.0005434489576146007,0.9998780488967896
TEST_47170,0.014613136649131775,0.9943357110023499
TEST_47171,0.9582719206809998,0.5275387167930603
TEST_47172,0.015955407172441483,0.985584020614624
TEST_47173,0.012754569761455059,0.9703822135925293
TEST_47174,0.07595177739858627,0.9773992300033569
TEST_47175,0.019712885841727257,0.9065995812416077
TEST_47176,0.0317690409719944,0.9765977263450623
TEST_47177,0.07650464028120041,0.9918890595436096
TEST_47178,0.0003295611822977662,0.9988987445831299
TEST_47179,0.008846635930240154,0.9990170001983643
TEST_47180,0.005725470371544361,0.9916979074478149
TEST_47181,0.05414304882287979,0.9879961609840393
TEST_47182,0.0321793369948864,0.9704948663711548
TEST_47183,0.004639392253011465,0.997391939163208
TEST_47184,0.016702596098184586,0.9593266248703003
TEST_47185,0.001426365808583796,0.9955951571464539
TEST_47186,0.04347146674990654,0.9963064193725586
TEST_47187,0.006540817208588123,0.9655489325523376
TEST_47188,0.030992919579148293,0.8830780386924744
TEST_47189,0.002467663725838065,0.9949697852134705
TEST_47190,0.0034130304120481014,0.9999796152114868
TEST_47191,0.0006108248489908874,0.9983559250831604
TEST_47192,0.12898238003253937,0.9996378421783447
TEST_47193,0.011196075938642025,0.995900571346283
TEST_47194,0.010989104397594929,0.9816824197769165
TEST_47195,0.5181073546409607,0.7991384267807007
TEST_47196,0.3587653934955597,0.9014676213264465
TEST_47197,0.10768457502126694,0.8467655181884766
TEST_47198,0.93668133020401,0.1853017956018448
TEST_47199,0.028640499338507652,0.9656977653503418
TEST_47200,0.6868002414703369,0.9135878086090088
TEST_47201,0.007611262612044811,0.9614229202270508
TEST_47202,0.0034459352027624846,0.9968976974487305
TEST_47203,0.014818946830928326,0.9407740831375122
TEST_47204,0.00035748418304137886,0.9939770698547363
TEST_47205,0.006259121000766754,0.8423307538032532
TEST_47206,0.0605967715382576,0.751545786857605
TEST_47207,0.060241661965847015,0.9171751737594604
TEST_47208,0.000507664866745472,0.9972794651985168
TEST_47209,0.04053560271859169,0.9002068638801575
TEST_47210,0.004933325108140707,0.9866147637367249
TEST_47211,0.30152860283851624,0.8743377327919006
TEST_47212,0.011468089185655117,0.8972862362861633
TEST_47213,0.9695348143577576,0.04456223547458649
TEST_47214,0.3814767003059387,0.9139887690544128
TEST_47215,0.022508129477500916,0.9436108469963074
TEST_47216,0.02134920284152031,0.9908685684204102
TEST_47217,0.029362240806221962,0.9791147708892822
TEST_47218,0.006853936240077019,0.9924597144126892
TEST_47219,0.5966339707374573,0.9796339869499207
TEST_47220,0.000614884658716619,0.9959858059883118
TEST_47221,0.9993590712547302,0.9415670037269592
TEST_47222,0.010989558883011341,0.9961877465248108
TEST_47223,0.027222681790590286,0.9658048152923584
TEST_47224,0.9992642998695374,9.465963375987485e-05
TEST_47225,0.1265486478805542,0.9890533089637756
TEST_47226,0.0010468389373272657,0.9985716342926025
TEST_47227,0.029894854873418808,0.7960885763168335
TEST_47228,0.47192081809043884,0.9841653108596802
TEST_47229,0.003209815127775073,0.9902522563934326
TEST_47230,0.1530328392982483,0.8270435333251953
TEST_47231,0.23876681923866272,0.8543320894241333
TEST_47232,0.036765556782484055,0.9805624485015869
TEST_47233,0.023700600489974022,0.9922257661819458
TEST_47234,0.001751389354467392,0.9888457655906677
TEST_47235,0.0004277035768609494,0.9999996423721313
TEST_47236,0.002406039508059621,0.9758791327476501
TEST_47237,0.035998765379190445,0.9270148873329163
TEST_47238,0.5864654183387756,0.6387232542037964
TEST_47239,2.020776446443051e-05,0.9998846054077148
TEST_47240,0.04122535139322281,0.34085601568222046
TEST_47241,0.017009124159812927,0.9961250424385071
TEST_47242,0.0010239843977615237,0.999813973903656
TEST_47243,0.001252253307029605,0.9983837604522705
TEST_47244,0.5337996482849121,0.99347984790802
TEST_47245,0.010545582510530949,0.9988051652908325
TEST_47246,0.08287562429904938,0.9893937110900879
TEST_47247,0.07310467958450317,0.875617265701294
TEST_47248,0.029117906466126442,0.931995689868927
TEST_47249,0.21240578591823578,0.5617568492889404
TEST_47250,0.045736007392406464,0.8835293054580688
TEST_47251,0.02275952696800232,0.9638001322746277
TEST_47252,0.1125972643494606,0.9970209002494812
TEST_47253,0.05588909983634949,0.4330388307571411
TEST_47254,0.007886725477874279,0.9942223429679871
TEST_47255,0.00691611785441637,0.9582520127296448
TEST_47256,0.00032743409974500537,0.995712161064148
TEST_47257,0.9996939897537231,0.784214198589325
TEST_47258,0.0017681370954960585,0.9994370341300964
TEST_47259,0.0287679061293602,0.9472207427024841
TEST_47260,0.0027901609428226948,0.9994811415672302
TEST_47261,0.002354638185352087,0.9987953901290894
TEST_47262,0.014427362941205502,0.9998378753662109
TEST_47263,0.9145774841308594,0.0201845895498991
TEST_47264,0.07769610732793808,0.7214049696922302
TEST_47265,0.03383631631731987,0.9866449236869812
TEST_47266,0.01142822578549385,0.9889786839485168
TEST_47267,0.006519818212836981,0.9973462820053101
TEST_47268,0.023070961236953735,0.9179362058639526
TEST_47269,0.023521650582551956,0.8972814679145813
TEST_47270,0.02528422698378563,0.9151772260665894
TEST_47271,0.017293967306613922,0.9577544331550598
TEST_47272,0.022571967914700508,0.6965407729148865
TEST_47273,5.220186721999198e-05,0.9989137649536133
TEST_47274,0.02223171293735504,0.9573885798454285
TEST_47275,0.9298505783081055,0.6043415069580078
TEST_47276,0.05181662365794182,0.972500205039978
TEST_47277,0.016642848029732704,0.9103208780288696
TEST_47278,0.01526744943112135,0.9143871665000916
TEST_47279,0.05971312150359154,0.2697014808654785
TEST_47280,0.014034373685717583,0.9807604551315308
TEST_47281,0.025943811982870102,0.984631359577179
TEST_47282,0.15350811183452606,0.9864830374717712
TEST_47283,0.016822367906570435,0.9687495827674866
TEST_47284,0.23994863033294678,0.2749521732330322
TEST_47285,0.18800164759159088,0.9286631941795349
TEST_47286,0.0430973656475544,0.8851121664047241
TEST_47287,0.013452165760099888,0.9761011004447937
TEST_47288,0.07567929476499557,0.7603004574775696
TEST_47289,0.16368922591209412,0.5523732304573059
TEST_47290,0.00535829970613122,0.9987257122993469
TEST_47291,0.04924891144037247,0.9475153088569641
TEST_47292,0.37025806307792664,0.8843652606010437
TEST_47293,0.012437084689736366,0.9999998807907104
TEST_47294,0.024851687252521515,0.93747478723526
TEST_47295,0.7904253602027893,0.8920599818229675
TEST_47296,0.013492544181644917,0.965327262878418
TEST_47297,0.0697644054889679,0.9176466464996338
TEST_47298,0.007042990066111088,0.9864588379859924
TEST_47299,0.03971650451421738,0.9761240482330322
TEST_47300,0.008772492408752441,0.9813661575317383
TEST_47301,0.0010904055088758469,0.9796751737594604
TEST_47302,0.0076956795528531075,0.982673704624176
TEST_47303,0.024464838206768036,0.989546000957489
TEST_47304,0.012705828063189983,0.9113561511039734
TEST_47305,0.0015620013000443578,0.9982831478118896
TEST_47306,0.998578667640686,0.0006929810624569654
TEST_47307,0.017036139965057373,0.9568442702293396
TEST_47308,0.02408597618341446,0.9192637205123901
TEST_47309,0.0007928503910079598,0.9987548589706421
TEST_47310,0.006322415079921484,0.9994028806686401
TEST_47311,0.006449935957789421,0.8375202417373657
TEST_47312,0.000811697740573436,0.9975739121437073
TEST_47313,0.385122150182724,0.4224392771720886
TEST_47314,0.9804843068122864,0.7906179428100586
TEST_47315,0.005885377060621977,0.9921097159385681
TEST_47316,0.8875234723091125,0.9990779161453247
TEST_47317,0.00027707332628779113,0.9964499473571777
TEST_47318,0.006274140905588865,0.9851893186569214
TEST_47319,0.9074946045875549,0.5989046096801758
TEST_47320,0.046150971204042435,0.9376834630966187
TEST_47321,0.8250068426132202,0.8588877320289612
TEST_47322,0.02110309526324272,0.9715961813926697
TEST_47323,0.0011212565004825592,0.9964575171470642
TEST_47324,0.05648854747414589,0.9881120920181274
TEST_47325,0.006085352972149849,0.7998353838920593
TEST_47326,0.00256211101077497,0.989364743232727
TEST_47327,0.056965380907058716,0.9958235025405884
TEST_47328,0.9499244689941406,0.813340425491333
TEST_47329,0.024473723024129868,0.9583083987236023
TEST_47330,0.056268736720085144,0.9805246591567993
TEST_47331,0.003855109214782715,0.9982556700706482
TEST_47332,0.00432251812890172,0.9748502969741821
TEST_47333,0.035110872238874435,0.913475513458252
TEST_47334,0.0034417000133544207,0.9586030840873718
TEST_47335,0.02604287676513195,0.9592723250389099
TEST_47336,0.0002721255586948246,0.9999536275863647
TEST_47337,0.8797065615653992,0.9893426895141602
TEST_47338,0.07941814512014389,0.23052547872066498
TEST_47339,0.7880196571350098,0.4754456877708435
TEST_47340,0.0017060237005352974,0.999951958656311
TEST_47341,0.004846605472266674,0.9940516352653503
TEST_47342,0.043534472584724426,0.9269411563873291
TEST_47343,0.121293805539608,0.9806174635887146
TEST_47344,0.07143934816122055,0.98885577917099
TEST_47345,0.0010750300716608763,0.9988920092582703
TEST_47346,0.002298998646438122,0.9990997314453125
TEST_47347,0.006194713059812784,0.9693901538848877
TEST_47348,0.004026268143206835,0.9761247038841248
TEST_47349,0.07159335166215897,0.96538245677948
TEST_47350,0.01791025698184967,0.9294248819351196
TEST_47351,0.04024127498269081,0.9958131909370422
TEST_47352,0.005622544791549444,0.9657658934593201
TEST_47353,0.016110241413116455,0.9912285804748535
TEST_47354,0.014415603131055832,0.9939166903495789
TEST_47355,0.0011854220647364855,0.9960905909538269
TEST_47356,0.0008962529245764017,0.9985314607620239
TEST_47357,2.7639265681500547e-05,0.9998251795768738
TEST_47358,0.05075052008032799,0.9834144711494446
TEST_47359,0.05669345334172249,0.9190741181373596
TEST_47360,0.02452704682946205,0.9520884156227112
TEST_47361,0.003014874877408147,0.9979512095451355
TEST_47362,0.008408281952142715,0.8278323411941528
TEST_47363,0.0023273981641978025,0.9961708188056946
TEST_47364,0.01673506572842598,0.6729816198348999
TEST_47365,0.002300323685631156,0.9963726997375488
TEST_47366,0.3428696095943451,0.9946849346160889
TEST_47367,0.0027936261612921953,0.9976211190223694
TEST_47368,0.07942327111959457,0.9964022636413574
TEST_47369,0.999700665473938,1.756407436914742e-05
TEST_47370,0.0005704378127120435,0.9998341798782349
TEST_47371,0.025463614612817764,0.7700425386428833
TEST_47372,0.0388994999229908,0.8109901547431946
TEST_47373,0.35273557901382446,0.9734401702880859
TEST_47374,0.9585438966751099,0.9687965512275696
TEST_47375,0.015175887383520603,0.9983275532722473
TEST_47376,0.015424818731844425,0.9927116632461548
TEST_47377,0.02415752038359642,0.8007593750953674
TEST_47378,0.0034126362297683954,0.9990137815475464
TEST_47379,0.018784426152706146,0.869839072227478
TEST_47380,0.014752199873328209,0.9955262541770935
TEST_47381,0.04578256234526634,0.9542553424835205
TEST_47382,0.1281290352344513,0.9919620156288147
TEST_47383,0.004668927751481533,0.9896155595779419
TEST_47384,0.0034005367197096348,0.974746823310852
TEST_47385,0.000741681840736419,0.9996868371963501
TEST_47386,0.016304368153214455,0.985919713973999
TEST_47387,0.007662310265004635,0.9999996423721313
TEST_47388,0.035961512476205826,0.8683345317840576
TEST_47389,0.009560293518006802,0.9705045223236084
TEST_47390,0.1993231177330017,0.558808445930481
TEST_47391,0.029022812843322754,0.9228820204734802
TEST_47392,0.01748259924352169,0.9998657703399658
TEST_47393,0.002734588459134102,0.9617848992347717
TEST_47394,0.15399937331676483,0.9262514114379883
TEST_47395,0.007882521487772465,0.9717349410057068
TEST_47396,0.5487822890281677,0.7281280755996704
TEST_47397,0.0021209861151874065,0.9991439580917358
TEST_47398,0.03741881251335144,0.9348204731941223
TEST_47399,0.226759135723114,0.9607539772987366
TEST_47400,0.03169616684317589,0.8683575391769409
TEST_47401,0.00023819011403247714,0.9998213648796082
TEST_47402,0.006069079972803593,0.9677253365516663
TEST_47403,0.509508490562439,0.5628172159194946
TEST_47404,0.014823107980191708,0.9893609881401062
TEST_47405,0.07211217284202576,0.9881699085235596
TEST_47406,0.02591467648744583,0.9462970495223999
TEST_47407,0.0037667376454919577,0.9970735311508179
TEST_47408,0.00039715180173516273,0.9920099973678589
TEST_47409,0.21125410497188568,0.5149644613265991
TEST_47410,0.00048619534936733544,0.9996137022972107
TEST_47411,0.005380130838602781,0.960904061794281
TEST_47412,0.877193808555603,0.2570279538631439
TEST_47413,0.0011456687934696674,0.994207501411438
TEST_47414,0.015720870345830917,0.997782289981842
TEST_47415,0.1851830929517746,0.3058093786239624
TEST_47416,0.027545850723981857,0.8906291723251343
TEST_47417,0.016232000663876534,0.992771565914154
TEST_47418,0.0631440207362175,0.8957915902137756
TEST_47419,0.0019120960496366024,0.9977067708969116
TEST_47420,0.00018847496539819986,0.99029541015625
TEST_47421,0.02447495236992836,0.9575919508934021
TEST_47422,0.7282043099403381,0.5174247026443481
TEST_47423,0.001246760250069201,0.9962499737739563
TEST_47424,0.006484735291451216,0.9984924793243408
TEST_47425,0.032708778977394104,0.9947463870048523
TEST_47426,0.05454061180353165,0.9213615655899048
TEST_47427,0.017304658889770508,0.9811351895332336
TEST_47428,0.00014289069804362953,0.9947590231895447
TEST_47429,0.0019564274698495865,0.9963420033454895
TEST_47430,0.02791569195687771,0.9875580072402954
TEST_47431,0.012720294296741486,0.9950770735740662
TEST_47432,0.0019374904222786427,0.9992584586143494
TEST_47433,0.9998683929443359,0.00020930373284500092
TEST_47434,0.025090733543038368,0.9298443794250488
TEST_47435,0.005608486011624336,0.9888389110565186
TEST_47436,0.22682909667491913,0.8103310465812683
TEST_47437,0.011299440637230873,0.9792875051498413
TEST_47438,0.007064039818942547,0.9939171671867371
TEST_47439,0.030586102977395058,0.9971001744270325
TEST_47440,0.8679397106170654,0.45825380086898804
TEST_47441,0.002520653186365962,0.9969622492790222
TEST_47442,0.026928916573524475,0.9924877882003784
TEST_47443,0.06429681181907654,0.9260783791542053
TEST_47444,0.0021385278087109327,0.9999203681945801
TEST_47445,0.0014309535035863519,0.9972570538520813
TEST_47446,0.09363166242837906,0.5979400277137756
TEST_47447,0.03995110094547272,0.8908678889274597
TEST_47448,0.0005142733571119606,0.9993953704833984
TEST_47449,0.0013646576553583145,0.9999192953109741
TEST_47450,0.033003125339746475,0.8931272029876709
TEST_47451,0.023542022332549095,0.9748955965042114
TEST_47452,0.033707041293382645,0.9116011261940002
TEST_47453,0.023621322587132454,0.9524837136268616
TEST_47454,0.009194865822792053,0.9753665924072266
TEST_47455,0.22490863502025604,0.9696992039680481
TEST_47456,0.0025099385529756546,0.9983808994293213
TEST_47457,0.009627099148929119,0.9238190650939941
TEST_47458,0.005624006036669016,0.9892925024032593
TEST_47459,0.004579710308462381,0.9919018149375916
TEST_47460,0.0021999801974743605,0.9983537197113037
TEST_47461,0.004801561124622822,0.9848235845565796
TEST_47462,0.03845774009823799,0.797003448009491
TEST_47463,0.0019386699423193932,0.99960857629776
TEST_47464,0.013850205577909946,0.9957619309425354
TEST_47465,0.04205441474914551,0.9948658347129822
TEST_47466,0.006916475482285023,0.9996029734611511
TEST_47467,0.029175305739045143,0.9735434055328369
TEST_47468,0.0020131394267082214,0.9945470094680786
TEST_47469,0.0004817371955141425,0.999546229839325
TEST_47470,0.006825130898505449,0.9972814321517944
TEST_47471,0.004671246279031038,0.7871521711349487
TEST_47472,0.005927783902734518,0.9999997615814209
TEST_47473,0.011724820360541344,0.9768548011779785
TEST_47474,0.13524308800697327,0.9796504974365234
TEST_47475,0.030306918546557426,0.9902771711349487
TEST_47476,0.0023096369113773108,0.9999986886978149
TEST_47477,0.8219124674797058,0.9848437905311584
TEST_47478,0.17195843160152435,0.8315722942352295
TEST_47479,0.007809250149875879,0.9983838796615601
TEST_47480,0.04025748372077942,0.963527262210846
TEST_47481,0.1445777714252472,0.23965799808502197
TEST_47482,0.007002333179116249,0.9861509203910828
TEST_47483,0.08006403595209122,0.9800949096679688
TEST_47484,0.0056951045989990234,0.9961274266242981
TEST_47485,0.015541860833764076,0.9618750214576721
TEST_47486,0.00014863439719192684,0.9998620748519897
TEST_47487,0.000879096332937479,0.9988083839416504
TEST_47488,0.0020041915122419596,0.9999933242797852
TEST_47489,0.0006756773218512535,0.9967002272605896
TEST_47490,0.20111118257045746,0.9802587032318115
TEST_47491,0.018169866874814034,0.9259957075119019
TEST_47492,0.01812412217259407,0.9522206783294678
TEST_47493,0.1393338292837143,0.761922299861908
TEST_47494,0.00213423790410161,0.9865374565124512
TEST_47495,0.9760556817054749,0.789301872253418
TEST_47496,0.011262711137533188,0.9883534908294678
TEST_47497,0.04042486473917961,0.9534091949462891
TEST_47498,0.007247484289109707,0.997257649898529
TEST_47499,0.0003724354028236121,0.9012470841407776
TEST_47500,0.005405974108725786,0.8146776556968689
TEST_47501,0.00046529248356819153,0.9991557598114014
TEST_47502,0.00520124938338995,0.9988766312599182
TEST_47503,0.014618286862969398,0.8730536103248596
TEST_47504,0.0494736023247242,0.90181964635849
TEST_47505,0.008430469781160355,0.9966922998428345
TEST_47506,0.5005993247032166,0.9877339601516724
TEST_47507,0.9965081810951233,0.5389843583106995
TEST_47508,0.26170051097869873,0.9866184592247009
TEST_47509,0.020314428955316544,0.9678772687911987
TEST_47510,0.00015366477600764483,0.9976387023925781
TEST_47511,0.0026355315931141376,0.9891520738601685
TEST_47512,0.004251692909747362,0.9927392601966858
TEST_47513,0.0008740011835470796,0.9897581338882446
TEST_47514,0.03895580396056175,0.8888590335845947
TEST_47515,0.027179846540093422,0.9371588230133057
TEST_47516,0.006735463626682758,0.976500391960144
TEST_47517,0.8539487719535828,0.7770191431045532
TEST_47518,0.02683352679014206,0.9213317036628723
TEST_47519,0.003964290022850037,0.9898882508277893
TEST_47520,0.08408258110284805,0.9921578168869019
TEST_47521,0.0014595635002478957,0.9958000779151917
TEST_47522,0.5645373463630676,0.793912410736084
TEST_47523,0.023546425625681877,0.9316971302032471
TEST_47524,0.0034101882483810186,0.9995200634002686
TEST_47525,0.09398390352725983,0.9860205054283142
TEST_47526,0.999930739402771,3.880904841935262e-05
TEST_47527,0.01243770495057106,0.9888725876808167
TEST_47528,0.0007013782160356641,1.0
TEST_47529,0.39821332693099976,0.9628526568412781
TEST_47530,0.0033111555967479944,0.9735119938850403
TEST_47531,0.05662386491894722,0.961262583732605
TEST_47532,0.0004826691001653671,0.9987749457359314
TEST_47533,0.0069779590703547,0.9791537523269653
TEST_47534,0.009936198592185974,0.9847499132156372
TEST_47535,0.017528804019093513,0.9317144155502319
TEST_47536,0.8257617950439453,0.024724949151277542
TEST_47537,0.0039500100538134575,0.9975837469100952
TEST_47538,0.020080752670764923,0.8711711168289185
TEST_47539,0.1936420053243637,0.5906385779380798
TEST_47540,0.054625753313302994,0.952366828918457
TEST_47541,0.0020261199679225683,0.9987012147903442
TEST_47542,0.9113572835922241,0.015484402887523174
TEST_47543,0.0041386135853827,0.9994069337844849
TEST_47544,0.001410459983162582,0.995337963104248
TEST_47545,0.9584215879440308,0.44967731833457947
TEST_47546,0.0159976277500391,0.9880962371826172
TEST_47547,0.011702409014105797,0.9891672134399414
TEST_47548,0.00873623602092266,0.9965657591819763
TEST_47549,0.04995244741439819,0.9922083020210266
TEST_47550,0.0011987271718680859,0.9821968078613281
TEST_47551,0.08181652426719666,0.08095937967300415
TEST_47552,0.03929316997528076,0.9899485111236572
TEST_47553,0.008646265603601933,0.9993543028831482
TEST_47554,0.22635696828365326,0.9878581762313843
TEST_47555,0.732537031173706,0.7060607671737671
TEST_47556,0.007585783023387194,0.99951171875
TEST_47557,0.035232994705438614,0.9845309257507324
TEST_47558,0.9957908391952515,0.005025554448366165
TEST_47559,0.16572850942611694,0.8961361050605774
TEST_47560,0.0028579726349562407,0.9999381303787231
TEST_47561,0.017242657020688057,0.9573684930801392
TEST_47562,0.013867330737411976,0.798079252243042
TEST_47563,0.01851976290345192,0.9844008088111877
TEST_47564,0.02275089919567108,0.9733120799064636
TEST_47565,0.4817408323287964,0.35833775997161865
TEST_47566,0.003560454584658146,1.0
TEST_47567,0.02383553981781006,0.8174755573272705
TEST_47568,0.0011652556713670492,0.9978395700454712
TEST_47569,0.008517409674823284,0.9977091550827026
TEST_47570,0.006086951121687889,0.9998892545700073
TEST_47571,0.01251144427806139,0.9988823533058167
TEST_47572,0.00977419875562191,0.9678776264190674
TEST_47573,0.02227829210460186,0.9893962740898132
TEST_47574,0.031018326058983803,0.8953440189361572
TEST_47575,0.01011529378592968,0.9996539354324341
TEST_47576,0.13576339185237885,0.8689842224121094
TEST_47577,0.031739261001348495,0.999482274055481
TEST_47578,0.17883822321891785,0.9509885311126709
TEST_47579,0.8925426006317139,0.9936400055885315
TEST_47580,0.031974248588085175,0.9795621633529663
TEST_47581,0.044159386307001114,0.8839800357818604
TEST_47582,0.04108939692378044,0.8264254331588745
TEST_47583,0.006604293826967478,0.9901740550994873
TEST_47584,0.7287304997444153,0.6642366647720337
TEST_47585,0.01627345196902752,0.968602180480957
TEST_47586,0.013250594027340412,0.9523566961288452
TEST_47587,0.4632013142108917,0.9011067152023315
TEST_47588,0.8336324095726013,0.16671214997768402
TEST_47589,0.008493193425238132,0.9385566115379333
TEST_47590,0.07245410233736038,0.9099917411804199
TEST_47591,0.013014333322644234,0.9789820909500122
TEST_47592,0.0003414865641389042,0.9998941421508789
TEST_47593,0.0018520550802350044,0.9996931552886963
TEST_47594,0.0009102190961129963,0.9984246492385864
TEST_47595,0.10744059085845947,0.9846317768096924
TEST_47596,0.03099902532994747,0.9952749013900757
TEST_47597,3.7444737245095894e-05,0.9977491497993469
TEST_47598,0.011772722005844116,0.9474858641624451
TEST_47599,0.021603839471936226,0.971560537815094
TEST_47600,0.5145128965377808,0.9051334857940674
TEST_47601,0.002787316683679819,0.9942646622657776
TEST_47602,0.022842558100819588,0.9866244792938232
TEST_47603,0.8256368041038513,0.8677394986152649
TEST_47604,0.03232482448220253,0.915350615978241
TEST_47605,0.0011913219932466745,0.9230762720108032
TEST_47606,0.004658130928874016,0.9996917247772217
TEST_47607,0.1290292590856552,0.8857057690620422
TEST_47608,0.0036907289177179337,0.9950472116470337
TEST_47609,0.01572182960808277,0.9893082976341248
TEST_47610,0.4885620176792145,0.3973323702812195
TEST_47611,0.0517568401992321,0.9948957562446594
TEST_47612,0.011078954674303532,0.9796929359436035
TEST_47613,0.031020961701869965,0.9375308752059937
TEST_47614,0.0076087601482868195,0.9630126953125
TEST_47615,0.007840324193239212,0.9889300465583801
TEST_47616,0.008913476020097733,0.9029873609542847
TEST_47617,0.19489562511444092,0.9590501189231873
TEST_47618,0.002140601398423314,0.9984662532806396
TEST_47619,0.014776692725718021,0.9872065782546997
TEST_47620,0.3435850441455841,0.14541150629520416
TEST_47621,0.04128599911928177,0.9929261207580566
TEST_47622,0.02322339080274105,0.6875116229057312
TEST_47623,0.829332709312439,0.9034242033958435
TEST_47624,0.005941187497228384,0.9847129583358765
TEST_47625,0.004442139528691769,0.985617458820343
TEST_47626,0.060408759862184525,0.8025517463684082
TEST_47627,0.01870334893465042,0.9989801049232483
TEST_47628,0.9926637411117554,0.5565321445465088
TEST_47629,0.016471343114972115,0.9883372187614441
TEST_47630,0.21321021020412445,0.19909343123435974
TEST_47631,0.9894577264785767,0.006979475729167461
TEST_47632,0.41187188029289246,0.8226748108863831
TEST_47633,0.026971708983182907,0.9797790050506592
TEST_47634,0.001181346015073359,0.9994379878044128
TEST_47635,0.00516541488468647,0.9980133771896362
TEST_47636,0.02885042503476143,0.9879608750343323
TEST_47637,0.13256391882896423,0.9156506657600403
TEST_47638,0.025946233421564102,0.992284893989563
TEST_47639,0.9237558245658875,0.9741965532302856
TEST_47640,0.005444800481200218,0.9666116833686829
TEST_47641,0.02153080701828003,0.8624172210693359
TEST_47642,0.9967195391654968,0.8124990463256836
TEST_47643,0.05005141720175743,0.9984435439109802
TEST_47644,0.00829304102808237,0.9975672960281372
TEST_47645,0.21736598014831543,0.9184257984161377
TEST_47646,0.00030517225968651474,0.9997085928916931
TEST_47647,0.018858499825000763,0.9456160068511963
TEST_47648,0.046025197952985764,0.7540408968925476
TEST_47649,0.336494117975235,0.8800355792045593
TEST_47650,0.006926527712494135,0.9662617444992065
TEST_47651,0.0015328834997490048,0.9979946613311768
TEST_47652,0.31601259112358093,0.9107896685600281
TEST_47653,0.016190411522984505,0.9972699284553528
TEST_47654,0.06963816285133362,0.9802260398864746
TEST_47655,0.06907159835100174,0.9692124128341675
TEST_47656,0.11319752037525177,0.8991197943687439
TEST_47657,0.10800226777791977,0.842226505279541
TEST_47658,0.05936763063073158,0.9943191409111023
TEST_47659,0.0013832102995365858,0.9999189376831055
TEST_47660,0.009897774085402489,0.8942952156066895
TEST_47661,0.00020589979249052703,0.9997767806053162
TEST_47662,0.004277327097952366,0.999030351638794
TEST_47663,0.9604563117027283,0.47586914896965027
TEST_47664,0.03408438712358475,0.9971312284469604
TEST_47665,0.005131992511451244,0.9956537485122681
TEST_47666,0.06271404027938843,0.9809330701828003
TEST_47667,0.027330564334988594,0.9603498578071594
TEST_47668,0.035743098706007004,0.9102793335914612
TEST_47669,0.9586682319641113,0.03541278466582298
TEST_47670,0.15872977674007416,0.6421278715133667
TEST_47671,0.002943114610388875,0.9973893761634827
TEST_47672,0.01405313890427351,0.9990847110748291
TEST_47673,0.2755461037158966,0.7515490651130676
TEST_47674,0.008644230663776398,0.9983886480331421
TEST_47675,0.014634642750024796,0.9830251932144165
TEST_47676,0.001187928719446063,0.9997414946556091
TEST_47677,0.007269127294421196,0.9616076350212097
TEST_47678,0.050156254321336746,0.8623008131980896
TEST_47679,0.000174171436810866,0.9987668991088867
TEST_47680,0.005914662033319473,0.9985664486885071
TEST_47681,0.004467349033802748,0.999897837638855
TEST_47682,0.00047561779501847923,0.9999667406082153
TEST_47683,0.00971401110291481,0.9864071011543274
TEST_47684,0.007435354869812727,0.994600772857666
TEST_47685,0.6721165776252747,0.309082955121994
TEST_47686,0.04052601382136345,0.9976524710655212
TEST_47687,0.0012790582841262221,0.9954736828804016
TEST_47688,0.0038835376035422087,0.987078070640564
TEST_47689,0.007665058597922325,0.9978699684143066
TEST_47690,0.0034050385002046824,0.9999731779098511
TEST_47691,0.04655687138438225,0.9031665325164795
TEST_47692,0.4039127230644226,0.5575225353240967
TEST_47693,0.041642263531684875,0.960412323474884
TEST_47694,0.01936623640358448,0.9527733325958252
TEST_47695,0.056913141161203384,0.9166009426116943
TEST_47696,0.0009248401620425284,0.9907028675079346
TEST_47697,0.0008414347539655864,0.9997759461402893
TEST_47698,0.009601142257452011,0.9781630635261536
TEST_47699,0.0035865388344973326,0.9901533722877502
TEST_47700,0.0009509021183475852,0.9998613595962524
TEST_47701,0.8368838429450989,0.24392999708652496
TEST_47702,0.002485861536115408,0.9970801472663879
TEST_47703,0.8912264108657837,0.8423159718513489
TEST_47704,0.0002915370569098741,0.9977068901062012
TEST_47705,0.0017740618204697967,0.9980286955833435
TEST_47706,0.014728066511452198,0.9981866478919983
TEST_47707,0.022312134504318237,0.9573512077331543
TEST_47708,0.01127605326473713,0.9976342916488647
TEST_47709,0.003395077306777239,0.9861250519752502
TEST_47710,0.10541219264268875,0.8582427501678467
TEST_47711,0.3515355587005615,0.7743792533874512
TEST_47712,0.0031350385397672653,0.9966772794723511
TEST_47713,0.20494511723518372,0.9718029499053955
TEST_47714,0.0580449253320694,0.6260717511177063
TEST_47715,0.02620336227118969,0.951165497303009
TEST_47716,0.006192447151988745,0.9996751546859741
TEST_47717,0.007514684461057186,0.9975588321685791
TEST_47718,0.041222523897886276,0.9420568943023682
TEST_47719,0.7557063698768616,0.9356657266616821
TEST_47720,0.9996851682662964,0.002766562858596444
TEST_47721,0.020118365064263344,0.98533034324646
TEST_47722,0.0676262155175209,0.935175895690918
TEST_47723,0.7595160603523254,0.28845903277397156
TEST_47724,0.0007434608996845782,0.9812698364257812
TEST_47725,0.0240822471678257,0.9352496862411499
TEST_47726,0.019708428531885147,0.8509953022003174
TEST_47727,0.027990834787487984,0.8649643063545227
TEST_47728,0.014566203579306602,0.9233847856521606
TEST_47729,0.007459587883204222,0.9976512789726257
TEST_47730,0.011551483534276485,0.9910001158714294
TEST_47731,0.02746393531560898,0.9998844861984253
TEST_47732,0.013836306519806385,0.9977013468742371
TEST_47733,0.0016053367871791124,0.9986118078231812
TEST_47734,0.02721114456653595,0.9805991649627686
TEST_47735,0.012657230719923973,0.9337882399559021
TEST_47736,0.008698714897036552,0.9991931319236755
TEST_47737,0.9902528524398804,0.840746283531189
TEST_47738,0.001962909009307623,0.9992642998695374
TEST_47739,0.003613478736951947,0.9913381338119507
TEST_47740,0.012738967314362526,0.8757686614990234
TEST_47741,0.7408868074417114,0.8383790850639343
TEST_47742,0.12930937111377716,0.9953989386558533
TEST_47743,0.010986419394612312,0.9991412162780762
TEST_47744,0.01215079240500927,0.9839725494384766
TEST_47745,0.986693799495697,0.0006653778837062418
TEST_47746,0.9685497283935547,0.8826544880867004
TEST_47747,0.013552756048738956,0.9464076161384583
TEST_47748,0.08885730803012848,0.991483747959137
TEST_47749,0.07537954300642014,0.9744477868080139
TEST_47750,0.04411309212446213,0.9557924270629883
TEST_47751,0.0018898292910307646,0.9912769794464111
TEST_47752,0.002784504322335124,0.9991714954376221
TEST_47753,0.03039368987083435,0.252385675907135
TEST_47754,0.008201012387871742,0.9914639592170715
TEST_47755,0.7373570799827576,0.736369788646698
TEST_47756,0.2048056274652481,0.9802815914154053
TEST_47757,0.03742850571870804,0.9943348169326782
TEST_47758,0.7579813599586487,0.984394371509552
TEST_47759,0.9968591928482056,0.002392919035628438
TEST_47760,0.11529022455215454,0.8663536906242371
TEST_47761,0.0014865678967908025,0.9915059208869934
TEST_47762,0.016405409201979637,0.9995323419570923
TEST_47763,0.0008495041984133422,0.977340817451477
TEST_47764,0.00036198130692355335,0.9968553781509399
TEST_47765,0.014524995349347591,0.979470431804657
TEST_47766,0.9994316697120667,0.42483675479888916
TEST_47767,0.06013006716966629,0.8934041857719421
TEST_47768,0.04053970053792,0.8177878260612488
TEST_47769,0.007162540685385466,0.9922838807106018
TEST_47770,0.7675961256027222,0.8754144310951233
TEST_47771,0.05109736695885658,0.821120023727417
TEST_47772,0.011033959686756134,0.9788072109222412
TEST_47773,0.0005908371531404555,0.9911535382270813
TEST_47774,0.005858471617102623,0.9972826242446899
TEST_47775,0.9584647417068481,0.04487037658691406
TEST_47776,0.009439468383789062,0.9949615001678467
TEST_47777,0.9883032441139221,0.019685402512550354
TEST_47778,0.01276350673288107,0.9626421332359314
TEST_47779,0.05249079316854477,0.5661439895629883
TEST_47780,0.003309560241177678,0.9521583914756775
TEST_47781,0.0005803785170428455,0.9997908473014832
TEST_47782,0.04426268860697746,0.9928832054138184
TEST_47783,0.5152553915977478,0.01675909198820591
TEST_47784,0.3895418643951416,0.8715789914131165
TEST_47785,0.03940080851316452,0.9990585446357727
TEST_47786,0.004011605400592089,0.9922714233398438
TEST_47787,0.0324486643075943,0.9985564351081848
TEST_47788,0.01786726340651512,0.9993886947631836
TEST_47789,0.29145902395248413,0.8045955896377563
TEST_47790,0.00778105529025197,0.9962691068649292
TEST_47791,0.020085589960217476,0.9972580671310425
TEST_47792,0.02503100223839283,0.9941563606262207
TEST_47793,0.0030811894685029984,0.9996415376663208
TEST_47794,0.0037740955594927073,0.9967389702796936
TEST_47795,0.006840239744633436,0.9994785189628601
TEST_47796,0.0004564347327686846,0.9993811845779419
TEST_47797,0.25747716426849365,0.9994614720344543
TEST_47798,0.002325198147445917,0.9939524531364441
TEST_47799,0.008455927483737469,0.9834360480308533
TEST_47800,0.16598473489284515,0.7104337215423584
TEST_47801,0.7787227630615234,0.24311012029647827
TEST_47802,0.011253583244979382,0.9879155158996582
TEST_47803,0.03127177804708481,0.9978750944137573
TEST_47804,0.007849859073758125,0.914835512638092
TEST_47805,0.007523267064243555,0.9861966967582703
TEST_47806,0.0021791746839880943,0.9973335266113281
TEST_47807,0.0031506349332630634,0.9994838237762451
TEST_47808,0.05668976902961731,0.888694703578949
TEST_47809,0.020213425159454346,0.9370654225349426
TEST_47810,0.037513136863708496,0.9651387929916382
TEST_47811,0.016644742339849472,0.9196571707725525
TEST_47812,0.17726413905620575,0.834827184677124
TEST_47813,0.005901138298213482,0.9861992597579956
TEST_47814,0.0035463885869830847,0.9985139966011047
TEST_47815,0.1648852378129959,0.9179528951644897
TEST_47816,0.017854198813438416,0.980381190776825
TEST_47817,0.07341831177473068,0.8697775602340698
TEST_47818,0.004272370599210262,0.9999959468841553
TEST_47819,0.016932563856244087,0.9873962998390198
TEST_47820,0.1317276507616043,0.9818333983421326
TEST_47821,0.3785557746887207,0.9591234922409058
TEST_47822,0.0020189955830574036,0.998816728591919
TEST_47823,0.14956356585025787,0.9837337136268616
TEST_47824,0.0252740066498518,0.9819623827934265
TEST_47825,0.004291823133826256,0.9961322546005249
TEST_47826,0.01761545240879059,0.9734212160110474
TEST_47827,0.166250079870224,0.8822382688522339
TEST_47828,0.026712020859122276,0.942612886428833
TEST_47829,0.23021052777767181,0.7091924548149109
TEST_47830,0.03290948271751404,0.9200806617736816
TEST_47831,0.014152945950627327,0.9826828241348267
TEST_47832,0.004421878140419722,0.9579556584358215
TEST_47833,0.046739570796489716,0.8988118171691895
TEST_47834,0.025180364027619362,0.9486194849014282
TEST_47835,0.3132278323173523,0.7126089334487915
TEST_47836,0.0026383132208138704,0.9980674386024475
TEST_47837,0.08729562163352966,0.8724299073219299
TEST_47838,0.012713475152850151,0.9857558608055115
TEST_47839,0.02928926609456539,0.973136305809021
TEST_47840,0.05113514885306358,0.9998248219490051
TEST_47841,0.0011939058313146234,0.9994516968727112
TEST_47842,0.0013735750690102577,0.9918233752250671
TEST_47843,0.004565138835459948,0.9876515865325928
TEST_47844,0.08280672132968903,0.8504999876022339
TEST_47845,0.0026435893960297108,0.9854258298873901
TEST_47846,0.0016069585690274835,0.99920254945755
TEST_47847,0.9322060346603394,0.02718796581029892
TEST_47848,0.015634171664714813,0.9975405931472778
TEST_47849,0.0012203295482322574,0.9597474336624146
TEST_47850,0.005827894899994135,0.9814318418502808
TEST_47851,0.00812835618853569,0.930147111415863
TEST_47852,0.07386721670627594,0.992384672164917
TEST_47853,0.006693171337246895,0.992944061756134
TEST_47854,0.01174240279942751,0.9992293119430542
TEST_47855,0.023744506761431694,0.9989497065544128
TEST_47856,0.029856858775019646,0.9831559658050537
TEST_47857,0.016962403431534767,0.9950466156005859
TEST_47858,0.029934346675872803,0.7190952301025391
TEST_47859,0.010100718587636948,0.9932675361633301
TEST_47860,0.017785845324397087,0.9986456036567688
TEST_47861,0.0224542748183012,0.9962158799171448
TEST_47862,0.01830112189054489,0.8342396020889282
TEST_47863,0.04206006973981857,0.9212372899055481
TEST_47864,0.022610772401094437,0.9943830966949463
TEST_47865,0.00696610426530242,0.9985925555229187
TEST_47866,0.6946492195129395,0.9375060200691223
TEST_47867,0.006936565041542053,0.9877412915229797
TEST_47868,0.0007207435555756092,0.9294991493225098
TEST_47869,0.0005383067764341831,0.9951699376106262
TEST_47870,0.07582058012485504,0.8962217569351196
TEST_47871,0.06813057512044907,0.8990391492843628
TEST_47872,0.004757540300488472,0.8652501702308655
TEST_47873,0.036095622926950455,0.954093337059021
TEST_47874,0.0664101392030716,0.9895364046096802
TEST_47875,0.02030733972787857,0.9953743815422058
TEST_47876,0.026061421260237694,0.9905827045440674
TEST_47877,0.07922990620136261,0.9828223586082458
TEST_47878,0.005787710193544626,0.9926803112030029
TEST_47879,0.22081388533115387,0.12847468256950378
TEST_47880,0.05254281684756279,0.9616275429725647
TEST_47881,0.03338657319545746,0.9973269701004028
TEST_47882,0.9577937722206116,0.9781516194343567
TEST_47883,0.02000807411968708,0.9736724495887756
TEST_47884,0.20905570685863495,0.05318332836031914
TEST_47885,0.0016293918015435338,0.982947051525116
TEST_47886,0.032185010612010956,0.4465616047382355
TEST_47887,0.010701948776841164,0.9962361454963684
TEST_47888,0.0006291715544648468,0.9973770380020142
TEST_47889,0.00938435923308134,0.968302309513092
TEST_47890,0.012955067679286003,0.9734548330307007
TEST_47891,0.0009833406656980515,0.9547848701477051
TEST_47892,0.0026309830136597157,0.9988395571708679
TEST_47893,0.021254079416394234,0.9528425931930542
TEST_47894,0.017337335273623466,0.9912240505218506
TEST_47895,0.1979820281267166,0.9909750819206238
TEST_47896,0.40790194272994995,0.9775285124778748
TEST_47897,8.806067626210279e-07,0.999944806098938
TEST_47898,0.016341522336006165,0.9826699495315552
TEST_47899,0.02386547066271305,0.9889470934867859
TEST_47900,0.002363254316151142,0.9958309531211853
TEST_47901,0.018893908709287643,0.9987030029296875
TEST_47902,0.24826182425022125,0.36517050862312317
TEST_47903,0.015538584440946579,0.9551899433135986
TEST_47904,0.0005624163313768804,0.999298095703125
TEST_47905,0.0115889310836792,0.9198744893074036
TEST_47906,0.024794382974505424,0.9963055849075317
TEST_47907,0.0251358300447464,0.9885503649711609
TEST_47908,0.7805531620979309,0.9803441762924194
TEST_47909,0.030061570927500725,0.9469571709632874
TEST_47910,0.005264893639832735,0.9773790836334229
TEST_47911,0.30294889211654663,0.8728359341621399
TEST_47912,0.004301572684198618,0.9836120009422302
TEST_47913,0.05300307273864746,0.9823215007781982
TEST_47914,0.0031021111644804478,0.9163324236869812
TEST_47915,0.0343715064227581,0.9086472988128662
TEST_47916,0.023843394592404366,0.8591228723526001
TEST_47917,0.04014119133353233,0.9935343265533447
TEST_47918,0.0016228489112108946,0.9997857213020325
TEST_47919,0.006048035807907581,0.9056627750396729
TEST_47920,0.06266731023788452,0.9097581505775452
TEST_47921,0.3577102720737457,0.9951895475387573
TEST_47922,0.12165219336748123,0.9394693970680237
TEST_47923,0.17355237901210785,0.8604540824890137
TEST_47924,0.021399956196546555,0.9981447458267212
TEST_47925,0.012245018035173416,0.9992710947990417
TEST_47926,0.021638963371515274,0.9963505268096924
TEST_47927,0.0012514216359704733,0.9999551773071289
TEST_47928,0.010163884609937668,0.9615170955657959
TEST_47929,0.01966523751616478,0.9908525347709656
TEST_47930,0.025427699089050293,0.9745659828186035
TEST_47931,0.06485119462013245,0.9376190900802612
TEST_47932,0.00663482490926981,0.9928168058395386
TEST_47933,0.007204881869256496,0.9968088269233704
TEST_47934,0.0035322136245667934,0.9951955676078796
TEST_47935,0.0014120364794507623,0.9994999170303345
TEST_47936,0.006320462096482515,0.9966727495193481
TEST_47937,0.015897085890173912,0.9223679304122925
TEST_47938,0.23604843020439148,0.6483293771743774
TEST_47939,0.014226249419152737,0.8118065595626831
TEST_47940,0.013888800516724586,0.8592553734779358
TEST_47941,0.0018601373303681612,0.9973706007003784
TEST_47942,0.05526149272918701,0.9762524366378784
TEST_47943,0.004329164512455463,0.9951764345169067
TEST_47944,0.09081470966339111,0.9603231549263
TEST_47945,0.15376798808574677,0.8797786235809326
TEST_47946,0.026332112029194832,0.9824736714363098
TEST_47947,0.2424422949552536,0.5579484105110168
TEST_47948,0.011605032719671726,0.9658381938934326
TEST_47949,0.0016213097842410207,0.9981504082679749
TEST_47950,0.20158451795578003,0.9767023324966431
TEST_47951,0.007911437191069126,0.984572172164917
TEST_47952,0.0036730377469211817,0.9733326435089111
TEST_47953,0.0013693462824448943,0.9935250282287598
TEST_47954,0.00649182079359889,0.9597424864768982
TEST_47955,0.09219478815793991,0.8838362097740173
TEST_47956,0.01821005344390869,0.9939637780189514
TEST_47957,0.0035203122533857822,0.9884073138237
TEST_47958,0.010878243483603,0.9679036736488342
TEST_47959,0.0003666110569611192,0.9996646642684937
TEST_47960,0.9971936941146851,0.37035512924194336
TEST_47961,0.019483674317598343,0.9544106125831604
TEST_47962,0.6057882308959961,0.4879361391067505
TEST_47963,0.02926870994269848,0.9048834443092346
TEST_47964,0.04038042202591896,0.8894854187965393
TEST_47965,0.39873167872428894,0.8909099698066711
TEST_47966,0.05729801952838898,0.9806622862815857
TEST_47967,0.10368440300226212,0.8847464323043823
TEST_47968,0.6379910111427307,0.9388336539268494
TEST_47969,0.03272613137960434,0.9957762360572815
TEST_47970,0.018741656094789505,0.9476491212844849
TEST_47971,0.007472170516848564,0.8764774799346924
TEST_47972,0.17076721787452698,0.8757808208465576
TEST_47973,0.09346725046634674,0.9404091835021973
TEST_47974,0.1695190817117691,0.5216583013534546
TEST_47975,0.0004687608452513814,0.9962607026100159
TEST_47976,0.00047477459884248674,0.9987296462059021
TEST_47977,0.020662538707256317,0.9982271790504456
TEST_47978,0.002207274315878749,0.9955191612243652
TEST_47979,0.006415695417672396,0.9948893785476685
TEST_47980,0.003416614606976509,0.9938634634017944
TEST_47981,0.0008581876172684133,0.9987103939056396
TEST_47982,0.006430167704820633,0.9933962821960449
TEST_47983,0.0027226328384131193,0.9981186985969543
TEST_47984,0.013817238621413708,0.9915776252746582
TEST_47985,0.0012175488518550992,0.9986306428909302
TEST_47986,0.0001492166193202138,0.9998303651809692
TEST_47987,0.01676865667104721,0.9935532808303833
TEST_47988,0.08033397048711777,0.953208327293396
TEST_47989,0.008716718293726444,0.9984629154205322
TEST_47990,0.00798802450299263,0.9994745850563049
TEST_47991,0.06641864776611328,0.9507031440734863
TEST_47992,0.060769032686948776,0.9868065714836121
TEST_47993,0.0004555251798592508,0.9986962676048279
TEST_47994,0.13396859169006348,0.9965217113494873
TEST_47995,0.008840922266244888,0.9702305793762207
TEST_47996,0.000897073419764638,0.9955573678016663
TEST_47997,3.064117845497094e-05,0.999975323677063
TEST_47998,0.005158230662345886,0.9621424078941345
TEST_47999,0.026353003457188606,0.992224931716919
TEST_48000,0.003813075600191951,0.9971984624862671
TEST_48001,0.01841757632791996,0.9816657900810242
TEST_48002,0.0034295013174414635,0.9934616088867188
TEST_48003,0.8243149518966675,0.832628071308136
TEST_48004,0.0006506270729005337,0.9998502731323242
TEST_48005,0.025333411991596222,0.9601767063140869
TEST_48006,0.06873001158237457,0.9249823689460754
TEST_48007,0.02173374593257904,0.9470794200897217
TEST_48008,0.012937676161527634,0.9989872574806213
TEST_48009,0.03395976126194,0.9838862419128418
TEST_48010,0.011296938173472881,0.999859094619751
TEST_48011,0.010117811150848866,0.9405062794685364
TEST_48012,0.5718528032302856,0.021312866359949112
TEST_48013,0.006070273462682962,0.9907429814338684
TEST_48014,0.038506168872117996,0.6239104866981506
TEST_48015,0.9869984984397888,0.9976816177368164
TEST_48016,0.0018082322785630822,0.9955015778541565
TEST_48017,0.0006464752368628979,0.9999533891677856
TEST_48018,0.011976226232945919,0.9820505380630493
TEST_48019,0.04320342093706131,0.9331159591674805
TEST_48020,0.020488698035478592,0.9406774640083313
TEST_48021,0.008426421321928501,0.9835867285728455
TEST_48022,0.0006837186519987881,0.9904159307479858
TEST_48023,0.04016461223363876,0.857731819152832
TEST_48024,0.9861119985580444,0.5406882166862488
TEST_48025,0.020458580926060677,0.97989821434021
TEST_48026,0.0020009197760373354,0.9994544386863708
TEST_48027,0.018365532159805298,0.99763023853302
TEST_48028,0.0304940864443779,0.8522603511810303
TEST_48029,0.00444130040705204,0.9944566488265991
TEST_48030,0.010668775998055935,0.9959604144096375
TEST_48031,0.10995180904865265,0.9552252888679504
TEST_48032,0.009712791070342064,0.9817713499069214
TEST_48033,0.003325744066387415,0.9874452352523804
TEST_48034,0.010581275448203087,0.7653182744979858
TEST_48035,0.01799917221069336,0.99689120054245
TEST_48036,0.010861960239708424,0.9995585083961487
TEST_48037,0.08975135535001755,0.9779711365699768
TEST_48038,0.19964158535003662,0.8745508790016174
TEST_48039,0.35470718145370483,0.9980140924453735
TEST_48040,0.25743982195854187,0.9946290850639343
TEST_48041,0.08820721507072449,0.8467637896537781
TEST_48042,0.01974611170589924,0.9708351492881775
TEST_48043,0.000289066054392606,0.9997071623802185
TEST_48044,0.0022513342555612326,0.9876359105110168
TEST_48045,0.11104048788547516,0.9450559616088867
TEST_48046,0.02144930697977543,0.9590616226196289
TEST_48047,0.028361447155475616,0.9552731513977051
TEST_48048,0.03160690516233444,0.9968067407608032
TEST_48049,0.3652445077896118,0.8835565447807312
TEST_48050,0.018327269703149796,0.998556911945343
TEST_48051,0.10416637361049652,0.993668258190155
TEST_48052,0.013520777225494385,0.9704949259757996
TEST_48053,0.9535580277442932,0.15374571084976196
TEST_48054,0.9162448048591614,0.9258517026901245
TEST_48055,0.003314464818686247,0.9988003969192505
TEST_48056,0.07952877879142761,0.8278859853744507
TEST_48057,0.015537015162408352,0.9986334443092346
TEST_48058,0.8952615857124329,0.03424366936087608
TEST_48059,0.0020492402836680412,0.9971381425857544
TEST_48060,0.05940975621342659,0.8913559317588806
TEST_48061,0.036260176450014114,0.8893135190010071
TEST_48062,7.063139491947368e-05,0.9957062602043152
TEST_48063,0.001647750148549676,0.999987006187439
TEST_48064,0.007197218481451273,0.953892707824707
TEST_48065,0.002234024228528142,0.9953837990760803
TEST_48066,0.9576215744018555,0.8456457257270813
TEST_48067,0.0011684051714837551,0.9925750494003296
TEST_48068,0.011719063855707645,0.9991185069084167
TEST_48069,0.05003790929913521,0.9585866332054138
TEST_48070,0.6704336404800415,0.5861141681671143
TEST_48071,0.13741664588451385,0.8842888474464417
TEST_48072,0.051169853657484055,0.950577974319458
TEST_48073,0.0009544880012981594,0.9985993504524231
TEST_48074,0.004934362135827541,0.9967902302742004
TEST_48075,0.02933957614004612,0.6489661335945129
TEST_48076,0.24906684458255768,0.935274600982666
TEST_48077,0.0007657813839614391,0.998701810836792
TEST_48078,0.013618791475892067,0.9984858632087708
TEST_48079,0.0011659802403301,0.9970190525054932
TEST_48080,0.033583592623472214,0.9999696016311646
TEST_48081,0.007838603109121323,0.999534010887146
TEST_48082,0.009205329231917858,0.9890570044517517
TEST_48083,0.02082478255033493,0.8647186756134033
TEST_48084,0.0032221334986388683,0.9940165281295776
TEST_48085,0.017174558714032173,0.9289621114730835
TEST_48086,0.0027960967272520065,0.9803722500801086
TEST_48087,0.01600126177072525,0.9829155206680298
TEST_48088,0.03131365403532982,0.99754399061203
TEST_48089,0.29821673035621643,0.7939780950546265
TEST_48090,0.03540338575839996,0.9747483134269714
TEST_48091,0.0029308341909199953,0.984734296798706
TEST_48092,0.03792174533009529,0.7861014604568481
TEST_48093,0.00026168086333200336,0.9986962676048279
TEST_48094,0.0007795208948664367,0.9998167157173157
TEST_48095,5.700785186490975e-05,0.9998786449432373
TEST_48096,0.0370124876499176,0.9642789959907532
TEST_48097,0.04044320061802864,0.2730477750301361
TEST_48098,0.02201700769364834,0.2703399360179901
TEST_48099,0.00016083064838312566,0.9999768733978271
TEST_48100,0.01077042892575264,0.9506843686103821
TEST_48101,0.0219443179666996,0.9431386590003967
TEST_48102,0.02647600881755352,0.9847321510314941
TEST_48103,0.01831403747200966,0.915585994720459
TEST_48104,0.0030400585383176804,0.9920095205307007
TEST_48105,0.0013875740114599466,0.9677281379699707
TEST_48106,0.0010563411051407456,0.9984319806098938
TEST_48107,0.42845800518989563,0.9637861847877502
TEST_48108,0.011355770751833916,0.9940516352653503
TEST_48109,0.054292693734169006,0.9166585206985474
TEST_48110,0.03798671439290047,0.9487552046775818
TEST_48111,0.02129799872636795,0.9947624802589417
TEST_48112,0.0540279783308506,0.9963983297348022
TEST_48113,0.016843555495142937,0.9864819049835205
TEST_48114,0.015849623829126358,0.9828512668609619
TEST_48115,0.3412637412548065,0.8043517470359802
TEST_48116,0.018055200576782227,0.8147819638252258
TEST_48117,0.10867013782262802,0.8790659308433533
TEST_48118,0.005193204618990421,0.9982557892799377
TEST_48119,0.19299286603927612,0.9758985042572021
TEST_48120,0.0011158824199810624,0.9988425970077515
TEST_48121,0.5283672213554382,0.9046096205711365
TEST_48122,0.005686912219971418,0.9672088027000427
TEST_48123,0.01269602868705988,0.965904712677002
TEST_48124,0.017539039254188538,0.9423070549964905
TEST_48125,0.6568086743354797,0.5332255363464355
TEST_48126,0.00487380288541317,0.908419668674469
TEST_48127,0.0018772038165479898,0.9991534948348999
TEST_48128,0.011471251957118511,0.9949422478675842
TEST_48129,0.03431733325123787,0.7066644430160522
TEST_48130,0.0042364406399428844,0.9933217167854309
TEST_48131,0.15150409936904907,0.010741245932877064
TEST_48132,0.016241377219557762,0.9993481040000916
TEST_48133,0.9719942808151245,0.7519246339797974
TEST_48134,0.004094179719686508,0.9720681309700012
TEST_48135,0.10949590057134628,0.8857100605964661
TEST_48136,0.0009776013903319836,0.9997909665107727
TEST_48137,0.06395608186721802,0.9003705382347107
TEST_48138,0.027442200109362602,0.890351414680481
TEST_48139,0.005015561822801828,0.9690544009208679
TEST_48140,0.0022225354332476854,0.9782978892326355
TEST_48141,0.0002655774587765336,0.9993351101875305
TEST_48142,0.07976174354553223,0.49313807487487793
TEST_48143,0.10346455127000809,0.9926096796989441
TEST_48144,0.031188594177365303,0.9532430171966553
TEST_48145,0.03756202384829521,0.753211259841919
TEST_48146,0.0013652907218784094,0.9564834833145142
TEST_48147,0.22768698632717133,0.6049143075942993
TEST_48148,0.1158870980143547,0.9318092465400696
TEST_48149,0.35641181468963623,0.9669011235237122
TEST_48150,0.010753326117992401,0.9907311797142029
TEST_48151,0.0010621454566717148,0.9970213770866394
TEST_48152,0.016281431540846825,0.9914774298667908
TEST_48153,0.4606538414955139,0.9824398756027222
TEST_48154,0.0005319247720763087,0.9997187256813049
TEST_48155,0.1586994081735611,0.8786479830741882
TEST_48156,0.003738122060894966,0.9987295269966125
TEST_48157,0.001906617428176105,0.9945260882377625
TEST_48158,0.002437407383695245,0.9211557507514954
TEST_48159,0.0037428359501063824,0.9976974129676819
TEST_48160,0.009809705428779125,0.993704617023468
TEST_48161,0.005105586722493172,0.981073260307312
TEST_48162,0.4962167739868164,0.8880779147148132
TEST_48163,0.03765683248639107,0.955142080783844
TEST_48164,0.06015745550394058,0.8639844059944153
TEST_48165,0.9562607407569885,0.5654163360595703
TEST_48166,0.5157530307769775,0.991986870765686
TEST_48167,0.001386037445627153,0.999470055103302
TEST_48168,0.002337717916816473,0.9488928914070129
TEST_48169,0.5893128514289856,0.9786534309387207
TEST_48170,0.00799483247101307,0.9975966811180115
TEST_48171,0.001817192300222814,0.9925658702850342
TEST_48172,0.004191840998828411,0.9828081727027893
TEST_48173,0.023585433140397072,0.9703168869018555
TEST_48174,0.0013544776011258364,0.968252420425415
TEST_48175,0.005384010728448629,0.9797191619873047
TEST_48176,0.030862024053931236,0.9408687353134155
TEST_48177,0.047854386270046234,0.9099633097648621
TEST_48178,0.015928223729133606,0.9921602606773376
TEST_48179,0.9243279695510864,0.7991939187049866
TEST_48180,0.016470761969685555,0.9153436422348022
TEST_48181,0.21719340980052948,0.9997171759605408
TEST_48182,0.5599656701087952,0.9642211198806763
TEST_48183,0.0016472513088956475,0.9961985945701599
TEST_48184,8.989784691948444e-05,0.9999186992645264
TEST_48185,0.08861096203327179,0.9698215126991272
TEST_48186,0.06307614594697952,0.7552394866943359
TEST_48187,0.11327128857374191,0.930882453918457
TEST_48188,0.0005210796953178942,0.9740307331085205
TEST_48189,0.009049168787896633,0.9977325201034546
TEST_48190,0.05892181769013405,0.9471662044525146
TEST_48191,0.0011531964410096407,0.9970616698265076
TEST_48192,0.003379108617082238,0.999240517616272
TEST_48193,0.053049713373184204,0.8923106789588928
TEST_48194,0.03813604265451431,0.8277161121368408
TEST_48195,0.001982058398425579,0.99945467710495
TEST_48196,0.01768268086016178,0.9125386476516724
TEST_48197,0.0293032918125391,0.9090964198112488
TEST_48198,0.00796921830624342,0.9651287794113159
TEST_48199,0.030055154114961624,0.9931278228759766
TEST_48200,0.009539869613945484,0.9084657430648804
TEST_48201,0.10578552633523941,0.982067883014679
TEST_48202,0.12293148040771484,0.7535520792007446
TEST_48203,0.9955074787139893,0.0033595049753785133
TEST_48204,0.02914460189640522,0.8954049944877625
TEST_48205,0.003581422148272395,0.9795395135879517
TEST_48206,0.05774115398526192,0.9706904888153076
TEST_48207,0.005034534260630608,0.9199004173278809
TEST_48208,0.16486331820487976,0.858099102973938
TEST_48209,0.010622826404869556,0.9973006844520569
TEST_48210,0.006831750739365816,0.9987218976020813
TEST_48211,0.04945554584264755,0.8962927460670471
TEST_48212,0.005611725617200136,0.987073540687561
TEST_48213,0.009081359021365643,0.9686121344566345
TEST_48214,0.008238065056502819,0.972762405872345
TEST_48215,0.01006737444549799,0.9941526055335999
TEST_48216,0.001814160612411797,0.9274088740348816
TEST_48217,0.01206999085843563,0.9967522621154785
TEST_48218,0.8757694959640503,0.571914553642273
TEST_48219,0.0025460529141128063,0.9990003705024719
TEST_48220,0.006255467422306538,0.9965564012527466
TEST_48221,0.055139798671007156,0.9023441672325134
TEST_48222,0.026494242250919342,0.9868855476379395
TEST_48223,0.01138362567871809,0.9604110717773438
TEST_48224,0.08180586993694305,0.9880763292312622
TEST_48225,0.05345216393470764,0.9877948760986328
TEST_48226,0.014807255007326603,0.9950280785560608
TEST_48227,0.0034090750850737095,0.13402162492275238
TEST_48228,0.015563156455755234,0.9762134552001953
TEST_48229,0.002693360671401024,0.9976977705955505
TEST_48230,0.2566925883293152,0.9816956520080566
TEST_48231,0.04392771050333977,0.9922114610671997
TEST_48232,0.999190628528595,0.0044859969057142735
TEST_48233,0.0013008818496018648,0.9623281955718994
TEST_48234,0.010455155745148659,0.8656799793243408
TEST_48235,0.29749730229377747,0.9687002301216125
TEST_48236,0.22812651097774506,0.9984583854675293
TEST_48237,0.41449567675590515,0.28112637996673584
TEST_48238,0.00048438090016134083,0.9989963173866272
TEST_48239,0.015328513458371162,0.9914059638977051
TEST_48240,0.004058468155562878,0.9832144975662231
TEST_48241,0.0017193526728078723,0.9975885152816772
TEST_48242,0.042187683284282684,0.8241176009178162
TEST_48243,0.006476940121501684,0.9719646573066711
TEST_48244,0.0005861443933099508,0.999320387840271
TEST_48245,0.0030708834528923035,0.9982576966285706
TEST_48246,0.2427782416343689,0.4245220422744751
TEST_48247,0.541523814201355,0.8098874092102051
TEST_48248,0.3645688593387604,0.9767680168151855
TEST_48249,0.001308365142904222,0.9859842658042908
TEST_48250,0.5144224762916565,0.840080201625824
TEST_48251,0.040621135383844376,0.9807621836662292
TEST_48252,0.031796980649232864,0.9836012721061707
TEST_48253,0.01722530834376812,0.9818276762962341
TEST_48254,0.020035501569509506,0.9800909161567688
TEST_48255,0.0001526249252492562,0.9992569088935852
TEST_48256,0.640038013458252,0.8015902042388916
TEST_48257,0.0016266845632344484,0.9998251795768738
TEST_48258,0.012890666723251343,0.9923433661460876
TEST_48259,0.32014670968055725,0.9468991756439209
TEST_48260,0.0060163033194839954,0.9763995409011841
TEST_48261,0.0010927867842838168,0.9993520379066467
TEST_48262,0.09198576956987381,0.7703588008880615
TEST_48263,0.003418560605496168,0.9998377561569214
TEST_48264,0.012295388616621494,0.9581749439239502
TEST_48265,0.006070466712117195,0.9871689081192017
TEST_48266,0.002130237640812993,0.9241188764572144
TEST_48267,0.0014688477385789156,0.998082160949707
TEST_48268,0.08595843613147736,0.9628198146820068
TEST_48269,0.018675172701478004,0.9958315491676331
TEST_48270,0.04739406332373619,0.9075070023536682
TEST_48271,0.0226016603410244,0.9838702082633972
TEST_48272,0.014086058363318443,0.974254846572876
TEST_48273,0.057907529175281525,0.9983891248703003
TEST_48274,0.09917622059583664,0.9009467363357544
TEST_48275,0.9272019863128662,0.9085283875465393
TEST_48276,0.00894202385097742,0.9987142086029053
TEST_48277,0.019469646736979485,0.9999033212661743
TEST_48278,0.0024207064416259527,0.9443171620368958
TEST_48279,0.999755322933197,0.03457994386553764
TEST_48280,0.048479195684194565,0.8315016627311707
TEST_48281,0.03652191907167435,0.9778419733047485
TEST_48282,0.3182705342769623,0.8018389940261841
TEST_48283,0.00166075408924371,0.9650678634643555
TEST_48284,0.005302088800817728,0.974647045135498
TEST_48285,0.012286121025681496,0.9804374575614929
TEST_48286,0.010705972090363503,0.88954758644104
TEST_48287,0.0073605249635875225,0.9861034154891968
TEST_48288,0.004342841915786266,0.9999603033065796
TEST_48289,0.0009467531344853342,0.9976071119308472
TEST_48290,0.004799180198460817,0.9729405641555786
TEST_48291,0.007708887103945017,0.9984362721443176
TEST_48292,0.0012780256802216172,0.8029101490974426
TEST_48293,0.0783378928899765,0.9659548401832581
TEST_48294,0.005351937375962734,0.9920184016227722
TEST_48295,0.10066033899784088,0.9932126998901367
TEST_48296,0.002508174628019333,0.9878761768341064
TEST_48297,0.3993726670742035,0.16926731169223785
TEST_48298,0.03283040598034859,0.9974269270896912
TEST_48299,0.0947086438536644,0.9609073996543884
TEST_48300,0.0038788639940321445,0.9988352656364441
TEST_48301,0.08817033469676971,0.8883033394813538
TEST_48302,0.01736176386475563,0.9433985948562622
TEST_48303,0.03239015117287636,0.9857608675956726
TEST_48304,0.0011985142482444644,0.9971711039543152
TEST_48305,0.05574585869908333,0.8828856945037842
TEST_48306,0.0014059030218049884,0.998448371887207
TEST_48307,0.5530500411987305,0.017255015671253204
TEST_48308,0.002787583041936159,0.998683750629425
TEST_48309,0.003980685491114855,0.9961124062538147
TEST_48310,0.0005229316302575171,0.9877482652664185
TEST_48311,0.009333492256700993,0.9989520311355591
TEST_48312,0.008335959166288376,0.9826939702033997
TEST_48313,0.002465256256982684,0.9737997651100159
TEST_48314,0.6388155817985535,0.031027842313051224
TEST_48315,0.20461879670619965,0.9499331712722778
TEST_48316,0.003810984082520008,0.9976713061332703
TEST_48317,0.04532410576939583,0.9994874000549316
TEST_48318,0.0014221430756151676,0.9993114471435547
TEST_48319,0.011041054502129555,0.9756395220756531
TEST_48320,0.02690923400223255,0.5770022869110107
TEST_48321,0.0014499375829473138,0.9943813681602478
TEST_48322,0.10865436494350433,0.8944793343544006
TEST_48323,0.015178175643086433,0.9852862358093262
TEST_48324,0.01374376192688942,0.976330041885376
TEST_48325,0.024594388902187347,0.9217852354049683
TEST_48326,0.012645632959902287,0.9916979074478149
TEST_48327,0.04234888404607773,0.8892106413841248
TEST_48328,0.005889317952096462,0.9678313732147217
TEST_48329,0.001356680179014802,0.9618012309074402
TEST_48330,0.05817904695868492,0.9243490099906921
TEST_48331,0.9971515536308289,0.18198178708553314
TEST_48332,0.00872439332306385,0.9985345602035522
TEST_48333,0.012437306344509125,0.9963576197624207
TEST_48334,0.0006445423350669444,0.9973940849304199
TEST_48335,0.005585172213613987,0.9452565908432007
TEST_48336,0.0003579401527531445,0.9903500080108643
TEST_48337,0.018590986728668213,0.9980546236038208
TEST_48338,0.014126571826636791,0.9971504807472229
TEST_48339,0.3971474766731262,0.8917612433433533
TEST_48340,0.0011081246193498373,0.9997686743736267
TEST_48341,0.04145042970776558,0.8737698197364807
TEST_48342,0.009621835313737392,0.9544680714607239
TEST_48343,0.5817092657089233,0.831818699836731
TEST_48344,0.026028791442513466,0.9958521127700806
TEST_48345,0.001527414540760219,0.999349057674408
TEST_48346,0.07319370657205582,0.9537267684936523
TEST_48347,0.012435111217200756,0.9951812624931335
TEST_48348,0.008718547411262989,0.9860944747924805
TEST_48349,0.048026010394096375,0.9978004097938538
TEST_48350,0.061820656061172485,0.9176954030990601
TEST_48351,0.06938963383436203,0.9671985507011414
TEST_48352,0.00642886059358716,0.9943312406539917
TEST_48353,0.18932364881038666,0.9759666323661804
TEST_48354,0.011516613885760307,0.9882180094718933
TEST_48355,0.012658249586820602,0.9149169325828552
TEST_48356,0.0013988360296934843,0.9995434880256653
TEST_48357,0.030200574547052383,0.9940323233604431
TEST_48358,0.0018353811465203762,0.9924895763397217
TEST_48359,0.06783086061477661,0.9780096411705017
TEST_48360,0.0035350308753550053,0.9986926913261414
TEST_48361,0.011563685722649097,0.9959161877632141
TEST_48362,0.007030878681689501,0.9569889307022095
TEST_48363,0.0005130580975674093,0.9975499510765076
TEST_48364,0.033330246806144714,0.7203609943389893
TEST_48365,0.004307137336581945,0.99437016248703
TEST_48366,0.09733135253190994,0.660943865776062
TEST_48367,0.01983756013214588,0.9794036746025085
TEST_48368,0.017761746421456337,0.6860159039497375
TEST_48369,0.28255680203437805,0.9826087951660156
TEST_48370,0.1356569081544876,0.8405105471611023
TEST_48371,0.06300442665815353,0.9319266080856323
TEST_48372,0.05511070787906647,0.9582626223564148
TEST_48373,0.315354585647583,0.7339909672737122
TEST_48374,0.12546119093894958,0.9836180806159973
TEST_48375,0.9711883068084717,0.01156424731016159
TEST_48376,0.0015296661294996738,0.8863635659217834
TEST_48377,0.024440694600343704,0.9297863841056824
TEST_48378,0.0002255661820527166,0.9999996423721313
TEST_48379,0.007858524098992348,0.9373512864112854
TEST_48380,0.03381364420056343,0.9456562995910645
TEST_48381,0.06440602988004684,0.9795029163360596
TEST_48382,0.03844549506902695,0.9200649857521057
TEST_48383,0.0033936952240765095,0.9970732927322388
TEST_48384,0.002740191062912345,0.9984797835350037
TEST_48385,0.012972102500498295,0.982073187828064
TEST_48386,0.8327394127845764,0.686205267906189
TEST_48387,0.04165934398770332,0.9739379286766052
TEST_48388,0.0005580096039921045,0.9999297857284546
TEST_48389,0.6731180548667908,0.0025800573639571667
TEST_48390,0.02572927251458168,0.9793567657470703
TEST_48391,0.05045834183692932,0.9750084280967712
TEST_48392,0.21807260811328888,0.2472047358751297
TEST_48393,0.0008596472907811403,0.9994031190872192
TEST_48394,0.002812453778460622,0.9995326995849609
TEST_48395,0.1364874243736267,0.9726119637489319
TEST_48396,0.7995926737785339,0.9716953635215759
TEST_48397,0.013410509563982487,0.9849521517753601
TEST_48398,0.09289579093456268,0.8858754634857178
TEST_48399,0.014812123961746693,0.9997957348823547
TEST_48400,0.04037817567586899,0.9146115779876709
TEST_48401,0.010552240535616875,0.9827498197555542
TEST_48402,0.08718723058700562,0.49918296933174133
TEST_48403,0.01660412922501564,0.9773483276367188
TEST_48404,0.031897470355033875,0.995445966720581
TEST_48405,0.13773471117019653,0.9284874200820923
TEST_48406,0.010065549984574318,0.9931198358535767
TEST_48407,0.08720854669809341,0.8913799524307251
TEST_48408,0.09520585089921951,0.8680847883224487
TEST_48409,0.6825932264328003,0.17789386212825775
TEST_48410,0.05088059604167938,0.9899112582206726
TEST_48411,0.023735012859106064,0.9072021245956421
TEST_48412,0.531379222869873,0.8135862350463867
TEST_48413,0.002505819546058774,0.9908149838447571
TEST_48414,0.0010974983451887965,0.9941257238388062
TEST_48415,0.0012560454197227955,0.99757319688797
TEST_48416,0.8969863057136536,0.9970470070838928
TEST_48417,0.004154247231781483,0.999874472618103
TEST_48418,0.0022649846505373716,0.9996343851089478
TEST_48419,0.010201704688370228,0.9931222796440125
TEST_48420,0.0016899871407076716,0.9985236525535583
TEST_48421,0.009517597034573555,0.9980796575546265
TEST_48422,0.039093080908060074,0.9837967753410339
TEST_48423,0.06179317086935043,0.9910422563552856
TEST_48424,0.005310197360813618,0.9661612510681152
TEST_48425,0.006365093402564526,0.9447440505027771
TEST_48426,0.03813866153359413,0.9659731984138489
TEST_48427,0.0027392269112169743,0.9588397741317749
TEST_48428,0.0015466412296518683,0.9986748695373535
TEST_48429,0.0004729479842353612,0.9999977350234985
TEST_48430,0.0037126338575035334,0.9948856234550476
TEST_48431,0.02464846335351467,0.9864925742149353
TEST_48432,0.9996963739395142,0.01764565519988537
TEST_48433,0.0020346755627542734,0.9959551095962524
TEST_48434,0.001075573032721877,0.9927178621292114
TEST_48435,0.023114552721381187,0.9103440046310425
TEST_48436,0.024928241968154907,0.9881153106689453
TEST_48437,0.03807815909385681,0.9364309906959534
TEST_48438,0.0627618283033371,0.8818672895431519
TEST_48439,0.004386893007904291,0.989116370677948
TEST_48440,0.005596011411398649,0.9917405843734741
TEST_48441,0.037991587072610855,0.9854260683059692
TEST_48442,0.0013457982568070292,0.9862468242645264
TEST_48443,0.004877166822552681,0.9970439076423645
TEST_48444,0.009667819365859032,0.9875403046607971
TEST_48445,0.7841495871543884,0.9946809411048889
TEST_48446,0.4646257162094116,0.0377696193754673
TEST_48447,0.317874550819397,0.9786912202835083
TEST_48448,0.03186840936541557,0.9968677163124084
TEST_48449,0.0006333149503916502,0.9928142428398132
TEST_48450,0.03285682946443558,0.988515317440033
TEST_48451,0.0029451081063598394,0.9939590692520142
TEST_48452,0.03182036057114601,0.9000602960586548
TEST_48453,0.0026278356090188026,0.9996918439865112
TEST_48454,0.04817389324307442,0.9947434663772583
TEST_48455,0.012158636935055256,0.9866939783096313
TEST_48456,0.004505788907408714,0.9964872598648071
TEST_48457,0.9921579360961914,0.037670332938432693
TEST_48458,0.019804472103714943,0.985300600528717
TEST_48459,0.004002011381089687,0.9881607294082642
TEST_48460,0.03641358017921448,0.9944403767585754
TEST_48461,0.003087526187300682,0.9893652200698853
TEST_48462,0.004070127848535776,0.9849058985710144
TEST_48463,0.035013891756534576,0.961293637752533
TEST_48464,0.019309425726532936,0.9894344210624695
TEST_48465,0.8005255460739136,0.7867234349250793
TEST_48466,0.0004288822819944471,0.9988803267478943
TEST_48467,0.02394266426563263,0.9732149839401245
TEST_48468,0.03989606723189354,0.9803255200386047
TEST_48469,0.003395369742065668,0.9986146688461304
TEST_48470,0.03770451247692108,0.9748790264129639
TEST_48471,0.0003410866775084287,0.9991834759712219
TEST_48472,0.6114984750747681,0.23315034806728363
TEST_48473,0.0001305328478338197,0.9999915361404419
TEST_48474,0.36360400915145874,0.03784067556262016
TEST_48475,0.0033366514835506678,0.9972774386405945
TEST_48476,0.034059520810842514,0.9597615003585815
TEST_48477,0.22833508253097534,0.6350487470626831
TEST_48478,0.0003330065810587257,0.9967312812805176
TEST_48479,0.06320694088935852,0.9362366199493408
TEST_48480,0.0006386214517988265,0.9999799728393555
TEST_48481,0.6915972232818604,0.9594695568084717
TEST_48482,0.9528446793556213,0.9387408494949341
TEST_48483,0.03512849286198616,0.8878970742225647
TEST_48484,0.09006479382514954,0.9341627955436707
TEST_48485,0.21031548082828522,0.09197895973920822
TEST_48486,0.0015194453299045563,0.9991762042045593
TEST_48487,0.00651557557284832,0.9665085673332214
TEST_48488,0.0762520283460617,0.8781248331069946
TEST_48489,0.006741897668689489,0.9843533635139465
TEST_48490,0.04298795014619827,0.9065110087394714
TEST_48491,0.10485199838876724,0.9059606194496155
TEST_48492,0.03697553277015686,0.9115074872970581
TEST_48493,0.03388555720448494,0.977664053440094
TEST_48494,0.11077378690242767,0.8346825242042542
TEST_48495,0.0014736034208908677,0.9948950409889221
TEST_48496,0.005192739423364401,0.9989601373672485
TEST_48497,0.009679198265075684,0.9180751442909241
TEST_48498,0.016990939155220985,0.9868983030319214
TEST_48499,0.11492085456848145,0.9974452257156372
TEST_48500,0.005224346648901701,0.9947346448898315
TEST_48501,0.02961941622197628,0.797772228717804
TEST_48502,0.02770092897117138,0.9185769557952881
TEST_48503,0.002644292078912258,0.9992559552192688
TEST_48504,0.005708247888833284,0.9932971596717834
TEST_48505,0.0037843051832169294,0.9898029565811157
TEST_48506,0.019204480573534966,0.9999566078186035
TEST_48507,0.03636852651834488,0.8959276080131531
TEST_48508,0.02162942662835121,0.901437520980835
TEST_48509,0.22283415496349335,0.9907009601593018
TEST_48510,0.8200599551200867,0.5127598643302917
TEST_48511,0.04569375887513161,0.996377170085907
TEST_48512,0.0005762829096056521,0.9995015859603882
TEST_48513,0.10834140330553055,0.9121310114860535
TEST_48514,0.08627467602491379,0.9050506949424744
TEST_48515,0.0035344683565199375,0.9720369577407837
TEST_48516,0.019952023401856422,0.9314217567443848
TEST_48517,0.9978638291358948,0.07459986954927444
TEST_48518,0.018882589414715767,0.9992702603340149
TEST_48519,0.07956275343894958,0.9783372282981873
TEST_48520,0.06439676135778427,0.9346848726272583
TEST_48521,0.0007212671334855258,0.9953611493110657
TEST_48522,0.08499210327863693,0.978442370891571
TEST_48523,2.611101308502839e-07,0.9999948740005493
TEST_48524,0.003928213845938444,0.9979512095451355
TEST_48525,0.004613323602825403,0.9948461055755615
TEST_48526,0.0942431092262268,0.9603825211524963
TEST_48527,0.015226498246192932,0.9014725089073181
TEST_48528,0.023207353428006172,0.9471535086631775
TEST_48529,0.0010046747047454119,0.9988794922828674
TEST_48530,0.02221384085714817,0.9093050360679626
TEST_48531,0.03588327765464783,0.9955573678016663
TEST_48532,0.00805545412003994,0.9784157872200012
TEST_48533,0.03974984213709831,0.999526858329773
TEST_48534,0.033865682780742645,0.9988214373588562
TEST_48535,0.0003147537645418197,0.9990044236183167
TEST_48536,0.009390447288751602,0.9973526000976562
TEST_48537,0.4927245080471039,0.9669677019119263
TEST_48538,0.007625885773450136,0.9986336827278137
TEST_48539,0.0004128222935833037,0.9996333122253418
TEST_48540,0.004776892717927694,0.8283176422119141
TEST_48541,0.5568633079528809,0.5468946695327759
TEST_48542,0.0056549375876784325,0.9879379868507385
TEST_48543,0.9990043044090271,0.03139587491750717
TEST_48544,0.08193346858024597,0.1816847026348114
TEST_48545,0.007905256934463978,0.9959349632263184
TEST_48546,0.0012222990626469254,0.9956319332122803
TEST_48547,0.006073712836951017,0.9977924823760986
TEST_48548,0.007120134308934212,0.9960817694664001
TEST_48549,0.06017916649580002,0.917507529258728
TEST_48550,0.0009672269225120544,0.9903929829597473
TEST_48551,0.0013286585453897715,0.9828318953514099
TEST_48552,0.017408039420843124,0.8937603831291199
TEST_48553,0.5701583027839661,0.8747045993804932
TEST_48554,0.009313180111348629,0.8845381736755371
TEST_48555,0.9978233575820923,0.08202377706766129
TEST_48556,0.025094151496887207,0.9288280010223389
TEST_48557,0.00013968333951197565,0.9999924898147583
TEST_48558,0.0015246840193867683,0.9612152576446533
TEST_48559,0.001720040338113904,0.9997015595436096
TEST_48560,0.003441512119024992,0.9579976797103882
TEST_48561,0.01612478494644165,0.8446600437164307
TEST_48562,0.007026082836091518,0.981212317943573
TEST_48563,0.0001207144305226393,0.9997684359550476
TEST_48564,0.038815584033727646,0.8771416544914246
TEST_48565,0.04219073802232742,0.8951343297958374
TEST_48566,0.029605837538838387,0.9201945662498474
TEST_48567,0.006942924577742815,0.9907100796699524
TEST_48568,0.031051412224769592,0.9496594667434692
TEST_48569,0.041385963559150696,0.9197205305099487
TEST_48570,0.9999983310699463,5.993769445922226e-05
TEST_48571,0.0038931965827941895,0.996484637260437
TEST_48572,0.00857582688331604,0.9849933385848999
TEST_48573,0.908431887626648,0.13187748193740845
TEST_48574,0.0006434958195313811,0.9999978542327881
TEST_48575,0.002524629235267639,0.9953380823135376
TEST_48576,0.07430129498243332,0.853079617023468
TEST_48577,0.005729747004806995,0.9998598098754883
TEST_48578,0.050147611647844315,0.8905145525932312
TEST_48579,0.020943766459822655,0.9908952713012695
TEST_48580,0.007801351137459278,0.9951112866401672
TEST_48581,0.12193240225315094,0.4037657380104065
TEST_48582,0.017932480201125145,0.9999297857284546
TEST_48583,0.002523427829146385,0.9992948770523071
TEST_48584,0.04354003444314003,0.9006342887878418
TEST_48585,0.008577317930758,0.9781730771064758
TEST_48586,0.011836132034659386,0.7992342114448547
TEST_48587,0.10548606514930725,0.889488160610199
TEST_48588,0.0031657579820603132,0.9947248101234436
TEST_48589,0.030911801382899284,0.9181628227233887
TEST_48590,0.22765865921974182,0.9905973076820374
TEST_48591,0.9972174167633057,0.34944188594818115
TEST_48592,0.0033173554111272097,0.9840942025184631
TEST_48593,0.000389433786040172,0.994251012802124
TEST_48594,0.017697660252451897,0.9915083646774292
TEST_48595,0.9928238391876221,0.6228889226913452
TEST_48596,0.0015130196698009968,0.9581805467605591
TEST_48597,0.9329261779785156,0.6221717000007629
TEST_48598,0.03855898603796959,0.8677836656570435
TEST_48599,0.031025109812617302,0.9945283532142639
TEST_48600,0.011234253644943237,0.9193555116653442
TEST_48601,0.004990350920706987,0.8293074369430542
TEST_48602,0.5172821283340454,0.6609683036804199
TEST_48603,0.7406104803085327,0.06285369396209717
TEST_48604,0.0010126926936209202,0.9978959560394287
TEST_48605,0.030115611851215363,0.9938428401947021
TEST_48606,0.007814761251211166,0.9532720446586609
TEST_48607,0.022606419399380684,0.9879487752914429
TEST_48608,0.8859720230102539,0.3322823643684387
TEST_48609,0.9227812886238098,0.6672239899635315
TEST_48610,0.2426992654800415,0.996672511100769
TEST_48611,0.7744295001029968,0.5414391756057739
TEST_48612,0.002527291886508465,0.952355682849884
TEST_48613,0.00096487021073699,0.9983460903167725
TEST_48614,0.7223156094551086,0.9290400147438049
TEST_48615,0.007815137505531311,0.9847672581672668
TEST_48616,0.0014311192790046334,0.9994551539421082
TEST_48617,0.03418575972318649,0.9569936394691467
TEST_48618,0.032813552767038345,0.9875248670578003
TEST_48619,0.03795146197080612,0.7314924001693726
TEST_48620,0.005022310186177492,0.9996802806854248
TEST_48621,0.013393900357186794,0.9353755712509155
TEST_48622,0.0018295262707397342,0.9906882047653198
TEST_48623,0.004973439034074545,0.9397596716880798
TEST_48624,0.008524676784873009,0.9969773292541504
TEST_48625,0.024429766461253166,0.9998352527618408
TEST_48626,0.003499368904158473,0.9967293739318848
TEST_48627,0.0018005026504397392,0.9976418018341064
TEST_48628,0.0018627980025485158,0.9928836822509766
TEST_48629,0.45816609263420105,0.7790224552154541
TEST_48630,0.0027445233426988125,0.9748204946517944
TEST_48631,0.8079286813735962,0.6800054311752319
TEST_48632,0.008419650606811047,0.9854007363319397
TEST_48633,0.1462826430797577,0.9091481566429138
TEST_48634,0.01733333058655262,0.9948769211769104
TEST_48635,0.028767675161361694,0.9041357636451721
TEST_48636,0.038882818073034286,0.9381113052368164
TEST_48637,0.002883165143430233,0.9956859350204468
TEST_48638,0.003869923995807767,0.9994691014289856
TEST_48639,0.0033307895064353943,0.9865520596504211
TEST_48640,0.04031481221318245,0.9979079961776733
TEST_48641,0.1691436916589737,0.9789095520973206
TEST_48642,0.0011512356577441096,0.9966809153556824
TEST_48643,0.027261463925242424,0.9973928928375244
TEST_48644,0.018240302801132202,0.9168090224266052
TEST_48645,0.007918779738247395,0.9988644123077393
TEST_48646,0.06481415778398514,0.9894920587539673
TEST_48647,0.008723849430680275,0.993607759475708
TEST_48648,0.021329306066036224,0.9784461259841919
TEST_48649,0.001822560210712254,0.9939946532249451
TEST_48650,0.05970687046647072,0.39593788981437683
TEST_48651,0.024970386177301407,0.898489236831665
TEST_48652,0.02022320032119751,0.998701810836792
TEST_48653,0.9609881639480591,0.6898571252822876
TEST_48654,0.8140345215797424,0.2586767375469208
TEST_48655,0.009441100060939789,0.9953923225402832
TEST_48656,0.03203463554382324,0.9022646546363831
TEST_48657,0.008830707520246506,0.8982545733451843
TEST_48658,0.0035093531478196383,0.9997778534889221
TEST_48659,0.004987437278032303,0.9941616654396057
TEST_48660,0.3403472900390625,0.8541147708892822
TEST_48661,0.3364688754081726,0.5859817862510681
TEST_48662,0.023912614211440086,0.9604214429855347
TEST_48663,0.03858345374464989,0.9485348463058472
TEST_48664,0.17621830105781555,0.9968039989471436
TEST_48665,0.019365068525075912,0.9674578905105591
TEST_48666,0.00043558902689255774,0.9933424592018127
TEST_48667,0.006558962166309357,0.9777348041534424
TEST_48668,0.006748066283762455,0.9988287091255188
TEST_48669,0.9925905466079712,0.005181317217648029
TEST_48670,0.007422971073538065,0.9949613809585571
TEST_48671,0.003320245072245598,0.9963423609733582
TEST_48672,0.03071010485291481,0.9852051138877869
TEST_48673,0.005780520383268595,0.9862518906593323
TEST_48674,0.033425770699977875,0.9634297490119934
TEST_48675,0.29850947856903076,0.9175382256507874
TEST_48676,0.031107105314731598,0.9160816073417664
TEST_48677,0.015776820480823517,0.9289863109588623
TEST_48678,0.024415433406829834,0.9553453922271729
TEST_48679,6.932568066986278e-05,0.745833694934845
TEST_48680,0.046576473861932755,0.9724862575531006
TEST_48681,0.38202816247940063,0.7800844311714172
TEST_48682,0.031618546694517136,0.920369029045105
TEST_48683,0.00576609605923295,0.9607729911804199
TEST_48684,0.03596373647451401,0.8758549690246582
TEST_48685,0.003887215629220009,0.9840295910835266
TEST_48686,0.009732155129313469,0.980823278427124
TEST_48687,0.0003271283349022269,0.9989722967147827
TEST_48688,0.009710855782032013,0.92123943567276
TEST_48689,0.04807772859930992,0.8323848247528076
TEST_48690,0.04085785150527954,0.8661944270133972
TEST_48691,0.011632763780653477,0.996404767036438
TEST_48692,0.014655010774731636,0.9989078044891357
TEST_48693,0.05327435955405235,0.8271233439445496
TEST_48694,0.0019356838893145323,0.98529052734375
TEST_48695,0.7062622308731079,0.42145541310310364
TEST_48696,0.00034322781721130013,0.9997486472129822
TEST_48697,0.43414899706840515,0.47483548521995544
TEST_48698,0.23156341910362244,0.994627058506012
TEST_48699,0.010042831301689148,0.9941216111183167
TEST_48700,0.0002515016822144389,0.9998853206634521
TEST_48701,0.9869287014007568,0.8494216799736023
TEST_48702,0.00017798630869947374,0.9980539083480835
TEST_48703,0.040502287447452545,0.9714293479919434
TEST_48704,0.041691821068525314,0.9149652123451233
TEST_48705,0.004240106791257858,0.9894126057624817
TEST_48706,0.030978107824921608,0.814337432384491
TEST_48707,0.03896889090538025,0.9021506309509277
TEST_48708,0.01793878711760044,0.9690120220184326
TEST_48709,0.006948508787900209,0.9983689188957214
TEST_48710,0.1380051076412201,0.9949254989624023
TEST_48711,0.005334168206900358,0.9762387871742249
TEST_48712,0.05828680470585823,0.9859793782234192
TEST_48713,0.00015215920575428754,0.9998892545700073
TEST_48714,0.002458947477862239,0.9944138526916504
TEST_48715,0.23721431195735931,0.5907894968986511
TEST_48716,0.9792642593383789,0.9364930987358093
TEST_48717,0.02004099264740944,0.9770562052726746
TEST_48718,0.016328122466802597,0.9968727231025696
TEST_48719,0.055254172533750534,0.9953235983848572
TEST_48720,0.001778715755790472,0.9923431277275085
TEST_48721,0.9686540365219116,0.9662612676620483
TEST_48722,0.028799032792448997,0.9124701023101807
TEST_48723,0.013054021634161472,0.998568058013916
TEST_48724,0.041596852242946625,0.9993878602981567
TEST_48725,0.0101034976541996,0.9988991022109985
TEST_48726,0.002511225640773773,0.9730091691017151
TEST_48727,0.08579885214567184,0.8790891766548157
TEST_48728,0.04707958549261093,0.8375067114830017
TEST_48729,0.0045798663049936295,0.9954772591590881
TEST_48730,0.0007030355627648532,0.99871826171875
TEST_48731,0.01142179500311613,0.9583868980407715
TEST_48732,0.020300080999732018,0.9994314312934875
TEST_48733,0.0002484678407199681,0.987902820110321
TEST_48734,0.10023915767669678,0.88564133644104
TEST_48735,0.23046071827411652,0.9690400958061218
TEST_48736,0.027393164113163948,0.935010552406311
TEST_48737,0.004616357386112213,0.9769127368927002
TEST_48738,0.0069704363122582436,0.8498254418373108
TEST_48739,0.006612851750105619,0.9995214939117432
TEST_48740,0.04201333224773407,0.9924195408821106
TEST_48741,0.009081942029297352,0.9961141347885132
TEST_48742,0.0158100426197052,0.7441421747207642
TEST_48743,0.002264592330902815,0.9929704070091248
TEST_48744,0.054452233016490936,0.9543800950050354
TEST_48745,0.0037634018808603287,0.997704803943634
TEST_48746,0.021245745941996574,0.9162411093711853
TEST_48747,6.20960190644837e-06,0.9997289776802063
TEST_48748,0.07041341066360474,0.5243844985961914
TEST_48749,0.004120775498449802,0.9872609376907349
TEST_48750,0.5695898532867432,0.9619746208190918
TEST_48751,0.0015657336916774511,0.9886043071746826
TEST_48752,0.004542132373899221,0.9789532423019409
TEST_48753,0.028410842642188072,0.9702991843223572
TEST_48754,0.03937235102057457,0.8937791585922241
TEST_48755,0.00265983073040843,0.9893121123313904
TEST_48756,0.9915260672569275,0.00824297871440649
TEST_48757,0.06185794249176979,0.8653144836425781
TEST_48758,0.01212517824023962,0.9834875464439392
TEST_48759,0.006683616433292627,0.9999468326568604
TEST_48760,0.03510890528559685,0.9538634419441223
TEST_48761,0.011941407807171345,0.9890646934509277
TEST_48762,0.011633223854005337,0.9791445136070251
TEST_48763,0.8187565803527832,0.9261746406555176
TEST_48764,0.0009810527553781867,0.9999951124191284
TEST_48765,0.011389423161745071,0.9550862908363342
TEST_48766,0.0045628855004906654,0.993248462677002
TEST_48767,0.02888263203203678,0.8921480178833008
TEST_48768,0.02232867293059826,0.9656673073768616
TEST_48769,0.004177405033260584,0.9985058307647705
TEST_48770,0.0033978454302996397,0.984887957572937
TEST_48771,0.04403367266058922,0.9870266318321228
TEST_48772,0.11169388145208359,0.7862945199012756
TEST_48773,0.0008587337215431035,0.9835957288742065
TEST_48774,0.031431645154953,0.9853342771530151
TEST_48775,0.03532521054148674,0.9807836413383484
TEST_48776,0.015590846538543701,0.9964172840118408
TEST_48777,0.008603712543845177,0.9908668994903564
TEST_48778,0.01472415216267109,0.9989939332008362
TEST_48779,0.008509745821356773,0.9928117394447327
TEST_48780,0.003517526900395751,0.998974084854126
TEST_48781,0.022135671228170395,0.890243411064148
TEST_48782,0.016521072015166283,0.9853362441062927
TEST_48783,0.003309599356725812,0.9953627586364746
TEST_48784,0.9994704127311707,0.022856445983052254
TEST_48785,0.13914865255355835,0.4212071895599365
TEST_48786,0.8838351964950562,0.0219784714281559
TEST_48787,0.9993378520011902,0.017061568796634674
TEST_48788,0.0005524596781469882,0.9952907562255859
TEST_48789,0.008392039686441422,0.9270546436309814
TEST_48790,0.06439642608165741,0.32125988602638245
TEST_48791,0.08927591145038605,0.895384669303894
TEST_48792,0.03139346092939377,0.9430014491081238
TEST_48793,0.004489714279770851,0.9746513962745667
TEST_48794,0.05851694941520691,0.9641746878623962
TEST_48795,0.025041406974196434,0.9795114994049072
TEST_48796,0.03678815811872482,0.9936779141426086
TEST_48797,0.3992408812046051,0.8897921442985535
TEST_48798,0.005795930977910757,0.9975201487541199
TEST_48799,0.007507130969315767,0.9994205236434937
TEST_48800,0.001838303986005485,0.9985061287879944
TEST_48801,0.06886836886405945,0.8687775135040283
TEST_48802,0.061670027673244476,0.9766232967376709
TEST_48803,0.03266040235757828,0.8723018765449524
TEST_48804,0.007239615079015493,0.9998072981834412
TEST_48805,0.007965517230331898,0.9978715181350708
TEST_48806,0.7604489326477051,0.922170102596283
TEST_48807,0.05634278059005737,0.9939601421356201
TEST_48808,0.010578096844255924,0.9444667100906372
TEST_48809,0.018481725826859474,0.9974985718727112
TEST_48810,0.011433764360845089,0.9995681643486023
TEST_48811,0.012486077845096588,0.950241208076477
TEST_48812,0.019038232043385506,0.8326229453086853
TEST_48813,0.010086357593536377,0.9877453446388245
TEST_48814,0.999184787273407,8.861461537890136e-06
TEST_48815,0.0008571183425374329,0.998416543006897
TEST_48816,0.0049139042384922504,0.999077320098877
TEST_48817,0.005913412198424339,0.9899849891662598
TEST_48818,0.010582225397229195,0.9771606922149658
TEST_48819,0.02657865174114704,0.9852525591850281
TEST_48820,0.06604123115539551,0.8810321092605591
TEST_48821,0.010543144308030605,0.9440517425537109
TEST_48822,0.04228062182664871,0.6334108114242554
TEST_48823,0.012608570978045464,0.9964697360992432
TEST_48824,0.011612671427428722,0.9562832117080688
TEST_48825,0.01235856395214796,0.956953227519989
TEST_48826,0.003960524220019579,0.9714348316192627
TEST_48827,0.0023378245532512665,0.9997369647026062
TEST_48828,0.011523135006427765,0.9990202188491821
TEST_48829,0.016516592353582382,0.9317231178283691
TEST_48830,0.036283377557992935,0.994428277015686
TEST_48831,0.007467465475201607,0.9906706809997559
TEST_48832,0.014118005521595478,0.9987816214561462
TEST_48833,0.15820789337158203,0.9704180359840393
TEST_48834,0.06572965532541275,0.9084492921829224
TEST_48835,0.06566330790519714,0.9514974355697632
TEST_48836,0.01819269172847271,0.9772959351539612
TEST_48837,0.002768851350992918,0.9878280162811279
TEST_48838,0.05743992328643799,0.9862655997276306
TEST_48839,0.9514663815498352,0.7896122932434082
TEST_48840,0.002964193932712078,0.9980237483978271
TEST_48841,0.0027187473606318235,0.9869067668914795
TEST_48842,0.014469127170741558,0.9902644157409668
TEST_48843,0.0021214494481682777,0.971447229385376
TEST_48844,0.0021130063105374575,0.998551070690155
TEST_48845,0.12073919922113419,0.7166632413864136
TEST_48846,0.7979402542114258,0.9099036455154419
TEST_48847,0.0010510925203561783,0.9964943528175354
TEST_48848,0.002144800964742899,0.6832842230796814
TEST_48849,0.002689109183847904,0.9988600015640259
TEST_48850,0.9999648332595825,0.000159328687004745
TEST_48851,0.007411186117678881,0.9993582367897034
TEST_48852,0.004287643823772669,0.9976644515991211
TEST_48853,0.01346501987427473,0.9523426294326782
TEST_48854,0.1429443210363388,0.9357359409332275
TEST_48855,0.0070417290553450584,0.9980352520942688
TEST_48856,0.1659616231918335,0.9941658973693848
TEST_48857,0.0014864886179566383,0.9999037981033325
TEST_48858,0.0037966608069837093,0.9277923107147217
TEST_48859,0.12862122058868408,0.9843313097953796
TEST_48860,0.0464930459856987,0.8797292113304138
TEST_48861,0.03708391264081001,0.9974715709686279
TEST_48862,0.00034431720268912613,0.9883549213409424
TEST_48863,0.11184389889240265,0.3922104835510254
TEST_48864,0.042016539722681046,0.8674724698066711
TEST_48865,0.009828450158238411,0.9971455931663513
TEST_48866,0.847078800201416,0.45537665486335754
TEST_48867,0.003372965147718787,0.9896795749664307
TEST_48868,6.0830214351881295e-05,0.9998736381530762
TEST_48869,0.0048025730066001415,0.9994888305664062
TEST_48870,0.002069612964987755,0.9980292916297913
TEST_48871,0.027818258851766586,0.9714174270629883
TEST_48872,0.35417237877845764,0.314439058303833
TEST_48873,0.9216165542602539,0.9277344346046448
TEST_48874,0.06560223549604416,0.8630008101463318
TEST_48875,0.031520988792181015,0.9403692483901978
TEST_48876,0.01014611218124628,0.9888879656791687
TEST_48877,0.01157354936003685,0.957243800163269
TEST_48878,0.09167858958244324,0.9935140609741211
TEST_48879,0.0008341355132870376,0.9987667798995972
TEST_48880,0.007602198515087366,0.9975257515907288
TEST_48881,0.0007295074756257236,0.9969071745872498
TEST_48882,0.011915184557437897,0.8906305432319641
TEST_48883,0.15968601405620575,0.7784371376037598
TEST_48884,0.03597535938024521,0.9716008305549622
TEST_48885,0.003596873488277197,0.9985669255256653
TEST_48886,0.07412002980709076,0.9126462340354919
TEST_48887,0.019464435055851936,0.838951051235199
TEST_48888,0.44196560978889465,0.9690122008323669
TEST_48889,0.06458382308483124,0.9900853633880615
TEST_48890,0.4743044376373291,0.893603503704071
TEST_48891,0.016548164188861847,0.9929688572883606
TEST_48892,0.0074785626493394375,0.33100977540016174
TEST_48893,0.012262020260095596,0.9915090799331665
TEST_48894,0.0341855026781559,0.9646024107933044
TEST_48895,0.004154953174293041,0.9754605889320374
TEST_48896,0.009646603837609291,0.9941996335983276
TEST_48897,0.0017605233006179333,0.999574601650238
TEST_48898,0.06700466573238373,0.981410801410675
TEST_48899,0.008755368180572987,0.9872744083404541
TEST_48900,0.007933259941637516,0.987037181854248
TEST_48901,0.011118694208562374,0.9725419282913208
TEST_48902,0.0027648741379380226,0.9992252588272095
TEST_48903,0.0064311521127820015,0.9962515234947205
TEST_48904,0.01322515495121479,0.7402616739273071
TEST_48905,0.0023494150955229998,0.9997441172599792
TEST_48906,0.007780536077916622,0.9707614779472351
TEST_48907,0.6044666767120361,0.9005900621414185
TEST_48908,0.018957113847136497,0.9738413691520691
TEST_48909,0.007776918821036816,0.9954180717468262
TEST_48910,0.0016331349033862352,0.9945546388626099
TEST_48911,0.12313991039991379,0.9611902236938477
TEST_48912,0.0045427060686051846,0.9959696531295776
TEST_48913,0.034331075847148895,0.9974905252456665
TEST_48914,0.02198326773941517,0.9527027606964111
TEST_48915,0.5247446298599243,0.41612759232521057
TEST_48916,0.007584753446280956,0.976321280002594
TEST_48917,0.01324948389083147,0.9758586883544922
TEST_48918,0.0037112266290932894,0.7558249831199646
TEST_48919,0.00010247257159790024,0.9995400905609131
TEST_48920,0.05472952127456665,0.8860849738121033
TEST_48921,0.022254161536693573,0.9623869061470032
TEST_48922,0.008807207457721233,0.9907547831535339
TEST_48923,0.3542064130306244,0.830590546131134
TEST_48924,0.006954822223633528,0.8716729283332825
TEST_48925,0.023159554228186607,0.9800925254821777
TEST_48926,0.0078707505017519,0.9696192741394043
TEST_48927,0.02688937447965145,0.9837139844894409
TEST_48928,0.011490169912576675,0.9950183629989624
TEST_48929,0.008890477940440178,0.9634674787521362
TEST_48930,0.24358858168125153,0.6309401392936707
TEST_48931,0.006878778338432312,0.9902150630950928
TEST_48932,0.00033877085661515594,0.9995208978652954
TEST_48933,0.004431519657373428,0.9883262515068054
TEST_48934,0.017265716567635536,0.8606486320495605
TEST_48935,0.02021680399775505,0.978040337562561
TEST_48936,0.0029781118500977755,0.9977625608444214
TEST_48937,0.0045824977569282055,0.9990578293800354
TEST_48938,0.11271660774946213,0.8137829899787903
TEST_48939,0.03679785877466202,0.8876403570175171
TEST_48940,0.0047312467359006405,0.9915607571601868
TEST_48941,0.007022646721452475,0.9256260991096497
TEST_48942,0.04698826000094414,0.9515437483787537
TEST_48943,0.9897200465202332,0.08804165571928024
TEST_48944,0.05979091674089432,0.9369950294494629
TEST_48945,0.009234451688826084,0.9958112239837646
TEST_48946,0.03548838570713997,0.9764338731765747
TEST_48947,0.01811847649514675,0.9120288491249084
TEST_48948,0.00846498366445303,0.9944000840187073
TEST_48949,0.8113770484924316,0.854275107383728
TEST_48950,0.013351649045944214,0.9969981908798218
TEST_48951,0.0018142176559194922,0.999861478805542
TEST_48952,0.010292988270521164,0.9923524260520935
TEST_48953,0.31193310022354126,0.9544674158096313
TEST_48954,0.0018082406604662538,0.999187171459198
TEST_48955,0.00459777656942606,0.9463405013084412
TEST_48956,0.008687562309205532,0.996705949306488
TEST_48957,0.5858528017997742,0.922188937664032
TEST_48958,0.08434433490037918,0.8918851613998413
TEST_48959,0.0069345817901194096,0.8328663110733032
TEST_48960,0.06102941930294037,0.8448660969734192
TEST_48961,0.045397598296403885,0.9847825169563293
TEST_48962,0.0012532764812931418,0.997016191482544
TEST_48963,0.8991332054138184,0.06381534039974213
TEST_48964,0.9617405533790588,0.011184568516910076
TEST_48965,0.03840658813714981,0.9799899458885193
TEST_48966,0.0007312492816708982,0.9983720183372498
TEST_48967,0.007439406588673592,0.9999901056289673
TEST_48968,0.014730572700500488,0.9977567791938782
TEST_48969,0.0007009822875261307,0.9991779923439026
TEST_48970,0.9974870681762695,0.7908847332000732
TEST_48971,0.002821468049660325,0.998357355594635
TEST_48972,0.05234988406300545,0.9329026937484741
TEST_48973,0.10349492728710175,0.9679323434829712
TEST_48974,0.0018999821040779352,0.9975702166557312
TEST_48975,0.002073331270366907,0.9997915625572205
TEST_48976,0.3840773403644562,0.6039635539054871
TEST_48977,0.003910261206328869,0.9957868456840515
TEST_48978,0.008861076086759567,0.9897894263267517
TEST_48979,0.002151171211153269,0.9998323917388916
TEST_48980,0.014099448919296265,0.6698263883590698
TEST_48981,0.08342353999614716,0.9482629299163818
TEST_48982,0.011971470899879932,0.9044173359870911
TEST_48983,0.020810473710298538,0.9961175918579102
TEST_48984,0.008019831031560898,0.9981938004493713
TEST_48985,0.08884524554014206,0.5445166826248169
TEST_48986,0.05900781601667404,0.8551889061927795
TEST_48987,0.015852248296141624,0.932567834854126
TEST_48988,0.03601014241576195,0.9830042123794556
TEST_48989,0.01616920344531536,0.8849935531616211
TEST_48990,0.015416204929351807,0.9959301352500916
TEST_48991,4.40123476437293e-05,0.9987209439277649
TEST_48992,0.004550773184746504,0.9622122645378113
TEST_48993,0.008977534249424934,0.9256704449653625
TEST_48994,0.010999063029885292,0.9581927061080933
TEST_48995,0.000410449254559353,0.9998431205749512
TEST_48996,0.0016283728182315826,0.9933891296386719
TEST_48997,0.0013543210225179791,0.918696939945221
TEST_48998,0.014504233375191689,0.9947564601898193
TEST_48999,0.9921665191650391,0.10559920966625214
TEST_49000,0.9775171279907227,0.20840851962566376
TEST_49001,0.004601844120770693,0.9978163242340088
TEST_49002,0.00114334502723068,0.9932234287261963
TEST_49003,0.8132533431053162,0.986639678478241
TEST_49004,0.003834548406302929,0.9989363551139832
TEST_49005,0.0039661037735641,0.9869509339332581
TEST_49006,0.0005243231425993145,0.999602735042572
TEST_49007,0.1437879502773285,0.9961333274841309
TEST_49008,0.001979430206120014,0.9689810872077942
TEST_49009,0.22499911487102509,0.9880018830299377
TEST_49010,0.053186703473329544,0.999091625213623
TEST_49011,0.02023499831557274,0.8051152229309082
TEST_49012,0.721232533454895,0.9634867310523987
TEST_49013,0.0010078600607812405,0.9994577765464783
TEST_49014,0.012835508212447166,0.9766234159469604
TEST_49015,0.011896672658622265,0.991399884223938
TEST_49016,0.025679772719740868,0.9844117760658264
TEST_49017,0.017673347145318985,0.9550853371620178
TEST_49018,0.009110777638852596,0.9883179068565369
TEST_49019,0.00903816893696785,0.9991915822029114
TEST_49020,0.0035003151278942823,1.0
TEST_49021,0.0006304632988758385,0.9914011359214783
TEST_49022,0.006940087769180536,0.9876318573951721
TEST_49023,0.005435033235698938,0.9966744184494019
TEST_49024,0.0013586985878646374,0.9908385872840881
TEST_49025,0.004429913125932217,0.9861293435096741
TEST_49026,0.002576066181063652,0.9879962801933289
TEST_49027,0.07412600517272949,0.9759830236434937
TEST_49028,0.8647762537002563,0.7809215784072876
TEST_49029,0.0008002925314940512,0.9988858103752136
TEST_49030,0.005150479730218649,0.9645374417304993
TEST_49031,0.9784436225891113,0.019519872963428497
TEST_49032,0.0031432511750608683,0.9989117383956909
TEST_49033,0.009896610863506794,0.9996702671051025
TEST_49034,0.028890974819660187,0.732486367225647
TEST_49035,0.09323825687170029,0.8629475831985474
TEST_49036,0.004644556902348995,0.9931702613830566
TEST_49037,0.010447812266647816,0.9994731545448303
TEST_49038,0.00016833578411024064,0.9995564818382263
TEST_49039,0.013244029134511948,0.9928053021430969
TEST_49040,0.00109001190867275,0.9902529716491699
TEST_49041,0.06127574294805527,0.927303671836853
TEST_49042,0.01950323022902012,0.9350818395614624
TEST_49043,0.14625024795532227,0.8153456449508667
TEST_49044,0.011948110535740852,0.9929341077804565
TEST_49045,0.20540063083171844,0.9351256489753723
TEST_49046,0.575020968914032,0.8421769738197327
TEST_49047,0.01359613612294197,0.9939237236976624
TEST_49048,0.0007928276318125427,0.9992995262145996
TEST_49049,0.000833837955724448,0.9996781349182129
TEST_49050,0.000590533425565809,0.9949306845664978
TEST_49051,0.00117235176730901,0.9999505281448364
TEST_49052,0.1490090936422348,0.5884290337562561
TEST_49053,0.011339069344103336,0.9873286485671997
TEST_49054,0.032390642911195755,0.9964893460273743
TEST_49055,0.04985639452934265,0.9867188334465027
TEST_49056,0.020263662561774254,0.9101735353469849
TEST_49057,0.0025564106181263924,0.996593177318573
TEST_49058,0.08136655390262604,0.879708468914032
TEST_49059,0.002539790468290448,0.9989342093467712
TEST_49060,0.01337806973606348,0.7844611406326294
TEST_49061,0.009426698088645935,0.9647224545478821
TEST_49062,0.014381815679371357,0.9913249015808105
TEST_49063,0.011255200952291489,0.9900417327880859
TEST_49064,0.042988769710063934,0.5922638773918152
TEST_49065,0.1383104771375656,0.9926500916481018
TEST_49066,0.8160713315010071,0.9840414524078369
TEST_49067,0.008134347386658192,0.9893445372581482
TEST_49068,0.0593407116830349,0.9403204321861267
TEST_49069,0.033409614115953445,0.8793335556983948
TEST_49070,0.018485520035028458,0.9984294772148132
TEST_49071,0.01569816656410694,0.999422550201416
TEST_49072,0.0028671640902757645,0.9998830556869507
TEST_49073,0.026754669845104218,0.9421338438987732
TEST_49074,0.0024334893096238375,0.9999884366989136
TEST_49075,0.8977859020233154,0.9989979863166809
TEST_49076,0.012194925919175148,0.9788490533828735
TEST_49077,0.012983187101781368,0.9981470108032227
TEST_49078,0.043150532990694046,0.9141384363174438
TEST_49079,0.016605952754616737,0.9207808375358582
TEST_49080,0.02594994381070137,0.975750744342804
TEST_49081,0.136134073138237,0.867729127407074
TEST_49082,0.032640308141708374,0.9873670339584351
TEST_49083,0.004314136691391468,0.9993788003921509
TEST_49084,0.07190334051847458,0.8532803654670715
TEST_49085,0.10582374036312103,0.9484279155731201
TEST_49086,0.2628566026687622,0.933480441570282
TEST_49087,0.008834564127027988,0.9998304843902588
TEST_49088,0.10704883933067322,0.9240755438804626
TEST_49089,0.004117016214877367,0.9974604845046997
TEST_49090,0.025297122076153755,0.9943207502365112
TEST_49091,0.008680826053023338,0.9897173643112183
TEST_49092,0.0028831115923821926,0.9991433620452881
TEST_49093,0.02444264478981495,0.9575589299201965
TEST_49094,0.001977192470803857,0.9999920129776001
TEST_49095,0.8924878835678101,0.037482209503650665
TEST_49096,0.012147673405706882,0.9752057790756226
TEST_49097,0.0005428515141829848,0.9987336993217468
TEST_49098,0.0009112981497310102,0.9768248200416565
TEST_49099,0.021587170660495758,0.963630199432373
TEST_49100,0.03132010996341705,0.9489567875862122
TEST_49101,0.00293736532330513,0.9918112754821777
TEST_49102,0.07199433445930481,0.8974189162254333
TEST_49103,0.0009250838193111122,0.9917312264442444
TEST_49104,0.0006767945014871657,0.9895185828208923
TEST_49105,0.002359110629186034,0.9997807145118713
TEST_49106,1.7693051631795242e-05,0.9999969005584717
TEST_49107,0.013723557814955711,0.9989534616470337
TEST_49108,0.07293391227722168,0.8825051188468933
TEST_49109,0.008072271011769772,0.9765666723251343
TEST_49110,0.0007059304043650627,0.9960286617279053
TEST_49111,0.0021291908342391253,0.9779700040817261
TEST_49112,0.01239662803709507,0.955371618270874
TEST_49113,0.004065235145390034,0.9987975358963013
TEST_49114,0.044201530516147614,0.9930863976478577
TEST_49115,0.0034612598828971386,0.9987898468971252
TEST_49116,0.0012356837978586555,0.9987058639526367
TEST_49117,0.0022613205946981907,0.9997829794883728
TEST_49118,0.01812686212360859,0.9838468432426453
TEST_49119,0.02558455988764763,0.8938215970993042
TEST_49120,0.31499728560447693,0.961608350276947
TEST_49121,0.026770733296871185,0.9562888741493225
TEST_49122,0.002420964650809765,0.9990571141242981
TEST_49123,0.03610406816005707,0.86885005235672
TEST_49124,0.013459286652505398,0.9853825569152832
TEST_49125,0.0007389551028609276,0.9997982382774353
TEST_49126,0.027096759527921677,0.9335514903068542
TEST_49127,0.21597956120967865,0.6673803329467773
TEST_49128,0.035013552755117416,0.9711254835128784
TEST_49129,0.20153895020484924,0.8891136646270752
TEST_49130,0.005636710673570633,0.999874472618103
TEST_49131,0.004570112098008394,0.9974223375320435
TEST_49132,0.1373327374458313,0.8340118527412415
TEST_49133,0.0015563605120405555,0.9892906546592712
TEST_49134,0.027980543673038483,0.9741358160972595
TEST_49135,0.10502617806196213,0.9902697801589966
TEST_49136,0.6127682328224182,0.6529271006584167
TEST_49137,9.037401468958706e-05,0.9995939135551453
TEST_49138,0.028245387598872185,0.9584791660308838
TEST_49139,0.004609346855431795,0.9788013100624084
TEST_49140,0.00041432553553022444,0.9998350143432617
TEST_49141,0.26154401898384094,0.9152911901473999
TEST_49142,0.00036805224954150617,0.9941972494125366
TEST_49143,0.1325179934501648,0.9961816072463989
TEST_49144,0.16400063037872314,0.949276328086853
TEST_49145,0.01024901308119297,0.8834123611450195
TEST_49146,0.22819313406944275,0.9832909107208252
TEST_49147,0.6458413004875183,0.932000994682312
TEST_49148,0.015503722243010998,0.996377170085907
TEST_49149,0.11409756541252136,0.9123355746269226
TEST_49150,0.013422122225165367,0.993619978427887
TEST_49151,0.9979771971702576,0.008968731388449669
TEST_49152,0.7038378715515137,0.4743556082248688
TEST_49153,0.1152699813246727,0.802666187286377
TEST_49154,0.010566375218331814,0.9611667990684509
TEST_49155,0.006519101560115814,0.868474006652832
TEST_49156,0.9991917014122009,0.00026375759625807405
TEST_49157,0.5976067185401917,0.8909791707992554
TEST_49158,0.006493586115539074,0.9989846348762512
TEST_49159,0.006807760335505009,0.9926716089248657
TEST_49160,0.03821037337183952,0.994379460811615
TEST_49161,0.0026270034722983837,0.9979223608970642
TEST_49162,0.05160225182771683,0.5826795697212219
TEST_49163,0.0015626238891854882,0.9737018346786499
TEST_49164,0.007539830170571804,0.9743238687515259
TEST_49165,0.04929104819893837,0.8767073154449463
TEST_49166,0.03534683585166931,0.9838454723358154
TEST_49167,0.09864811599254608,0.7085257768630981
TEST_49168,0.03510640934109688,0.8502523303031921
TEST_49169,0.011174621991813183,0.8924700617790222
TEST_49170,0.0015315958298742771,0.9948408007621765
TEST_49171,0.21345971524715424,0.9242227673530579
TEST_49172,0.0005836491473019123,0.9976529479026794
TEST_49173,0.0011301354970782995,0.9969186782836914
TEST_49174,0.9919254183769226,8.29618948046118e-05
TEST_49175,0.02976561337709427,0.389781653881073
TEST_49176,0.07229533046483994,0.9688407778739929
TEST_49177,0.0020861101802438498,0.999431312084198
TEST_49178,0.40719330310821533,0.4458235204219818
TEST_49179,0.00015882402658462524,0.9999513626098633
TEST_49180,0.007179964333772659,0.9894757270812988
TEST_49181,0.07405565679073334,0.9967549443244934
TEST_49182,0.02808322012424469,0.9996141195297241
TEST_49183,0.0349021852016449,0.9204378128051758
TEST_49184,0.03867431357502937,0.9928239583969116
TEST_49185,0.0006179213523864746,0.9999150037765503
TEST_49186,0.38333287835121155,0.78770512342453
TEST_49187,0.5703414082527161,0.6822603344917297
TEST_49188,0.9698684811592102,0.5689430832862854
TEST_49189,0.0016273421933874488,0.9887527227401733
TEST_49190,0.00867950078099966,0.8811187148094177
TEST_49191,0.002896699355915189,0.9983893632888794
TEST_49192,0.4573400914669037,0.9604501128196716
TEST_49193,0.0010038466425612569,0.9959253072738647
TEST_49194,0.005046888720244169,0.9994103908538818
TEST_49195,0.022265281528234482,0.973105788230896
TEST_49196,0.005056710448116064,0.9995054006576538
TEST_49197,0.36209994554519653,0.966684103012085
TEST_49198,0.0027806407306343317,0.9999861717224121
TEST_49199,0.0014728941023349762,0.994665265083313
TEST_49200,0.016481474041938782,0.9919887185096741
TEST_49201,0.16544760763645172,0.9026257395744324
TEST_49202,0.9992522597312927,0.002660960890352726
TEST_49203,0.004514016211032867,0.9997566342353821
TEST_49204,0.12400184571743011,0.7937576174736023
TEST_49205,0.02355116792023182,0.9830154776573181
TEST_49206,0.011958325281739235,0.9871835708618164
TEST_49207,0.18205353617668152,0.3433372378349304
TEST_49208,0.13824805617332458,0.9911999106407166
TEST_49209,0.009936986491084099,0.97612464427948
TEST_49210,0.00236615096218884,0.9934837222099304
TEST_49211,0.0719313845038414,0.9993584752082825
TEST_49212,0.051863040775060654,0.4776700437068939
TEST_49213,0.002185261342674494,0.998207688331604
TEST_49214,0.017792027443647385,0.9618654251098633
TEST_49215,0.016017111018300056,0.9986938834190369
TEST_49216,0.014009513892233372,0.9934309124946594
TEST_49217,0.055600855499506,0.9857242703437805
TEST_49218,0.09449667483568192,0.9963930249214172
TEST_49219,0.2642011046409607,0.4257000982761383
TEST_49220,0.004211114719510078,0.9840732216835022
TEST_49221,0.004464198835194111,0.9999788999557495
TEST_49222,0.04371178150177002,0.9240416288375854
TEST_49223,0.0021967366337776184,0.9966852068901062
TEST_49224,0.06928569078445435,0.9937073588371277
TEST_49225,0.0017431097803637385,0.9957721829414368
TEST_49226,0.0018988285446539521,0.9955676198005676
TEST_49227,0.04472602531313896,0.9936268329620361
TEST_49228,0.002019301289692521,0.997805655002594
TEST_49229,0.9778798222541809,0.1965433955192566
TEST_49230,0.004116320051252842,0.9824308753013611
TEST_49231,0.2044738382101059,0.9797435998916626
TEST_49232,0.028237029910087585,0.8088003396987915
TEST_49233,0.013706078752875328,0.9965316653251648
TEST_49234,0.1315823793411255,0.20546914637088776
TEST_49235,0.06038171052932739,0.9997712969779968
TEST_49236,0.011933274567127228,0.9532725811004639
TEST_49237,0.00024583243066444993,0.994236946105957
TEST_49238,0.0024541320744901896,0.9958535432815552
TEST_49239,0.001936450251378119,0.9962725639343262
TEST_49240,0.04749661311507225,0.943040668964386
TEST_49241,0.0018878801492974162,0.9985620379447937
TEST_49242,0.03752104192972183,0.9931663870811462
TEST_49243,0.0021452000364661217,0.9989023208618164
TEST_49244,0.0009067985811270773,0.999966025352478
TEST_49245,0.21695570647716522,0.9958645105361938
TEST_49246,0.14243662357330322,0.628461480140686
TEST_49247,0.015546660870313644,0.9900015592575073
TEST_49248,0.018307900056242943,0.9855581521987915
TEST_49249,0.06275422871112823,0.8717044591903687
TEST_49250,0.024389896541833878,0.0076067401096224785
TEST_49251,0.005832930561155081,0.9151962995529175
TEST_49252,0.0007026952225714922,0.9988960027694702
TEST_49253,0.021559596061706543,0.9600628018379211
TEST_49254,0.08728912472724915,0.9261487722396851
TEST_49255,0.05208124965429306,0.9546536803245544
TEST_49256,0.008032446727156639,0.6480063199996948
TEST_49257,0.03887704759836197,0.9949790835380554
TEST_49258,0.004443193785846233,0.9992184638977051
TEST_49259,0.6696107983589172,0.8695157766342163
TEST_49260,0.14699147641658783,0.7480126023292542
TEST_49261,0.060414038598537445,0.9952166080474854
TEST_49262,0.003534428309649229,0.9991834759712219
TEST_49263,0.0572635680437088,0.9905597567558289
TEST_49264,0.006164681166410446,0.99153733253479
TEST_49265,0.00011043222184525803,0.9974347949028015
TEST_49266,0.01526580099016428,0.9138462543487549
TEST_49267,0.07118582725524902,0.9199365377426147
TEST_49268,0.4189319610595703,0.9408491253852844
TEST_49269,0.0060195717960596085,0.997162401676178
TEST_49270,0.0009334533824585378,0.9817638993263245
TEST_49271,0.4532882571220398,0.95893794298172
TEST_49272,0.006650197319686413,0.9669594168663025
TEST_49273,0.00371377170085907,0.9921051263809204
TEST_49274,0.04431919381022453,0.9108039140701294
TEST_49275,0.04184863343834877,0.9999210834503174
TEST_49276,0.000309137802105397,0.9995501637458801
TEST_49277,0.10204312950372696,0.8863652944564819
TEST_49278,0.027998335659503937,0.9800395965576172
TEST_49279,0.2067638486623764,0.8285879492759705
TEST_49280,0.10865427553653717,0.8695042133331299
TEST_49281,0.00387734267860651,0.9966443777084351
TEST_49282,0.03709588572382927,0.9946222305297852
TEST_49283,0.04038744047284126,0.8871250152587891
TEST_49284,0.0006642519147135317,0.9998841285705566
TEST_49285,0.0658094510436058,0.9383301734924316
TEST_49286,0.0009539683233015239,0.9978576302528381
TEST_49287,0.002055529737845063,0.9974217414855957
TEST_49288,0.01808716356754303,0.9626571536064148
TEST_49289,0.015315751545131207,0.9582802653312683
TEST_49290,0.0029412084259092808,0.999574601650238
TEST_49291,0.06796255707740784,0.9840811491012573
TEST_49292,2.1370411559473723e-05,0.9999339580535889
TEST_49293,0.007081214804202318,0.9404506087303162
TEST_49294,0.8680640459060669,0.9544802308082581
TEST_49295,0.0030085165053606033,0.9985656142234802
TEST_49296,0.00922057218849659,0.9711745977401733
TEST_49297,0.006205348763614893,0.9952461123466492
TEST_49298,0.0012353283818811178,0.9808197617530823
TEST_49299,0.1052362397313118,0.9265936613082886
TEST_49300,0.059778425842523575,0.8741320371627808
TEST_49301,0.044590648263692856,0.9696062803268433
TEST_49302,0.03183755278587341,0.9368522763252258
TEST_49303,0.03007323108613491,0.9338074326515198
TEST_49304,0.011910941451787949,0.7839919924736023
TEST_49305,0.08704009652137756,0.9876450896263123
TEST_49306,0.04138949513435364,0.987445592880249
TEST_49307,0.0009823631262406707,0.9923593401908875
TEST_49308,0.006162499543279409,0.999243974685669
TEST_49309,0.007008745335042477,0.9825336337089539
TEST_49310,0.0048634763807058334,0.9908287525177002
TEST_49311,0.0023311390541493893,0.9985076785087585
TEST_49312,0.033800046890974045,0.3018516004085541
TEST_49313,0.013462441973388195,0.9926112294197083
TEST_49314,0.007448076736181974,0.9529164433479309
TEST_49315,0.9952763319015503,0.4964101016521454
TEST_49316,0.43034735321998596,0.3277464509010315
TEST_49317,0.0007489002891816199,0.9933799505233765
TEST_49318,0.43396294116973877,0.9963484406471252
TEST_49319,0.01695348508656025,0.8869567513465881
TEST_49320,0.007957691326737404,0.9915973544120789
TEST_49321,0.9930550456047058,0.03246432915329933
TEST_49322,0.37509989738464355,0.9544957876205444
TEST_49323,0.001447137095965445,0.9991251826286316
TEST_49324,0.05633892863988876,0.8819900155067444
TEST_49325,0.0010204978752881289,0.9878461956977844
TEST_49326,0.02171732857823372,0.9981817007064819
TEST_49327,0.008559050969779491,0.9992808699607849
TEST_49328,0.008464843966066837,0.9921615719795227
TEST_49329,0.005632069893181324,0.9959560036659241
TEST_49330,0.6300684809684753,0.857197642326355
TEST_49331,0.07406187057495117,0.8690895438194275
TEST_49332,0.022643236443400383,0.8834179043769836
TEST_49333,0.031996555626392365,0.9972255825996399
TEST_49334,0.11417068541049957,0.8989537954330444
TEST_49335,0.005758900195360184,0.7636236548423767
TEST_49336,0.016040530055761337,0.9949210286140442
TEST_49337,0.995895266532898,0.2843046486377716
TEST_49338,0.26197007298469543,0.8259639739990234
TEST_49339,0.0021241705399006605,0.967217206954956
TEST_49340,0.002661683363839984,0.9402866959571838
TEST_49341,0.016495445743203163,0.9788216352462769
TEST_49342,0.0040597268380224705,0.9010050296783447
TEST_49343,0.009241478517651558,0.9896901845932007
TEST_49344,0.61492919921875,0.9157677888870239
TEST_49345,0.18293897807598114,0.9846346974372864
TEST_49346,0.006142023019492626,0.9550405144691467
TEST_49347,0.00027784943813458085,0.9995676875114441
TEST_49348,0.007483566179871559,0.9955469369888306
TEST_49349,0.002185352612286806,0.9983870983123779
TEST_49350,0.0029210697393864393,0.9972641468048096
TEST_49351,0.005680057220160961,0.967268705368042
TEST_49352,0.008486595004796982,0.9986966252326965
TEST_49353,0.002712846966460347,0.9986410737037659
TEST_49354,0.3563051223754883,0.2752945125102997
TEST_49355,0.021465346217155457,0.9975482821464539
TEST_49356,0.0006264353287406266,0.9981946349143982
TEST_49357,0.892392098903656,0.014207778498530388
TEST_49358,0.025244561955332756,0.9924746155738831
TEST_49359,0.12005072832107544,0.9985034465789795
TEST_49360,0.009511060081422329,0.9994239807128906
TEST_49361,0.10004394501447678,0.7405282258987427
TEST_49362,0.002945670858025551,0.994873583316803
TEST_49363,0.0714351087808609,0.9623302817344666
TEST_49364,0.003705324837937951,0.999312162399292
TEST_49365,0.004334252327680588,0.9998663663864136
TEST_49366,0.023178353905677795,0.9921636581420898
TEST_49367,0.30663201212882996,0.7965724468231201
TEST_49368,0.02306443266570568,0.8630214929580688
TEST_49369,0.01316232793033123,0.8129115104675293
TEST_49370,0.18808205425739288,0.9609615206718445
TEST_49371,0.0053754993714392185,0.9966985583305359
TEST_49372,0.03978205844759941,0.9656407237052917
TEST_49373,0.03346888720989227,0.9951781034469604
TEST_49374,0.004194353707134724,0.9973867535591125
TEST_49375,0.0693989023566246,0.9915938377380371
TEST_49376,0.08285008370876312,0.9739183187484741
TEST_49377,0.9351134300231934,0.9744206666946411
TEST_49378,0.04209529981017113,0.7880752682685852
TEST_49379,0.030592074617743492,0.9155682921409607
TEST_49380,0.004929945804178715,0.9950182437896729
TEST_49381,0.051130034029483795,0.8742136359214783
TEST_49382,0.010829486884176731,0.9881116151809692
TEST_49383,0.05489351227879524,0.8961502313613892
TEST_49384,0.0015102819306775928,0.9966554641723633
TEST_49385,0.001300290459766984,0.9969791173934937
TEST_49386,0.047739427536726,0.8787004351615906
TEST_49387,0.0010131829185411334,0.9927258491516113
TEST_49388,0.9478666186332703,0.4562736749649048
TEST_49389,0.007335864473134279,0.7655745148658752
TEST_49390,0.1750546395778656,0.9359374642372131
TEST_49391,0.029294084757566452,0.9885595440864563
TEST_49392,0.3663088083267212,0.9248394966125488
TEST_49393,0.0026948328595608473,0.9929527640342712
TEST_49394,0.9890273809432983,0.1430077999830246
TEST_49395,0.002781023969873786,0.996707558631897
TEST_49396,0.01963469199836254,0.6953150629997253
TEST_49397,0.024923214688897133,0.9538341760635376
TEST_49398,0.008945501409471035,0.9819230437278748
TEST_49399,0.005029621068388224,0.9799712896347046
TEST_49400,0.03372851759195328,0.8935570120811462
TEST_49401,0.013471969403326511,0.9989885687828064
TEST_49402,0.0026159374974668026,0.9973159432411194
TEST_49403,0.0021092169918119907,0.9953657388687134
TEST_49404,0.00918035488575697,0.995940089225769
TEST_49405,0.014822162687778473,0.9962221384048462
TEST_49406,0.10535557568073273,0.9634864330291748
TEST_49407,0.031679701060056686,0.9037386775016785
TEST_49408,0.006323673762381077,0.9819357991218567
TEST_49409,0.007614173460751772,0.9973113536834717
TEST_49410,0.03624619543552399,0.9681112170219421
TEST_49411,2.0966313968528993e-05,0.9992265701293945
TEST_49412,0.9997102618217468,0.0035936145577579737
TEST_49413,0.07074836641550064,0.8491732478141785
TEST_49414,0.4573114216327667,0.9796446561813354
TEST_49415,0.03843444213271141,0.9956010580062866
TEST_49416,0.24979551136493683,0.8814083337783813
TEST_49417,0.8774936199188232,0.05060260370373726
TEST_49418,0.8139654994010925,0.8819882869720459
TEST_49419,0.04676013067364693,0.9735475778579712
TEST_49420,0.00017581615247763693,0.9999626874923706
TEST_49421,0.005111342296004295,0.9935106635093689
TEST_49422,0.03226621076464653,0.9588611125946045
TEST_49423,0.07813694328069687,0.9674230813980103
TEST_49424,0.0026699176523834467,0.9995146989822388
TEST_49425,0.009305307641625404,0.9889169931411743
TEST_49426,0.013444348238408566,0.9666500091552734
TEST_49427,0.01686556078493595,0.9543821811676025
TEST_49428,0.8795947432518005,0.0485706590116024
TEST_49429,0.00877756904810667,0.9992619156837463
TEST_49430,0.364416241645813,0.8472068309783936
TEST_49431,0.055701859295368195,0.9685910940170288
TEST_49432,0.011450818739831448,0.9209001064300537
TEST_49433,0.0008452892652712762,0.9999988079071045
TEST_49434,0.1465645432472229,0.9121825098991394
TEST_49435,0.019560907036066055,0.9346644878387451
TEST_49436,0.0007288973429240286,0.9976765513420105
TEST_49437,0.9157435297966003,0.29256299138069153
TEST_49438,0.2888190746307373,0.984015941619873
TEST_49439,0.00586566049605608,0.9963646531105042
TEST_49440,0.019289257004857063,0.938548743724823
TEST_49441,0.15010908246040344,0.7729949355125427
TEST_49442,0.0401068851351738,0.9550750851631165
TEST_49443,0.0022201016545295715,0.9966985583305359
TEST_49444,0.001060552429407835,0.9870944619178772
TEST_49445,0.008223460055887699,0.9955606460571289
TEST_49446,0.011332940310239792,0.9873051047325134
TEST_49447,0.00988924503326416,0.9875735640525818
TEST_49448,0.05024950951337814,0.8522243499755859
TEST_49449,0.0019511228892952204,0.9892666339874268
TEST_49450,0.050151269882917404,0.676720380783081
TEST_49451,0.136738121509552,0.8861675262451172
TEST_49452,0.0795755684375763,0.29996779561042786
TEST_49453,0.0006316770450212061,0.9950159192085266
TEST_49454,0.004198884591460228,0.9951171875
TEST_49455,0.008533306419849396,0.9790416359901428
TEST_49456,0.0028437788132578135,0.9613712430000305
TEST_49457,0.03292590752243996,0.9919296503067017
TEST_49458,0.06546813994646072,0.7740321159362793
TEST_49459,0.00693574408069253,0.9800910353660583
TEST_49460,0.02960357815027237,0.999731719493866
TEST_49461,0.005696649197489023,0.9993509650230408
TEST_49462,0.3771217167377472,0.45374682545661926
TEST_49463,0.0234239362180233,0.9876680970191956
TEST_49464,0.05159879848361015,0.8843515515327454
TEST_49465,0.12153662741184235,0.8309710025787354
TEST_49466,0.0006932211690582335,0.999108612537384
TEST_49467,0.022151565179228783,0.9909579753875732
TEST_49468,0.0036027058959007263,0.9993591904640198
TEST_49469,0.01467194501310587,0.9843505620956421
TEST_49470,9.206778486259282e-05,0.9998881816864014
TEST_49471,0.005197648424655199,0.9992164373397827
TEST_49472,0.052889689803123474,0.19663137197494507
TEST_49473,0.08098994195461273,0.9362346529960632
TEST_49474,0.08441538363695145,0.9795579314231873
TEST_49475,0.020800719037652016,0.9965090155601501
TEST_49476,0.047379497438669205,0.6558325886726379
TEST_49477,0.005848920904099941,0.9964140057563782
TEST_49478,0.14690633118152618,0.8654243350028992
TEST_49479,0.033535443246364594,0.9981004595756531
TEST_49480,0.005843705032020807,0.9992031455039978
TEST_49481,0.3869834542274475,0.3004159927368164
TEST_49482,0.09214110672473907,0.682985246181488
TEST_49483,0.005225117318332195,0.9975288510322571
TEST_49484,0.011739864014089108,0.995086133480072
TEST_49485,0.005749096162617207,0.9978129863739014
TEST_49486,0.0053636166267097,0.9963144659996033
TEST_49487,0.007325208280235529,0.9993725419044495
TEST_49488,0.01439626608043909,0.9396633505821228
TEST_49489,0.47923728823661804,0.9263229966163635
TEST_49490,0.27076593041419983,0.9934856295585632
TEST_49491,0.020153313875198364,0.7598443627357483
TEST_49492,0.983130693435669,0.9653149247169495
TEST_49493,0.0011593472445383668,1.0
TEST_49494,0.0005173799581825733,0.9966141581535339
TEST_49495,0.9980658888816833,0.008024581708014011
TEST_49496,0.020484741777181625,0.9858549237251282
TEST_49497,0.005823759827762842,0.9955564141273499
TEST_49498,0.026379406452178955,0.9974321722984314
TEST_49499,0.025891540572047234,0.7199589610099792
TEST_49500,0.01458653248846531,0.5259862542152405
TEST_49501,0.05344056710600853,0.9773305654525757
TEST_49502,0.006095866207033396,0.9978296160697937
TEST_49503,0.7724449634552002,0.9645745754241943
TEST_49504,0.03035568632185459,0.9201122522354126
TEST_49505,0.07344332337379456,0.8052021265029907
TEST_49506,0.06582276523113251,0.06236429139971733
TEST_49507,0.0020261371973901987,0.9958928823471069
TEST_49508,0.004647870548069477,0.7537392973899841
TEST_49509,0.005485298112034798,0.9972732663154602
TEST_49510,0.031074678525328636,0.992229163646698
TEST_49511,0.005909973755478859,0.9457677602767944
TEST_49512,0.7293873429298401,0.8283385634422302
TEST_49513,0.9999101161956787,0.00011803597590187564
TEST_49514,0.3748275637626648,0.9050193428993225
TEST_49515,0.0088778892531991,0.9861528873443604
TEST_49516,0.6752254366874695,0.9159970283508301
TEST_49517,0.0003107085358351469,0.9999701976776123
TEST_49518,0.013770675286650658,0.9777306318283081
TEST_49519,0.007094204425811768,0.9976457953453064
TEST_49520,0.08181001991033554,0.9527600407600403
TEST_49521,0.014205947518348694,0.9996852874755859
TEST_49522,0.042473018169403076,0.9378271698951721
TEST_49523,0.034675151109695435,0.9253492951393127
TEST_49524,0.6291999816894531,0.9349262714385986
TEST_49525,0.05804743245244026,0.9886777997016907
TEST_49526,0.8251163959503174,0.8464478254318237
TEST_49527,0.011825940571725368,0.987899124622345
TEST_49528,0.004561061970889568,0.996173083782196
TEST_49529,0.006768237799406052,0.9818915724754333
TEST_49530,0.013058550655841827,0.9595694541931152
TEST_49531,0.18311156332492828,0.9503958225250244
TEST_49532,0.0032231765799224377,0.9996939897537231
TEST_49533,0.021039694547653198,0.9898854494094849
TEST_49534,0.009183726273477077,0.9943583607673645
TEST_49535,0.24604462087154388,0.9327289462089539
TEST_49536,0.001720857690088451,0.999724805355072
TEST_49537,0.21535040438175201,0.7020816802978516
TEST_49538,0.058286137878894806,0.9938691854476929
TEST_49539,0.2774284780025482,0.8114752769470215
TEST_49540,0.005530143156647682,0.997747004032135
TEST_49541,0.010184100829064846,0.9922369122505188
TEST_49542,0.001334991306066513,0.9990856647491455
TEST_49543,0.04075926914811134,0.9105126857757568
TEST_49544,0.02827213704586029,0.9802360534667969
TEST_49545,0.03010900318622589,0.9985639452934265
TEST_49546,0.10143892467021942,0.9956715106964111
TEST_49547,0.011444170959293842,0.9828158020973206
TEST_49548,0.0986936017870903,0.5869112014770508
TEST_49549,0.830961287021637,0.9132179021835327
TEST_49550,0.9221437573432922,0.5314897298812866
TEST_49551,0.0189274363219738,0.9078428745269775
TEST_49552,0.5407771468162537,0.9949336647987366
TEST_49553,0.018874742090702057,0.9721079468727112
TEST_49554,0.032158371061086655,0.9981525540351868
TEST_49555,0.007082783617079258,0.9972309470176697
TEST_49556,0.08049298822879791,0.8773897886276245
TEST_49557,0.023637400940060616,0.874090313911438
TEST_49558,0.006263203453272581,0.8853238224983215
TEST_49559,0.0014240239979699254,0.9742084741592407
TEST_49560,0.019797198474407196,0.9223910570144653
TEST_49561,0.06710978597402573,0.9017862677574158
TEST_49562,0.16547319293022156,0.8843786120414734
TEST_49563,0.3310166597366333,0.8654335737228394
TEST_49564,0.012033461593091488,0.9863693714141846
TEST_49565,0.03031184710562229,0.9935355186462402
TEST_49566,0.015184108167886734,0.9551457762718201
TEST_49567,0.013380982913076878,0.9858353734016418
TEST_49568,0.2431897670030594,0.9462259411811829
TEST_49569,0.005005601327866316,0.9852495789527893
TEST_49570,0.004360220395028591,0.9982512593269348
TEST_49571,0.004437129944562912,0.9993066787719727
TEST_49572,0.05571980029344559,0.9835747480392456
TEST_49573,0.01740816980600357,0.8704482316970825
TEST_49574,0.0005676018190570176,0.9992766976356506
TEST_49575,1.6984515241347253e-05,0.9998276233673096
TEST_49576,0.005675924476236105,0.9967323541641235
TEST_49577,0.21544189751148224,0.9972334504127502
TEST_49578,0.4108861982822418,0.9720656871795654
TEST_49579,0.001921636750921607,0.995318591594696
TEST_49580,0.007130466867238283,0.9611776471138
TEST_49581,0.0034313988871872425,0.9994149208068848
TEST_49582,0.005153769161552191,0.999212384223938
TEST_49583,0.0005966306780464947,0.9998002648353577
TEST_49584,0.023431088775396347,0.9951159954071045
TEST_49585,0.0022222159896045923,0.9929171800613403
TEST_49586,0.002810146426782012,0.9994291663169861
TEST_49587,0.005423613358289003,0.999448835849762
TEST_49588,0.7830637693405151,0.8933711051940918
TEST_49589,0.010651953518390656,0.9992583394050598
TEST_49590,0.05082940682768822,0.8635545969009399
TEST_49591,0.011541240848600864,0.9286213517189026
TEST_49592,0.005250690970569849,0.989787220954895
TEST_49593,0.0021101566962897778,0.9972495436668396
TEST_49594,0.01324270199984312,0.9873494505882263
TEST_49595,0.005836437456309795,0.9984449744224548
TEST_49596,0.02907937951385975,0.939346969127655
TEST_49597,0.010061540640890598,0.9885663390159607
TEST_49598,0.04185694828629494,0.9613285660743713
TEST_49599,6.840244896011427e-05,0.9998201727867126
TEST_49600,0.013925754465162754,0.9870796799659729
TEST_49601,0.941705048084259,0.926796555519104
TEST_49602,0.0024934702087193727,0.9982393980026245
TEST_49603,0.6206114292144775,0.8019962310791016
TEST_49604,0.000504762283526361,0.9988952279090881
TEST_49605,0.0037913727574050426,0.9975469708442688
TEST_49606,0.0005882933037355542,0.999523401260376
TEST_49607,0.04024941474199295,0.9162929654121399
TEST_49608,0.00032729460508562624,0.9980814456939697
TEST_49609,0.005826808512210846,0.9367886781692505
TEST_49610,0.0003480049199424684,0.9996275901794434
TEST_49611,0.005645398050546646,0.9816768169403076
TEST_49612,0.9387110471725464,0.04753413051366806
TEST_49613,0.050067052245140076,0.9561344981193542
TEST_49614,0.004931382369250059,0.9988131523132324
TEST_49615,0.8010001182556152,0.8916845321655273
TEST_49616,0.528659999370575,0.9882303476333618
TEST_49617,0.01822778955101967,0.9278716444969177
TEST_49618,0.6472344994544983,0.38672691583633423
TEST_49619,0.02924918755888939,0.9959201812744141
TEST_49620,0.0004942836822010577,0.9983054399490356
TEST_49621,0.027895517647266388,0.9817377924919128
TEST_49622,0.019539138302206993,0.9614468216896057
TEST_49623,0.005883248522877693,0.9920107126235962
TEST_49624,0.9743165373802185,0.31334078311920166
TEST_49625,0.10402180254459381,0.9932136535644531
TEST_49626,0.00018453982193022966,0.9985381364822388
TEST_49627,0.04032740369439125,0.9367452263832092
TEST_49628,0.022716961801052094,0.9960026144981384
TEST_49629,0.005316694267094135,0.9992411136627197
TEST_49630,0.000640422513242811,0.9968351721763611
TEST_49631,0.16134747862815857,0.9720097184181213
TEST_49632,0.0035032620653510094,0.976111114025116
TEST_49633,0.012687723152339458,0.9888684749603271
TEST_49634,0.012590751051902771,0.8894529938697815
TEST_49635,0.13775449991226196,0.9626825451850891
TEST_49636,0.00551812956109643,0.9981452226638794
TEST_49637,0.024564875289797783,0.7834165096282959
TEST_49638,0.08944591134786606,0.8888623118400574
TEST_49639,0.0008840379887260497,0.9986280202865601
TEST_49640,0.0008072459022514522,0.9995843768119812
TEST_49641,0.6127585172653198,0.33591192960739136
TEST_49642,0.01665719598531723,0.9372745156288147
TEST_49643,0.01839684695005417,0.9912983179092407
TEST_49644,0.04171286150813103,0.9987751841545105
TEST_49645,0.054794713854789734,0.9851000905036926
TEST_49646,0.017185702919960022,0.9920004606246948
TEST_49647,0.000648805929813534,0.9562599658966064
TEST_49648,0.04418886825442314,0.8665059804916382
TEST_49649,0.7024673223495483,0.720670223236084
TEST_49650,0.005598912481218576,0.9995105266571045
TEST_49651,0.17574043571949005,0.29675379395484924
TEST_49652,0.013129973784089088,0.9949228167533875
TEST_49653,0.2004760205745697,0.8898605704307556
TEST_49654,0.02391688898205757,0.9547678232192993
TEST_49655,0.028800999745726585,0.901785671710968
TEST_49656,0.0005514086224138737,0.977088987827301
TEST_49657,3.1794289867548287e-08,0.9999933242797852
TEST_49658,0.09198203682899475,0.9464002847671509
TEST_49659,0.014396206475794315,0.9942508935928345
TEST_49660,0.023287011310458183,0.8572502136230469
TEST_49661,0.01210739929229021,0.9992433786392212
TEST_49662,0.0487704835832119,0.8850029706954956
TEST_49663,0.06515245884656906,0.9284844398498535
TEST_49664,0.026857838034629822,0.9976724982261658
TEST_49665,0.0007329104118980467,0.9964170455932617
TEST_49666,0.026324821636080742,0.9975864887237549
TEST_49667,0.05731401592493057,0.8931952118873596
TEST_49668,0.03358064591884613,0.9766775369644165
TEST_49669,0.006949068512767553,0.9949957132339478
TEST_49670,0.02991863526403904,0.9895247220993042
TEST_49671,0.0004939749487675726,0.9933574795722961
TEST_49672,0.00779639882966876,0.9927863478660583
TEST_49673,0.1376870572566986,0.9244908690452576
TEST_49674,0.0011616433039307594,0.9993290901184082
TEST_49675,0.03216569125652313,0.8388727903366089
TEST_49676,0.013363915495574474,0.9808288216590881
TEST_49677,0.006127628497779369,0.925613284111023
TEST_49678,0.8371568322181702,0.9887179136276245
TEST_49679,0.005731450393795967,0.7992954850196838
TEST_49680,0.007295798044651747,0.997314989566803
TEST_49681,0.019131595268845558,0.9980351328849792
TEST_49682,0.9181981682777405,0.9672127366065979
TEST_49683,0.0015870141796767712,0.9899665117263794
TEST_49684,0.006559247616678476,0.9820090532302856
TEST_49685,0.05382416397333145,0.9700685739517212
TEST_49686,0.2964188754558563,0.8119239807128906
TEST_49687,0.006627819500863552,0.9938756823539734
TEST_49688,0.016737772151827812,0.9396041035652161
TEST_49689,0.035561203956604004,0.9958581328392029
TEST_49690,0.019563188776373863,0.9964501857757568
TEST_49691,0.02181994356215,0.9945940375328064
TEST_49692,0.0022765961475670338,0.9729182124137878
TEST_49693,0.00038939647492952645,1.0
TEST_49694,0.0007046328973956406,0.9936813116073608
TEST_49695,0.060504309833049774,0.9713664650917053
TEST_49696,0.0023932538460940123,0.9907373785972595
TEST_49697,0.005062706768512726,0.9999306201934814
TEST_49698,0.0015496499836444855,0.9999423027038574
TEST_49699,0.0006111250258982182,0.9968737363815308
TEST_49700,0.0028852166142314672,0.9947408437728882
TEST_49701,0.00022852890833746642,0.9997782111167908
TEST_49702,0.0016529345884919167,0.9989105463027954
TEST_49703,0.007836137898266315,0.9948222637176514
TEST_49704,0.0010109141003340483,0.9999954700469971
TEST_49705,0.0011661379830911756,0.9914988875389099
TEST_49706,0.9601649641990662,0.3187834322452545
TEST_49707,0.00845013651996851,0.997158408164978
TEST_49708,0.004091297741979361,0.9981124401092529
TEST_49709,0.025358863174915314,0.9589092135429382
TEST_49710,0.013223973102867603,0.9925683736801147
TEST_49711,0.0035855164751410484,0.9865220189094543
TEST_49712,0.007589769084006548,0.9854252934455872
TEST_49713,0.08857044577598572,0.9160388112068176
TEST_49714,0.021015478298068047,0.9435312747955322
TEST_49715,0.0001610849576536566,0.9999897480010986
TEST_49716,0.9198595881462097,0.5810398459434509
TEST_49717,0.0005314815789461136,0.9999872446060181
TEST_49718,0.12813644111156464,0.9665460586547852
TEST_49719,0.00029683849425055087,0.9986644983291626
TEST_49720,0.02649926207959652,0.9936622381210327
TEST_49721,0.00154460861813277,0.9990484118461609
TEST_49722,0.27528002858161926,0.8730146884918213
TEST_49723,0.9784375429153442,0.3127225637435913
TEST_49724,0.06728260964155197,0.5710355043411255
TEST_49725,0.2515406310558319,0.9012893438339233
TEST_49726,0.002783440053462982,0.9958646297454834
TEST_49727,0.026355793699622154,0.9324836730957031
TEST_49728,0.015529886819422245,0.7427348494529724
TEST_49729,0.2124815434217453,0.1935921609401703
TEST_49730,0.021523676812648773,0.8995490670204163
TEST_49731,0.16367517411708832,0.7244082093238831
TEST_49732,0.006074334494769573,0.9709358215332031
TEST_49733,0.004622029140591621,0.997772753238678
TEST_49734,0.0004523874376900494,0.9846919178962708
TEST_49735,0.14410261809825897,0.8857910633087158
TEST_49736,0.16818365454673767,0.9966477751731873
TEST_49737,0.05734582617878914,0.999996542930603
TEST_49738,0.9978012442588806,0.9178727269172668
TEST_49739,0.006030126009136438,0.9857394099235535
TEST_49740,2.1636008114001015e-06,0.9999784231185913
TEST_49741,0.08007599413394928,0.9957616925239563
TEST_49742,0.009961758740246296,0.9998847246170044
TEST_49743,0.19677788019180298,0.501641571521759
TEST_49744,0.007822277955710888,0.9464290142059326
TEST_49745,0.009632164612412453,0.9178017377853394
TEST_49746,0.0021092130336910486,0.9833990335464478
TEST_49747,0.7367063164710999,0.8161624073982239
TEST_49748,0.002866260474547744,0.9995397329330444
TEST_49749,0.017753660678863525,0.9948518872261047
TEST_49750,0.004366849549114704,0.9395152926445007
TEST_49751,0.3450590670108795,0.8074235916137695
TEST_49752,0.0009789025643840432,0.9995031356811523
TEST_49753,0.0020590736530721188,0.9763228893280029
TEST_49754,0.3312218487262726,0.9706119298934937
TEST_49755,0.7550302743911743,0.8133293390274048
TEST_49756,0.028492987155914307,0.8937793374061584
TEST_49757,0.05144616216421127,0.9853353500366211
TEST_49758,0.005773098673671484,0.9979342222213745
TEST_49759,0.03270099684596062,0.9735624194145203
TEST_49760,0.0036882206331938505,0.9770709276199341
TEST_49761,0.08134612441062927,0.9871121048927307
TEST_49762,0.003973836079239845,0.9983629584312439
TEST_49763,0.015846654772758484,0.9972090125083923
TEST_49764,0.9999308586120605,0.037943072617053986
TEST_49765,0.01864032819867134,0.9841008186340332
TEST_49766,0.009407082572579384,0.9997075200080872
TEST_49767,0.09343273937702179,0.9941425919532776
TEST_49768,0.01570650190114975,0.9962878227233887
TEST_49769,0.0030223671346902847,0.9955466985702515
TEST_49770,0.026179920881986618,0.6285563707351685
TEST_49771,0.018297122791409492,0.9978824257850647
TEST_49772,0.005559808108955622,0.993235170841217
TEST_49773,0.7617378830909729,0.02845727652311325
TEST_49774,0.5485086441040039,0.820162832736969
TEST_49775,0.0016215668292716146,0.9817440509796143
TEST_49776,0.004758371505886316,0.9992082715034485
TEST_49777,0.0015107350191101432,0.9951281547546387
TEST_49778,0.10296235233545303,0.40925341844558716
TEST_49779,0.0034858034923672676,0.9149203300476074
TEST_49780,0.03807186707854271,0.8397395014762878
TEST_49781,0.02360311709344387,0.9831823110580444
TEST_49782,0.003133501159027219,0.9943174719810486
TEST_49783,0.058470457792282104,0.9930744171142578
TEST_49784,0.17775903642177582,0.8518227338790894
TEST_49785,0.0025368421338498592,0.9754035472869873
TEST_49786,0.009200485423207283,0.997911274433136
TEST_49787,0.0007254933007061481,0.999860405921936
TEST_49788,0.11398784071207047,0.12010084837675095
TEST_49789,0.014273054897785187,0.9598098993301392
TEST_49790,0.0021930565126240253,0.993586003780365
TEST_49791,0.1881314218044281,0.9323605298995972
TEST_49792,0.05482843890786171,0.9358541369438171
TEST_49793,0.14133751392364502,0.9940896034240723
TEST_49794,0.1254854053258896,0.9580549001693726
TEST_49795,0.0034749414771795273,0.9924836754798889
TEST_49796,0.03990521281957626,0.9816005229949951
TEST_49797,0.010129411704838276,0.9962009787559509
TEST_49798,0.006937264930456877,0.9815147519111633
TEST_49799,0.003911586012691259,0.9883856773376465
TEST_49800,0.0033025683369487524,0.9992417097091675
TEST_49801,0.013144372031092644,0.9620975255966187
TEST_49802,0.024727024137973785,0.9944513440132141
TEST_49803,0.024218883365392685,0.17676614224910736
TEST_49804,0.00954088382422924,0.9949624538421631
TEST_49805,0.23963041603565216,0.9532169103622437
TEST_49806,0.014042084105312824,0.9903404116630554
TEST_49807,0.1817585825920105,0.9858107566833496
TEST_49808,0.03539488837122917,0.8734708428382874
TEST_49809,0.000663871644064784,0.9994978904724121
TEST_49810,0.04175296425819397,0.8613132834434509
TEST_49811,0.06978387385606766,0.9120615124702454
TEST_49812,0.020612943917512894,0.9960044026374817
TEST_49813,0.00860549695789814,0.9970268607139587
TEST_49814,0.000738541828468442,0.9999996423721313
TEST_49815,0.001633469364605844,0.9955424666404724
TEST_49816,0.24932211637496948,0.8320623636245728
TEST_49817,0.13716349005699158,0.9154238104820251
TEST_49818,0.028712531551718712,0.6365261673927307
TEST_49819,0.006000662222504616,0.9462655186653137
TEST_49820,0.9736452102661133,0.06414143741130829
TEST_49821,0.8915970921516418,0.9927690029144287
TEST_49822,0.007030082866549492,0.9840844869613647
TEST_49823,0.031936727464199066,0.9150499701499939
TEST_49824,0.0016244211001321673,0.9780091047286987
TEST_49825,0.002262701280415058,0.954345166683197
TEST_49826,0.0037274539936333895,0.9959611296653748
TEST_49827,0.04113823547959328,0.9266799688339233
TEST_49828,0.2281486988067627,0.6916604042053223
TEST_49829,0.04775157570838928,0.4381844401359558
TEST_49830,0.008927919901907444,0.8232259154319763
TEST_49831,0.0037243261467665434,0.9964847564697266
TEST_49832,0.024205120280385017,0.9109682440757751
TEST_49833,0.002538026077672839,0.9933961033821106
TEST_49834,0.016404226422309875,0.9834523797035217
TEST_49835,0.03318723291158676,0.9114079475402832
TEST_49836,0.000594924611505121,0.9965207576751709
TEST_49837,0.007264115381985903,0.959227442741394
TEST_49838,0.011429081670939922,0.9725710153579712
TEST_49839,0.001264022896066308,0.9452747106552124
TEST_49840,0.010349898599088192,0.9922193288803101
TEST_49841,0.15504908561706543,0.9784523844718933
TEST_49842,0.02468005381524563,0.9413453340530396
TEST_49843,0.02952137216925621,0.9800177812576294
TEST_49844,0.7350607514381409,0.8402705788612366
TEST_49845,0.0005827886634506285,0.999687910079956
TEST_49846,0.2526381015777588,0.9499636292457581
TEST_49847,0.00031081875204108655,0.9999445676803589
TEST_49848,0.052221838384866714,0.9434023499488831
TEST_49849,0.5355262160301208,0.9795244336128235
TEST_49850,0.002210678532719612,0.9907135963439941
TEST_49851,0.006705266423523426,0.9753673672676086
TEST_49852,0.19502049684524536,0.9555765390396118
TEST_49853,0.0006498781149275601,0.998915433883667
TEST_49854,1.0,0.00014149984053801745
TEST_49855,0.0014531477354466915,0.9997935891151428
TEST_49856,0.0021625945810228586,0.9961768388748169
TEST_49857,0.009718663990497589,0.9937489032745361
TEST_49858,0.0038821985945105553,0.9994358420372009
TEST_49859,0.1939914971590042,0.12434016168117523
TEST_49860,0.026394609361886978,0.925773024559021
TEST_49861,0.0015098059084266424,0.9505654573440552
TEST_49862,0.10007627308368683,0.913331151008606
TEST_49863,0.0035366558004170656,0.9994749426841736
TEST_49864,0.006494349334388971,0.9907200336456299
TEST_49865,0.01033538393676281,0.9847773313522339
TEST_49866,0.027779314666986465,0.984503984451294
TEST_49867,0.8804813027381897,0.5181307792663574
TEST_49868,0.07152587175369263,0.9378600716590881
TEST_49869,0.0015846126480028033,0.9994053840637207
TEST_49870,0.0012043104507029057,0.9976401329040527
TEST_49871,0.021047409623861313,0.9923140406608582
TEST_49872,0.05146715044975281,0.8170652389526367
TEST_49873,0.030059900134801865,0.8866605162620544
TEST_49874,0.01651400700211525,0.9539080262184143
TEST_49875,0.0012309924932196736,0.9894095659255981
TEST_49876,0.014158775098621845,0.9137495160102844
TEST_49877,0.10428644716739655,0.008592124097049236
TEST_49878,0.007503528613597155,0.9998574256896973
TEST_49879,0.975864827632904,0.5977421998977661
TEST_49880,0.007259467616677284,0.998544454574585
TEST_49881,0.0004567046999000013,0.9984316229820251
TEST_49882,0.010477259755134583,0.9774258732795715
TEST_49883,0.2634773552417755,0.8582357168197632
TEST_49884,0.010951543226838112,0.9989275336265564
TEST_49885,0.008915398269891739,0.9809181690216064
TEST_49886,0.0004999022930860519,0.99952232837677
TEST_49887,0.07161818444728851,0.9413020610809326
TEST_49888,0.012826942838728428,0.9523741006851196
TEST_49889,0.05276710167527199,0.9955865144729614
TEST_49890,0.0031586948316544294,0.9826163053512573
TEST_49891,0.0036424119025468826,0.994252622127533
TEST_49892,0.004391827620565891,0.9714481234550476
TEST_49893,0.024709923192858696,0.8148322701454163
TEST_49894,0.00020229662186466157,0.9999499320983887
TEST_49895,0.0016559007344767451,0.9864391088485718
TEST_49896,0.0008745855884626508,0.9991346001625061
TEST_49897,0.0009306790889240801,0.9988180994987488
TEST_49898,0.0016997924540191889,0.9656894207000732
TEST_49899,0.11101533472537994,0.9929360747337341
TEST_49900,0.002142856828868389,0.998172402381897
TEST_49901,0.004072633571922779,0.9056646227836609
TEST_49902,0.008519604802131653,0.9998846054077148
TEST_49903,0.007809956558048725,0.9797938466072083
TEST_49904,0.9999979734420776,0.000260874250670895
TEST_49905,0.0007833096897229552,0.9988697171211243
TEST_49906,0.9948064684867859,0.03664233162999153
TEST_49907,0.10424188524484634,0.9082697629928589
TEST_49908,0.034142959862947464,0.9955520033836365
TEST_49909,0.006335447542369366,0.9639933109283447
TEST_49910,0.0185233261436224,0.9995772242546082
TEST_49911,0.01308997068554163,0.9939581155776978
TEST_49912,0.01926884986460209,0.9888534545898438
TEST_49913,0.04323853179812431,0.9478675723075867
TEST_49914,0.004194383509457111,0.9850118160247803
TEST_49915,0.9981927275657654,0.9432783126831055
TEST_49916,0.021709229797124863,0.8431609272956848
TEST_49917,0.39372798800468445,0.8312749862670898
TEST_49918,0.029025742784142494,0.9747862815856934
TEST_49919,0.014339941553771496,0.9149777889251709
TEST_49920,0.008619572967290878,0.9629963040351868
TEST_49921,0.2813393473625183,0.8420436382293701
TEST_49922,0.01098976656794548,0.8708320260047913
TEST_49923,0.0029637599363923073,0.9953638315200806
TEST_49924,0.09367982298135757,0.820580244064331
TEST_49925,0.6214996576309204,0.40472495555877686
TEST_49926,0.007048707455396652,0.980676531791687
TEST_49927,0.0573011077940464,0.943362832069397
TEST_49928,0.05112028494477272,0.8408900499343872
TEST_49929,0.43402421474456787,0.9324860572814941
TEST_49930,0.251091867685318,0.9932431578636169
TEST_49931,0.3978123664855957,0.7652064561843872
TEST_49932,0.027979791164398193,0.9726429581642151
TEST_49933,0.5629927515983582,0.9754649996757507
TEST_49934,0.023806143552064896,0.8994365930557251
TEST_49935,0.09897821396589279,0.35755401849746704
TEST_49936,0.06178988143801689,0.8816946744918823
TEST_49937,0.12474451959133148,0.9692544937133789
TEST_49938,0.08739310503005981,0.9714386463165283
TEST_49939,0.23551446199417114,0.9695377945899963
TEST_49940,0.011370780877768993,0.9948333501815796
TEST_49941,0.026277823373675346,0.44470205903053284
TEST_49942,0.002449009334668517,0.999998927116394
TEST_49943,0.004015661776065826,0.9955824017524719
TEST_49944,0.002041997853666544,0.9949249029159546
TEST_49945,0.0005836302298121154,0.9977971315383911
TEST_49946,0.050934087485075,0.8769850134849548
TEST_49947,0.002887909533455968,0.9992285966873169
TEST_49948,0.0033157728612422943,0.9967541098594666
TEST_49949,0.0009419629350304604,0.9834854006767273
TEST_49950,0.007468048483133316,0.9942646622657776
TEST_49951,0.13851286470890045,0.9224833846092224
TEST_49952,0.013550830073654652,0.9958826303482056
TEST_49953,0.00253193243406713,0.9999252557754517
TEST_49954,0.0018863568548113108,0.9830681681632996
TEST_49955,0.0026178888510912657,0.971302330493927
TEST_49956,0.0020985552109777927,0.9931140542030334
TEST_49957,0.008171232417225838,0.9898547530174255
TEST_49958,0.8151024580001831,0.10118667781352997
TEST_49959,0.07587418705224991,0.9812880754470825
TEST_49960,0.10451176762580872,0.8881596922874451
TEST_49961,0.1862727403640747,0.8854975700378418
TEST_49962,0.0062807053327560425,0.999612033367157
TEST_49963,0.03963771462440491,0.7865941524505615
TEST_49964,0.006041328422725201,0.8668007254600525
TEST_49965,0.20366519689559937,0.924805760383606
TEST_49966,0.0018785828724503517,0.9720714092254639
TEST_49967,0.9051039814949036,0.9824274182319641
TEST_49968,0.09176503121852875,0.857266366481781
TEST_49969,0.0024672294966876507,0.997574508190155
TEST_49970,0.026681765913963318,0.97237229347229
TEST_49971,0.06509386003017426,0.9075224995613098
TEST_49972,0.11053250730037689,0.965381383895874
TEST_49973,0.01425473764538765,0.9811916947364807
TEST_49974,0.33591002225875854,0.6487677097320557
TEST_49975,0.27510204911231995,0.9856117963790894
TEST_49976,0.9955117106437683,0.008700795471668243
TEST_49977,0.23842060565948486,0.9238682389259338
TEST_49978,0.022083839401602745,0.9998764991760254
TEST_49979,8.590987818024587e-06,0.9983437061309814
TEST_49980,0.0012849608901888132,0.9999268054962158
TEST_49981,0.006461707875132561,0.994474470615387
TEST_49982,0.006902782246470451,0.9474267363548279
TEST_49983,0.014343157410621643,0.7574225068092346
TEST_49984,0.11817087233066559,0.7915076613426208
TEST_49985,0.6189425587654114,0.5197374820709229
TEST_49986,0.005956939421594143,0.9979209303855896
TEST_49987,0.03281847760081291,0.9061405658721924
TEST_49988,0.0018463622545823455,0.9941693544387817
TEST_49989,0.0026433859020471573,0.9989284873008728
TEST_49990,0.0015390142798423767,0.9929110407829285
TEST_49991,0.013621777296066284,0.9879192113876343
TEST_49992,0.00866480078548193,0.9988887906074524
TEST_49993,0.011852105148136616,0.9909968376159668
TEST_49994,0.031992677599191666,0.9860792756080627
TEST_49995,0.06670434772968292,0.8836613893508911
TEST_49996,0.0029115346260368824,0.9799941778182983
TEST_49997,0.0127302510663867,0.9823085069656372
TEST_49998,0.0035883698146790266,0.989516019821167
TEST_49999,0.09106617420911789,0.9987006187438965
